id	S01	p.value_S01	S02	p.value_S02	S03	p.value_S03	S04	p.value_S04	S05	p.value_S05	S06	p.value_S06
B_SIGLEC10	-0.361498415	0.006191985	0.484472339	0.000154618	0.385515658	0.003344005	0.337929366	0.010858688	-0.102970472	0.450133983	-0.076606437	0.574684367
B_RIMS3	-0.24811466	0.065213729	0.604261631	8.17E-07	0.039171119	0.774396822	-0.212826024	0.115296935	0.470984109	0.000248786	-0.179468398	0.185668301
B_CFD	-0.262060795	0.051045198	0.677052932	1.01E-08	-0.042535598	0.755596163	-0.177363034	0.190967049	0.402915371	0.002078461	-0.113662197	0.404228122
B_TP53I3	-0.238529945	0.076662633	0.592135225	1.53E-06	0.07057365	0.605254921	-0.102811434	0.450837786	0.595797218	1.27E-06	-0.313859896	0.018492705
B_MUC1	-0.126815655	0.351664801	0.546739729	1.30E-05	-0.005762753	0.966377387	-0.145946963	0.283139405	0.465104287	0.00030425	-0.366975498	0.005401845
B_AIF1	-0.307691157	0.02106079	0.541371447	1.64E-05	0.405114546	0.00195366	0.145067181	0.286082904	0.060032286	0.660295721	-0.14200495	0.296484441
B_PRKCH	-0.500556828	8.54E-05	0.732286564	1.42E-10	0.447786217	0.00053917	0.038448517	0.778451952	0.091749749	0.5012481	-0.03258487	0.811565917
B_TRIM36	0.438764921	0.000717898	-0.66355716	2.50E-08	0.035367498	0.795806784	0.169173775	0.212605011	-0.533604842	2.29E-05	0.02379127	0.861828831
B_SNX24	-0.351772662	0.007846296	0.654335831	4.51E-08	0.133378873	0.327090171	-0.036210865	0.791046092	0.43189102	0.000888251	-0.274513706	0.040613284
B_PARVG	-0.208361492	0.123308214	0.550233061	1.12E-05	0.347456571	0.008695927	0.231694153	0.085759953	-0.197653454	0.144237409	-0.049348428	0.717964217
B_ITLN1	-0.422051922	0.001195571	0.661328682	2.89E-08	-0.072160579	0.597144865	-0.1925423	0.155113697	0.55478877	9.12E-06	-0.08438822	0.53633476
B_FKBP5	-0.325436126	0.014387473	0.421602052	0.001211667	0.284123458	0.033822563	0.283346856	0.034333778	-0.02813504	0.836919505	-0.091880101	0.500637648
B_PARM1	-0.479724343	0.000183211	0.714797582	6.10E-10	-0.074847266	0.583525204	-0.239396531	0.075566141	0.570668303	4.39E-06	-0.011062351	0.935506873
B_EMB	-0.321573736	0.0156604	0.499916606	8.75E-05	0.084879498	0.533956375	0.00454029	0.973506919	0.398856819	0.002327561	-0.152824176	0.2608188
B_LINC00261	-0.400110092	0.002247946	0.655203511	4.27E-08	-0.083000573	0.543080518	-0.250229286	0.062882416	0.639513799	1.12E-07	-0.170969263	0.207719719
B_FRMD3	-0.404579639	0.001983384	0.676307693	1.06E-08	-0.082932271	0.543413612	-0.247388604	0.066029978	0.629515116	2.02E-07	-0.119912334	0.37870495
B_FFAR4	-0.300737587	0.024311476	0.62583419	2.50E-07	-0.114167756	0.402127192	-0.114134428	0.402265496	0.622270995	3.06E-07	-0.24718681	0.066258286
B_LOC643733	-0.231821792	0.085582649	0.502844682	7.83E-05	0.103522352	0.447696409	0.211556919	0.117532646	0.36442439	0.005758135	-0.308833819	0.020563521
B_DENND2A	-0.309839292	0.020134218	0.527503033	2.95E-05	-0.127436852	0.349291356	-0.247292138	0.066139039	0.519817512	4.03E-05	-0.063250098	0.64328615
Epithelial_GAMT	0.375046795	0.004398736	-0.383737413	0.00350559	-0.317458916	0.017121248	-0.001968775	0.988510321	-0.003295217	0.980770427	-0.225339049	0.094958462
Epithelial_KCNH8	0.036947657	0.786893187	-0.375307959	0.004369221	0.105989323	0.436889768	0.222724703	0.098958392	-0.222646813	0.099079538	0.101365736	0.457263228
Epithelial_LOC284926	0.034990138	0.797939335	0.34001075	0.010350182	0.1634554	0.228699532	0.158771518	0.242495891	0.157910808	0.245091685	-0.518349341	4.27E-05
Epithelial_FAM201A	0.078124251	0.567106355	-0.228219384	0.090698541	0.014407016	0.916069513	0.037110875	0.785974008	-0.133518414	0.326579748	0.086927498	0.52409769
Epithelial_FAM111B	0.21284706	0.115260152	-0.486398822	0.000144229	-0.236927437	0.078723465	-0.086421609	0.526524483	-0.122059278	0.370165263	0.32261505	0.01530808
Epithelial_LOC283177	-0.021504511	0.874997708	-0.063787737	0.640461487	-0.319523189	0.016374486	-0.202572136	0.134317172	-0.114944266	0.398912707	0.250930034	0.062124803
Epithelial_LOC728613	-0.129259079	0.34238626	-0.161727631	0.233724002	-0.097285892	0.475662883	-0.06608521	0.628448302	-0.086484841	0.526220852	0.340979086	0.010120713
Epithelial_UPP1	0.146192068	0.282322919	-0.005714786	0.966657088	0.402214922	0.002119677	0.176912191	0.192115646	-0.070214365	0.607097694	-0.251822275	0.061170798
Epithelial_KDELR3	0.039955617	0.770001107	0.143891071	0.290049109	0.177954209	0.189468389	-0.030185616	0.825213929	0.445656319	0.000577285	-0.478050329	0.000194392
Epithelial_FGFBP1	0.106183759	0.436044288	0.101144975	0.458248783	-0.206208535	0.127319341	-0.111911983	0.411550543	0.438018262	0.000734854	-0.248587476	0.064686541
Epithelial_GNG4	0.298762808	0.025308248	-0.375894452	0.004303574	-0.060471959	0.657961244	-0.022946578	0.866689055	-0.385043797	0.003386226	0.353950887	0.007445639
Epithelial_CEACAM8	0.41497057	0.001472596	-0.55261587	1.01E-05	-0.172423582	0.203821126	0.032255295	0.813437489	-0.102803146	0.450874481	-0.061207005	0.654065705
Epithelial_CYP2B6	0.138399466	0.309042521	-0.36166683	0.006166259	-0.217958623	0.106585371	-0.044729373	0.743411968	-0.275202039	0.040092168	0.39069369	0.002910386
Epithelial_IRF7	0.043129413	0.752292146	0.133140097	0.327964743	0.328268629	0.01351129	0.526791511	3.04E-05	0.016611013	0.903286986	-0.393295095	0.002711974
Epithelial_NEU1	0.376314567	0.004257086	-0.619613982	3.55E-07	-0.17474899	0.197695442	0.083802944	0.539174953	-0.139518707	0.305108112	0.137947891	0.310639107
Epithelial_TSPAN6	0.053278888	0.696545869	-0.247686257	0.065694366	-0.331268874	0.012633577	-0.10228418	0.453175404	-0.052218249	0.702303333	0.438778482	0.000717593
Epithelial_AZGP1	0.479644744	0.000183729	-0.698874356	2.10E-09	0.011118227	0.935181813	0.125052152	0.358456661	-0.264389329	0.048944184	0.056115006	0.681234578
Epithelial_SLC19A2	0.110818777	0.416162767	-0.465004802	0.000305279	0.093922689	0.49112224	0.006700106	0.960912387	-0.29350721	0.028129792	0.321982553	0.015521262
Epithelial_GRB7	0.352515788	0.007707547	-0.551928204	1.04E-05	-0.28501561	0.033243109	0.012281654	0.928416023	-0.153388253	0.259042075	0.106050479	0.43662374
Epithelial_GALNT10	-0.031948647	0.815179794	0.283732007	0.034079448	0.305254918	0.022155076	0.036092054	0.791716313	0.245538801	0.068146577	-0.328342854	0.01348896
Epithelial_LYPLA1	0.178868741	0.187166625	-0.490687077	0.000123356	-0.129512084	0.341434285	-0.053839239	0.693510938	-0.235305824	0.080853211	0.375155103	0.004386474
Epithelial_C9orf3	-0.198529506	0.142431725	0.256570883	0.056290033	0.474309089	0.000221665	0.095921003	0.481905287	-0.070918703	0.603487438	0.03700936	0.786545667
Epithelial_PRMT3	0.25520123	0.057664308	-0.64380076	8.67E-08	-0.126074755	0.354508554	0.017388752	0.898781973	-0.353297185	0.007563963	0.406400712	0.001883811
Epithelial_MTCL1	-0.019664991	0.885615696	0.10263907	0.451601244	0.366771853	0.005429558	0.265367937	0.048082509	-0.031213163	0.819362252	-0.137141124	0.313504648
Epithelial_KAZN	-0.213890527	0.11344685	0.366189722	0.005509467	0.100539409	0.460958186	-0.214991138	0.111557994	0.16146954	0.234481025	0.031266227	0.819060327
Epithelial_MUC1	-0.166841843	0.219069504	0.51923244	4.13E-05	-0.153605455	0.258360114	-0.106560821	0.434407304	0.588297204	1.86E-06	-0.315808594	0.017738965
Epithelial_GPR161	-0.374614532	0.004447973	0.527665069	2.93E-05	0.347545217	0.008677704	-0.010637196	0.937980557	0.104535198	0.443241844	-0.087481324	0.521447344
Epithelial_MUC5AC	0.190638249	0.159316399	-0.060507534	0.6577725	0.080626331	0.554716788	-0.109490808	0.421805142	0.239108814	0.075928802	-0.173725991	0.200373937
Epithelial_TOX3	-0.390051928	0.002961271	-0.079814878	0.558720737	-0.234999143	0.081261057	-0.131607728	0.333612469	0.082066989	0.547641931	0.514637227	4.95E-05
Epithelial_MST4	0.148848642	0.273573002	-0.416496684	0.001408454	-0.021092016	0.877376858	0.196206908	0.147256221	-0.3861037	0.00329204	0.345194114	0.009172404
Epithelial_PARP12	-0.004191466	0.975541699	0.122277656	0.369303204	0.348462211	0.008491135	0.511307083	5.65E-05	-0.003108661	0.981858908	-0.158516682	0.243262478
Epithelial_MOSPD1	0.015159529	0.911702624	-0.369673954	0.005046168	0.153168229	0.259734131	0.070253189	0.606898452	-0.361375729	0.006210785	0.498661712	9.17E-05
Epithelial_ASRGL1	-0.032082022	0.814421876	0.240979199	0.073595727	-0.063968192	0.639514536	-0.083061135	0.542785254	0.573432952	3.85E-06	-0.279601152	0.036890401
Epithelial_USP18	0.082416466	0.54593226	-0.092365188	0.498369303	0.170610308	0.208690003	0.654282239	4.53E-08	-0.072773073	0.594027594	-0.237505745	0.077974766
Epithelial_RNF128	0.079582512	0.559869811	-0.448775414	0.000522255	-0.196841172	0.145926842	-0.214031088	0.113204265	-0.013416638	0.921820479	0.339644817	0.010438062
Epithelial_PXMP4	0.409102442	0.001744296	-0.668799917	1.76E-08	-0.223772108	0.097340463	0.076306199	0.576188865	-0.434082569	0.000830354	0.367601705	0.005317403
Epithelial_CEP72	0.348438304	0.008495954	-0.669966248	1.63E-08	0.13177409	0.332996388	0.240881646	0.073715987	-0.531254495	2.52E-05	0.237344995	0.078182311
Epithelial_RNF39	0.356103958	0.00706725	-0.406411693	0.001883224	-0.109393856	0.422218778	-0.132961399	0.328620234	-0.118004084	0.386393255	0.058088797	0.670653095
Epithelial_FAM122B	-0.05040454	0.712187108	-0.303720598	0.022868614	-0.123929613	0.362821411	0.15980343	0.239408621	-0.290052268	0.030124545	0.397802565	0.002396467
Epithelial_ANKH	-0.029838933	0.827190371	-0.210999193	0.118525556	-0.003648304	0.978710404	-0.211398532	0.117813972	-0.127845882	0.347733959	0.493287736	0.000112085
Epithelial_FKBP5	-0.262258136	0.05086434	0.461267227	0.00034628	0.17651865	0.193122285	-0.005643777	0.967071165	0.145316589	0.285246423	-0.03442986	0.801108305
Epithelial_ELOVL7	-0.242319281	0.07195945	0.229841233	0.088366485	-0.240874231	0.073725134	-0.079285458	0.56134039	0.183512777	0.175787502	0.266353602	0.047227182
Epithelial_S100A16	0.38458115	0.00342808	0.026019988	0.849029989	0.135825692	0.318213047	0.060810812	0.656164289	0.351132819	0.007967497	-0.551618492	1.05E-05
Epithelial_EPB41L5	0.248814013	0.064435167	-0.55903223	7.53E-06	-0.168965294	0.21317744	0.025419379	0.85247544	-0.264451108	0.048889417	0.408375727	0.001780884
Epithelial_PDZD8	-0.179207492	0.186319147	-0.032726053	0.810764498	-0.281599544	0.035507471	-0.059129955	0.665096767	0.024453389	0.85802265	0.277508381	0.038386129
Epithelial_PARD6B	0.14051016	0.301650007	-0.481590528	0.000171442	-0.074211287	0.586736448	0.059628943	0.662440127	-0.17836033	0.188443743	0.304854866	0.022339283
Epithelial_SLC19A3	-0.011329467	0.933953016	-0.109315008	0.422555348	-0.281957894	0.035264088	-0.014529691	0.915357448	-0.174047227	0.199530094	0.444448869	0.000599959
Epithelial_CELSR3	0.360533889	0.006341137	-0.680479201	7.95E-09	-0.184959094	0.172348247	0.083030889	0.542932706	-0.383083569	0.003566717	0.294015004	0.027846154
Myeloids_CLEC12A	-0.270054606	0.044125887	0.434903721	0.000809552	0.567889589	5.00E-06	0.178507187	0.188074201	-0.170234406	0.209709515	-0.201067751	0.137295244
Myeloids_WARS	0.343858204	0.00946425	-0.029423786	0.829558523	0.130211794	0.338810089	0.514661206	4.95E-05	-0.129106236	0.342962159	-0.396555796	0.002480293
Myeloids_CKAP4	-0.153092232	0.25997346	0.254732498	0.058140799	0.260843473	0.05217245	0.01511971	0.911933635	0.360106276	0.006408262	-0.147585518	0.277710603
Myeloids_LGALS1	-0.088052347	0.518721732	0.322277481	0.015421543	0.641716866	9.84E-08	0.279267015	0.037125924	-0.276680494	0.038991496	-0.020296062	0.881970714
Myeloids_EMP1	0.210711614	0.119040019	0.024739033	0.856381615	0.465286618	0.000302374	0.219237785	0.104495292	0.021542281	0.874779917	-0.321672819	0.015626581
Myeloids_COL6A3	-0.062077888	0.649462099	0.247043101	0.066421262	0.700128011	1.91E-09	0.28681004	0.032102607	-0.407767857	0.001812015	0.018808039	0.890569095
Myeloids_PRCP	-0.35023781	0.008139765	0.558568667	7.69E-06	0.490940242	0.000122215	0.026396085	0.846873898	-0.02438564	0.858411959	0.016836769	0.901978989
Myeloids_PPP4R1	-0.219460495	0.104134652	0.466518517	0.000289969	0.398805563	0.00233087	-0.056925578	0.676881583	0.11870798	0.383546556	-0.144885855	0.286692056
Myeloids_SH3BP5	-0.336293809	0.011273276	0.665539176	2.19E-08	0.427219321	0.001023969	0.182017619	0.179394912	-0.089341	0.512597135	-0.038638187	0.777386979
Myeloids_CTSL	0.106717469	0.433728242	0.17644997	0.193298347	0.538024303	1.90E-05	0.417179052	0.001380593	-0.113005787	0.406965439	-0.334308604	0.011794785
Myeloids_ARL4C	-0.128544986	0.345082051	0.344892219	0.009237665	0.692470784	3.38E-09	0.158375178	0.24368886	-0.126731797	0.351985964	-0.204160781	0.131225275
Myeloids_PCOLCE	0.043136239	0.752254195	0.212447529	0.115960279	0.665153836	2.25E-08	0.383786415	0.003501046	-0.382152452	0.003655391	-0.267396275	0.046335962
Myeloids_UPP1	-0.30514524	0.02220545	0.038037044	0.780763706	-0.473071067	0.000231431	-0.252786889	0.060152713	0.032079452	0.814436481	0.412026163	0.001603784
Myeloids_PLEK	-0.006611297	0.96143009	0.214734405	0.111996424	0.500527576	8.55E-05	0.318976312	0.016569562	-0.21317685	0.114684676	-0.23598631	0.079954024
Myeloids_HMOX1	0.114029126	0.402702657	0.151296111	0.265672956	0.423805293	0.00113465	0.239378822	0.075588424	0.050118675	0.713749266	-0.357714454	0.00679529
Myeloids_IGFBP6	-0.077301965	0.571206015	0.421492137	0.00121563	0.520337624	3.95E-05	0.232249595	0.084990484	-0.338691336	0.01067008	-0.026438023	0.846633543
Myeloids_CYBB	-0.429230335	0.000963413	0.528069155	2.88E-05	0.439933148	0.000692075	0.165496334	0.222861269	-0.043517985	0.750132496	0.06083907	0.656014524
Myeloids_COL7A1	0.21748631	0.107365193	-0.059600744	0.662590151	0.700199262	1.90E-09	0.415571655	0.001447027	-0.512095761	5.48E-05	-0.118155583	0.385779506
Myeloids_FCER1G	0.118056925	0.386179122	0.335650873	0.011439952	0.437229355	0.000753162	0.376932362	0.004189528	-0.127906573	0.347503241	-0.267944749	0.045872709
Myeloids_ISG20	0.182869133	0.177333941	0.08790246	0.519436483	0.240377837	0.074339554	0.389988751	0.002966323	0.279493664	0.036966031	-0.514488438	4.98E-05
Myeloids_EML1	-0.279601324	0.03689028	0.59061905	1.65E-06	0.592364221	1.51E-06	0.10935586	0.422380949	-0.104353428	0.444039466	-0.004475432	0.973885243
Myeloids_TFF1	0.013595269	0.920782895	0.151496896	0.265031701	0.148800827	0.273728878	0.083303545	0.541604185	0.249444792	0.063739359	-0.223108836	0.098362616
Myeloids_PDGFRL	-0.196645721	0.14633554	0.485959109	0.000146542	0.478568425	0.000190867	0.062808029	0.645612471	0.207051651	0.12573696	-0.328884918	0.013326843
Myeloids_KCNJ8	-0.140456542	0.301836373	0.250847132	0.062214047	0.556300945	8.52E-06	0.173181173	0.201810883	-0.35512879	0.007236499	0.022436816	0.869624526
Myeloids_OASL	0.291255832	0.029416652	-0.123226714	0.365570873	0.192911377	0.154308611	0.447717201	0.000540368	-0.138011762	0.310412963	-0.31591308	0.0176993
Myeloids_TFEC	-0.3130555	0.018811688	0.521067791	3.83E-05	0.416761426	0.001397585	0.35381348	0.007470375	-0.218947696	0.104966485	0.084512495	0.535732629
Myeloids_PTGFR	-0.331459003	0.012579648	0.584855846	2.21E-06	0.422041915	0.001195927	0.007080359	0.95869591	-0.180778672	0.182424436	0.062506251	0.647202466
Myeloids_TUBB6	-0.043781022	0.748671633	0.370714104	0.004914664	0.648504685	6.50E-08	0.233574916	0.083176395	-0.271116549	0.043267534	-0.054770867	0.688475702
Myeloids_IFI35	-0.238251656	0.077017414	0.053569999	0.694968581	-0.058694178	0.667420217	-0.540946825	1.68E-05	-0.137976959	0.310536175	0.298934936	0.02522002
Myeloids_RGL1	0.389207946	0.00302939	-0.608782333	6.42E-07	-0.425907475	0.001065295	-0.169929796	0.210538236	0.104656127	0.442711641	-0.078417144	0.565649399
Myeloids_BLVRA	0.057946339	0.671414722	0.315623666	0.017809351	0.287141103	0.031895793	0.332775506	0.012211631	-0.170664558	0.208543158	-0.215745596	0.110277199
Myeloids_IGFBP5	-0.226125062	0.093780816	0.380435738	0.003823999	0.592184698	1.53E-06	-0.008973769	0.94766427	-0.017319558	0.899182655	-0.036511174	0.78935271
Myeloids_PXDN	-0.145177502	0.285712704	0.249072669	0.064149111	0.689928869	4.06E-09	0.155836647	0.251424739	-0.272764854	0.041962426	0.086619317	0.5255754
Myeloids_LHFPL2	-0.036160291	0.791331366	-0.26494221	0.048455832	0.165261264	0.223528372	-0.13736176	0.312719301	-0.281863392	0.035328137	0.110082818	0.419284399
Myeloids_C9orf3	-0.062343607	0.648060052	0.172155453	0.204535981	0.514604374	4.96E-05	0.136329248	0.316405349	-0.144735058	0.287199299	-0.048052566	0.72507424
Myeloids_AHNAK2	0.095916173	0.481927451	0.172896773	0.202563877	0.499425071	8.91E-05	0.16682626	0.219113158	-0.26215323	0.050960419	-0.204378384	0.130805977
Myeloids_ANGPTL2	0.024467758	0.857940087	0.254258976	0.058625384	0.688019411	4.66E-09	0.270563222	0.043713053	-0.385571735	0.003339018	-0.14368564	0.290745559
Myeloids_LPPR4	-0.434062113	0.000830878	0.489053	0.00013096	0.590221205	1.69E-06	-0.011984092	0.930146007	-0.249065999	0.064156476	0.235987397	0.079952595
Myeloids_HLX	-0.168987427	0.213116619	0.479240986	0.000186378	0.485255003	0.000150317	0.163073079	0.229804853	-0.083188213	0.542165947	-0.099655981	0.464926346
Myeloids_FCGR1B	-0.021675417	0.874012295	0.296346215	0.02657458	0.586570188	2.03E-06	0.475527401	0.000212423	-0.35898617	0.006587042	-0.189181019	0.162588977
Myeloids_CD163	-0.291682422	0.029169109	0.597481167	1.17E-06	0.435222303	0.000801608	0.318304288	0.016811992	-0.009646915	0.943744539	-0.225328108	0.094974936
Myeloids_AIF1	-0.039042276	0.775119433	0.430351734	0.000931063	0.308374682	0.020762121	0.24625142	0.067324847	0.013553455	0.921025764	-0.230697852	0.087153856
Myeloids_RAB31	-0.003112614	0.981835844	0.276462997	0.039151835	0.722486554	3.26E-10	0.378757403	0.003995439	-0.346239316	0.00894954	-0.143991239	0.289709916
Myeloids_SOBP	-0.414564933	0.001490079	0.564323516	5.90E-06	0.523696488	3.44E-05	0.126361204	0.353407425	-0.067186174	0.622724975	0.071693798	0.599525377
Myeloids_ADAP2	0.32244888	0.015363844	-0.552890479	9.93E-06	-0.50531002	7.12E-05	-0.222751795	0.098916282	-0.016574264	0.903499932	0.120823482	0.375066469
Myeloids_SLAMF8	-0.195732126	0.148257209	0.476344423	0.000206423	0.435542581	0.000793694	0.44244737	0.000639325	-0.096503033	0.479238056	-0.170684878	0.208488171
Myeloids_TMEM45A	-0.327448587	0.013760113	0.572116457	4.10E-06	0.496545163	9.93E-05	0.143899767	0.290019653	-0.096144146	0.480881779	0.015665232	0.908769444
Myeloids_AGPAT4	0.055616698	0.68391577	0.169062745	0.212909733	0.447896419	0.000537261	0.242921052	0.071234155	-0.166205819	0.220856227	-0.073698086	0.589333535
Myeloids_PILRA	0.132941985	0.328691496	0.261305714	0.051742051	0.402688396	0.002091738	0.385637777	0.003333154	-0.240930657	0.073655549	-0.285348757	0.033028857
Myeloids_MS4A7	-0.36053445	0.00634105	0.593050029	1.46E-06	0.275047749	0.040208495	0.077987455	0.567787425	0.144617314	0.287595769	-0.051668332	0.705295016
Myeloids_PARVG	0.269258106	0.044778812	-0.545818708	1.36E-05	-0.353981959	0.007440055	-0.220912359	0.101807112	0.144746003	0.287162462	0.000298212	0.998259594
Myeloids_ADAMTS2	0.06366184	0.641122476	0.08320294	0.542094198	0.694103665	2.99E-09	0.399687727	0.002274502	-0.604676015	8.00E-07	-0.002404294	0.985968881
Myeloids_PIK3AP1	-0.203998563	0.13153851	0.462141905	0.00033626	0.276235643	0.039320021	0.361910436	0.006129213	-0.069219685	0.612212072	-0.101693043	0.455804139
Myeloids_BCAT1	-0.114409924	0.401123081	0.357411226	0.006845786	0.650433212	5.77E-08	0.174821393	0.197506842	-0.395041722	0.002585588	0.015805395	0.907956681
Myeloids_CD109	-0.273438696	0.041438294	0.554548535	9.22E-06	0.656458254	3.95E-08	0.122025318	0.370299427	-0.170175236	0.209870312	-0.000726685	0.995758979
Myeloids_PRRX1	-0.153582434	0.258432337	0.441728628	0.000654021	0.716354079	5.38E-10	0.329037698	0.013281454	-0.364998404	0.005676221	-0.112904765	0.407387668
Myeloids_FAM20C	-0.101468234	0.456806031	0.472216231	0.000238402	0.615011673	4.58E-07	0.31519024	0.017975252	-0.154383011	0.255928697	-0.205456019	0.128744359
Myeloids_FAM20A	-0.076267452	0.576383158	0.333940119	0.011893839	0.345782123	0.00904644	0.18644344	0.168869696	-0.356445939	0.007008719	-0.191107624	0.158272682
Myeloids_ASPHD2	-0.048635638	0.721872199	0.215777266	0.110223682	0.071371696	0.601170477	0.247605667	0.065785098	0.082955031	0.543302602	-0.037206124	0.785437739
Myeloids_GPX8	-0.110218296	0.418708757	0.240317874	0.074414048	0.535287116	2.13E-05	0.142384527	0.295181942	0.031822781	0.815895195	-0.107053174	0.432274991
Myeloids_PIK3R5	-0.143950913	0.28984644	0.451865494	0.000472465	0.49326366	0.000112185	0.263355342	0.049868264	-0.233477756	0.083308344	-0.131555671	0.333805393
Myeloids_FAM65C	-0.263901167	0.049378701	0.458615139	0.000378343	0.447570283	0.000542928	0.14717445	0.27906602	-0.172971753	0.202365162	0.152071614	0.263201937
Myeloids_MRGPRF	-0.307631892	0.021086856	0.689755184	4.11E-09	0.459004744	0.00037347	0.06252419	0.647107909	-0.006344139	0.962987567	-0.089594402	0.511397116
Myeloids_DDX60L	-0.273570282	0.041336574	0.447516486	0.000543867	0.408956624	0.001751583	0.050339232	0.712543891	0.176381591	0.193473748	-0.047883705	0.726002446
Myeloids_TWIST2	-0.191194391	0.158080298	0.589100595	1.79E-06	0.473245502	0.000230032	0.106973807	0.432618323	-0.210795127	0.118890443	0.04161029	0.760753276
Myeloids_IFIT3	-0.001203325	0.992977304	0.055918989	0.682288799	0.457054928	0.000398443	0.65427779	4.53E-08	-0.315634383	0.017805265	-0.115202772	0.397845929
Myeloids_MS4A14	-0.132117513	0.331726865	0.435368547	0.000797986	0.4379925	0.000735446	0.25504708	0.05782066	-0.011266423	0.93431973	-0.283234137	0.034408508
Myeloids_GBP5	-0.027823789	0.838699398	0.230311356	0.087699353	0.387806993	0.003145532	0.493485174	0.000111269	-0.273229593	0.041600359	-0.095295797	0.484779098
Myeloids_GAS2L1	-0.165575926	0.222635708	0.301219346	0.02407339	0.134164732	0.324222174	0.220031597	0.103214242	0.003333852	0.980545013	-0.101506067	0.456637342
Myeloids_PI3	0.330001843	0.012998071	-0.099905463	0.463803864	0.004934939	0.971205035	0.288203862	0.031239378	0.238367254	0.076869884	-0.417533447	0.001366319
Stromal_NREP	-0.2571412	0.055725662	0.456527107	0.000405459	0.525680072	3.18E-05	0.103620779	0.447262441	-0.310718578	0.019765046	0.161537526	0.234281449
Stromal_PRCP	0.28594047	0.03265115	-0.483303035	0.000161253	-0.425408789	0.001081393	0.012113681	0.929392554	0.041417459	0.761829311	-0.094619938	0.487895859
Stromal_COL1A2	-0.045298613	0.740260458	0.131918095	0.332463677	0.6633024	2.54E-08	0.223531847	0.097709766	-0.488353727	0.000134343	0.134144555	0.324295613
Stromal_LOXL1	-0.065032875	0.633939201	0.279747224	0.036787828	0.569389101	4.66E-06	0.295580918	0.02698653	-0.127701057	0.348284893	-0.257055477	0.055810198
Stromal_PRKAR2B	-0.502728728	7.86E-05	0.709589816	9.22E-10	0.094139699	0.490116879	0.069758994	0.609436787	0.260698127	0.052308383	-0.064869224	0.634794876
Stromal_VASH1	-0.183575388	0.175637595	0.487841285	0.000136872	0.511858151	5.53E-05	0.173995465	0.199665896	-0.242362103	0.071907644	-0.021953259	0.872410714
Stromal_MAOB	-0.382097044	0.003660729	0.729211007	1.85E-10	0.173025549	0.202222676	-0.16992897	0.210540488	0.14012869	0.302977529	0.067592401	0.620618776
Stromal_COL16A1	-0.228416256	0.09041292	0.473603266	0.000227186	0.591804764	1.56E-06	0.115770462	0.395509106	-0.081536259	0.550243212	-0.155885886	0.251273124
Stromal_LRRC17	-0.400884291	0.002199984	0.64822829	6.61E-08	0.354636861	0.007323211	-0.084692383	0.534861629	0.052690498	0.699737752	0.019031164	0.889278966
Stromal_PCDH17	-0.035532687	0.79487373	0.183750567	0.175218661	0.677138157	1.00E-08	0.039821631	0.770751353	-0.401572478	0.002158118	0.121466091	0.372513015
Stromal_FOXF1	-0.317135085	0.01724099	0.502420646	7.96E-05	0.33830869	0.010764438	0.073821277	0.588709653	0.018680897	0.891304362	0.135965578	0.317710216
Stromal_CILP	-0.507315672	6.59E-05	0.795937844	2.28E-13	0.109001682	0.423894308	-0.215438429	0.110797287	0.118301961	0.385187051	0.109932279	0.419924565
Stromal_COL6A2	0.006515686	0.961987467	0.305348546	0.02211215	0.536261505	2.05E-05	0.292001936	0.028984844	-0.193528351	0.15296967	-0.388111192	0.003119984
Stromal_RGL1	-0.373190607	0.004613617	0.614592399	4.69E-07	0.411409162	0.001632564	0.162277861	0.232115712	-0.099605052	0.465155669	0.097969023	0.472554808
Stromal_NFATC1	0.025693475	0.850902717	0.275743161	0.039686382	0.553900063	9.49E-06	0.233994402	0.082608604	-0.182300887	0.178707389	-0.250979521	0.062071579
Stromal_COL5A1	-0.140224736	0.302642932	0.307153548	0.021298249	0.430648008	0.000922681	0.178491124	0.188114596	-0.370520141	0.004938955	0.068226009	0.617339687
Stromal_C9orf3	0.153980887	0.257184205	-0.234228795	0.082292675	-0.419086099	0.001305328	-0.063932803	0.6397002	0.078316733	0.566148682	-0.077787884	0.568781719
Stromal_COL6A1	-0.143619764	0.290969122	0.376077081	0.004283311	0.715118272	5.94E-10	0.2005782	0.138274951	-0.417351104	0.001373646	-0.209074995	0.122000285
Stromal_COL3A1	-0.029374196	0.829841503	0.177835139	0.189769559	0.689005087	4.34E-09	0.126207741	0.353997086	-0.446066928	0.000569753	-0.125170046	0.358000126
Stromal_MAFB	-0.490271963	0.000125249	0.668556164	1.79E-08	0.320579554	0.016003219	0.186633032	0.168429103	0.051045531	0.708688565	0.029433992	0.829500285
Stromal_MICALL2	0.122736302	0.367496634	-0.148996256	0.273092151	-0.006324829	0.963100143	-0.173330439	0.201416473	-0.334529285	0.011735804	-0.064455097	0.636962323
Stromal_ADAP2	-0.335902873	0.011374371	0.582720659	2.45E-06	0.479875582	0.000182231	0.226752546	0.092848884	0.048345003	0.723467682	-0.12394651	0.36275547
Stromal_TRPS1	-0.204959226	0.129691702	0.522438456	3.63E-05	0.492957681	0.000113461	0.172944436	0.202437541	-0.293289932	0.028251894	-0.003530904	0.979395342
Stromal_AMOTL1	-0.330349449	0.012897184	0.674786212	1.18E-08	0.586934205	1.99E-06	0.056267474	0.680414992	-0.164284349	0.226315621	-0.023798268	0.861788592
Stromal_STAT2	-0.354965388	0.007265202	0.608790757	6.42E-07	0.406838524	0.001860547	0.156308626	0.249973982	-0.002634066	0.984628121	-0.016913027	0.901537224
Stromal_GPSM1	-0.217214375	0.107816165	0.438528851	0.00072322	0.501107583	8.36E-05	0.048613875	0.721991627	-0.266379305	0.047205045	0.018116951	0.894566792
Stromal_MRVI1	-0.464665651	0.000308808	0.776040487	2.13E-12	0.498320711	9.29E-05	0.092488007	0.497795823	-0.125815062	0.355508649	0.042881451	0.753671287
Stromal_ZNF521	-0.301689876	0.023842752	0.531220372	2.53E-05	0.593774002	1.41E-06	0.068166535	0.61764717	-0.175607825	0.195466515	0.029850282	0.827125652
Stromal_SFMBT2	-0.464043288	0.000315381	0.70290952	1.55E-09	0.380138151	0.003853915	0.118745378	0.383395663	0.067714668	0.619985436	-0.026842533	0.844315941
Stromal_SHANK3	-0.27361837	0.041299452	0.423189093	0.001155734	0.315247103	0.017953413	0.056220656	0.680666618	-0.262517183	0.050627721	0.044864877	0.742661392
Stromal_PAPPA	-0.115086827	0.398324195	0.38551009	0.0033445	0.605395563	7.70E-07	0.096487209	0.479310465	-0.17375648	0.20029374	-0.082971426	0.54322265
Stromal_ALPK2	-0.045682565	0.738137154	0.460264774	0.000358097	0.417207304	0.00137945	0.245903384	0.067725176	-0.099898307	0.463836041	-0.263200488	0.050007874
Stromal_RUNX1T1	-0.449550198	0.000509344	0.741949431	6.04E-11	0.474920458	0.000216982	0.101778646	0.455422958	-0.041378303	0.762047866	0.019639858	0.885760912
Stromal_ARL10	-0.270636541	0.043653804	0.331556489	0.012552073	0.41279358	0.001568621	0.088243941	0.517808822	-0.350087269	0.008169056	0.346931644	0.008804518
Stromal_CD84	-0.366123179	0.005518667	0.627967445	2.21E-07	0.258048471	0.054837299	0.238566179	0.076616534	-0.04649181	0.733668297	-0.001954406	0.988594172
T_QPRT	0.162099054	0.232637515	-0.398120221	0.002375517	-0.201817192	0.135805528	0.026577777	0.845832687	0.01228384	0.928403314	0.239784787	0.075078934
T_OAS2	0.194905463	0.150012115	-0.051852013	0.704295251	0.146498747	0.281303505	0.703327005	1.50E-09	-0.188801123	0.163450171	-0.23847559	0.076731827
T_PLAG1	-0.186871538	0.167876032	0.060148144	0.65968025	0.032335269	0.812983242	0.016236489	0.905457487	-0.187709276	0.165943902	0.387385204	0.003181264
T_FMR1	0.010442627	0.939112815	-0.331672773	0.012519249	0.164485745	0.225739052	0.190594676	0.159413545	-0.46875426	0.000268632	0.418274784	0.001336886
T_MST4	0.046984308	0.730952871	-0.331727873	0.012503722	-0.01126236	0.934343368	0.194970025	0.149874505	-0.363374197	0.005910686	0.376421624	0.004245311
