id	S01_Fib	p.value_S01_Fib	S02_Fib	p.value_S02_Fib	S03_Fib	p.value_S03_Fib	S04_Fib	p.value_S04_Fib	S05_Fib	p.value_S05_Fib	S06_Fib	p.value_S06_Fib	S07_Fib	p.value_S07_Fib	S08_Fib	p.value_S08_Fib	S01_End	p.value_S01_End	S02_End	p.value_S02_End	S03_End	p.value_S03_End	S04_End	p.value_S04_End	S05_End	p.value_S05_End
B_SIGLEC10	-0.423057664	0.001160277	0.445325007	0.000583428	0.352449457	0.007719845	0.094692914	0.487558821	-0.295068158	0.027265529	-0.446897914	0.00055478	0.746439338	4.01E-11	-0.102078051	0.454091099	0.26287062	0.050306331	0.569936165	4.54E-06	0.501567183	8.22E-05	-0.645339454	7.90E-08	-0.455379272	0.000421104
B_RIMS3	-0.214103301	0.113079792	0.644852996	8.14E-08	0.010371755	0.939525271	0.266492283	0.047107843	-0.14037918	0.302105394	-0.361695423	0.006161901	0.34028959	0.010283648	-0.423729876	0.001137212	0.669854709	1.64E-08	0.276084132	0.039432433	0.270272131	0.043948936	-0.385388947	0.003355296	-0.311692625	0.01936281
B_CFD	-0.202103416	0.135239793	0.673276074	1.31E-08	0.019492163	0.886614345	0.206639183	0.126509219	-0.063113942	0.644002291	-0.34541129	0.009125704	0.373214797	0.004610758	-0.43218519	0.000880273	0.734991052	1.12E-10	0.267600678	0.046162873	0.256507669	0.056352871	-0.383854889	0.003494706	-0.314953626	0.018066375
B_TP53I3	-0.213815632	0.113576268	0.629195398	2.06E-07	-0.028459917	0.835062558	0.268529374	0.045383103	-0.171259966	0.206936259	-0.422923467	0.001164931	0.449876693	0.00050399	-0.407874512	0.001806518	0.608234318	6.61E-07	0.275471774	0.039889469	0.347942486	0.008596444	-0.46352883	0.000320911	-0.292594795	0.028645518
B_MUC1	-0.097109557	0.476466932	0.619368392	3.60E-07	0.018560948	0.89199812	-0.05322275	0.69685018	0.096152716	0.480842493	-0.207547416	0.124813473	0.295258685	0.02716158	-0.279241118	0.03714423	0.629473696	2.03E-07	0.177272923	0.191196228	0.319727251	0.0163022	-0.326984187	0.01390276	-0.107227447	0.431521654
B_AIF1	-0.261692632	0.05138401	0.634831779	1.48E-07	0.379382905	0.003930768	0.056497933	0.679176857	-0.00166757	0.990268044	-0.333743557	0.01194697	0.682098171	7.10E-09	-0.160644482	0.236912372	0.525598984	3.19E-05	0.427422283	0.001017706	0.60322534	8.63E-07	-0.494444112	0.000107383	-0.35679981	0.0069486
B_PRKCH	-0.543931335	1.47E-05	0.712368656	7.40E-10	0.394056388	0.002656228	0.294752565	0.027438447	-0.206311063	0.127126114	-0.611707494	5.48E-07	0.752007888	2.38E-11	-0.365844876	0.005557289	0.593776271	1.41E-06	0.645583614	7.78E-08	0.526801554	3.03E-05	-0.747537772	3.62E-11	-0.645186114	7.97E-08
B_TRIM36	0.391904361	0.0028165	-0.603715454	8.41E-07	0.020443682	0.881118429	-0.507959324	6.43E-05	0.227667624	0.091502791	0.585202813	2.17E-06	-0.310474483	0.01986695	0.54838317	1.21E-05	-0.640930991	1.03E-07	-0.407267392	0.001838008	-0.091223392	0.503716984	0.537355672	1.95E-05	0.464573776	0.00030977
B_SNX24	-0.245039585	0.068726988	0.639166081	1.15E-07	0.160045504	0.238688302	0.226209558	0.093654901	-0.080683445	0.554435483	-0.442725508	0.000633718	0.463268363	0.000323744	-0.437553434	0.000745592	0.632188816	1.73E-07	0.411874986	0.001610793	0.273091454	0.041707711	-0.492641814	0.000114793	-0.382027373	0.00366745
B_PARVG	-0.194697023	0.150457028	0.562368147	6.46E-06	0.418333729	0.001334571	-0.102715768	0.451261434	-0.118378948	0.384875673	-0.219565532	0.103964896	0.814982118	2.10E-14	-0.13441465	0.323313446	0.472368332	0.000237148	0.442596553	0.000636312	0.673542083	1.28E-08	-0.494109183	0.000108726	-0.30633155	0.0216657
B_ITLN1	-0.273922732	0.041065132	0.601119818	9.64E-07	-0.079320003	0.561169278	0.290811241	0.029676508	-0.124714759	0.359765155	-0.503273027	7.70E-05	0.388228395	0.003110189	-0.528647116	2.81E-05	0.620232849	3.43E-07	0.272556171	0.042125847	0.244706871	0.069116004	-0.459605435	0.000366068	-0.409652054	0.001717071
B_FKBP5	-0.120458809	0.37652019	0.384235882	0.003459613	0.233748043	0.08294169	-0.032086464	0.81439664	-0.240560689	0.074112754	-0.149134525	0.272642252	0.474196991	0.000222534	-0.144789308	0.287016749	0.284005877	0.033899555	0.460756045	0.000352261	0.223134491	0.098322926	-0.42463721	0.001106733	-0.277394713	0.038468783
B_PARM1	-0.305096438	0.022227895	0.674878181	1.17E-08	-0.134389283	0.323405608	0.382123447	0.003658184	-0.155388334	0.252808025	-0.487984803	0.000136159	0.360762481	0.006305507	-0.577536748	3.16E-06	0.714292783	6.35E-10	0.330894497	0.01274035	0.166784878	0.219229119	-0.51343136	5.20E-05	-0.434159829	0.000828376
B_EMB	-0.347962402	0.008592388	0.392537398	0.002768486	0.043145277	0.752203938	0.280599416	0.036194109	-0.071850132	0.598727629	-0.456746294	0.000402532	0.441434515	0.000660122	-0.431017526	0.000912322	0.344110019	0.009408631	0.376306505	0.004257974	0.263131526	0.05007015	-0.462230998	0.000335254	-0.46499966	0.000305332
B_LINC00261	-0.285230848	0.033104555	0.635613829	1.42E-07	-0.096467192	0.479402072	0.295564721	0.026995306	-0.076553175	0.574951134	-0.471263575	0.000246395	0.346537697	0.008886786	-0.564366702	5.89E-06	0.636741332	1.33E-07	0.214016635	0.11322919	0.207529573	0.12484662	-0.374572868	0.004452745	-0.38266074	0.003606746
B_FRMD3	-0.354236864	0.007394384	0.638892799	1.17E-07	-0.099874138	0.463944722	0.350967726	0.007999033	-0.223503372	0.097753607	-0.551083718	1.08E-05	0.317436222	0.017129616	-0.577705362	3.13E-06	0.657502266	3.69E-08	0.298479355	0.025454104	0.128684363	0.344554854	-0.487450798	0.000138829	-0.425961683	0.001063558
B_FFAR4	-0.20868201	0.122719359	0.590742081	1.64E-06	-0.08954175	0.511646336	0.23522569	0.080959622	-0.155939719	0.251107431	-0.407396074	0.001831293	0.323373542	0.015055739	-0.49773789	9.50E-05	0.628680424	2.12E-07	0.282587342	0.034839933	0.156592038	0.249105576	-0.443005279	0.000628124	-0.31179297	0.01932177
B_LOC643733	-0.273451498	0.041428389	0.485371451	0.000149687	-0.007415532	0.956742461	0.305135968	0.022209713	-0.039834166	0.770681159	-0.362324976	0.00606662	0.520018928	4.00E-05	-0.323865607	0.014893946	0.483102471	0.000162417	0.298447098	0.025470746	0.380321972	0.003835412	-0.440246113	0.000685302	-0.362917216	0.005978165
B_DENND2A	-0.131086211	0.335548405	0.532975106	2.35E-05	-0.219883857	0.103451741	0.360464077	0.006352054	-0.035562646	0.794704538	-0.254993429	0.057875157	0.310479819	0.019864718	-0.559022976	7.53E-06	0.619441701	3.58E-07	0.127402998	0.349420449	0.183817621	0.175058495	-0.260305989	0.052676563	-0.262500258	0.050643153
Epithelial_GAMT	0.631120159	1.84E-07	-0.364553284	0.005739652	-0.28263234	0.034809774	-0.620031714	3.47E-07	0.406895785	0.001857524	0.727760087	2.09E-10	-0.230907684	0.086858817	0.286513402	0.032288864	-0.243906719	0.070058758	-0.623115492	2.92E-07	0.152770897	0.26098704	0.614075111	4.82E-07	0.702631464	1.58E-09
Epithelial_KCNH8	0.015500892	0.90972252	-0.368065918	0.005255555	0.014654208	0.914634764	0.021801973	0.873282717	0.156125623	0.250535816	0.071720244	0.599390391	-0.170994328	0.207652084	0.267293178	0.046423466	-0.425943024	0.001064155	-0.046230284	0.735111561	-0.163931203	0.227329089	0.184972247	0.172317196	0.031708837	0.816542961
Epithelial_LOC284926	0.18391465	0.17482692	0.43935509	0.000704746	0.242031252	0.072308675	-0.298904943	0.025235375	0.137312353	0.312895056	0.016395477	0.904536014	0.407967821	0.001801721	-0.061773289	0.651070787	0.341843102	0.009919694	0.230374096	0.087610621	0.456785676	0.000402008	-0.229758744	0.088483951	0.085722949	0.529885162
Epithelial_FAM201A	0.168216333	0.215242799	-0.225383214	0.094891988	-0.045023807	0.741781352	0.024033578	0.860435563	-0.031580805	0.817270962	0.149966706	0.269944915	-0.236923021	0.078729204	0.130405479	0.338085919	-0.192198076	0.155867361	0.004261089	0.975135559	-0.238597245	0.076577029	0.118202422	0.385589871	0.135949186	0.317769115
Epithelial_FAM111B	0.141961547	0.296633611	-0.571558616	4.21E-06	-0.206608477	0.126566852	0.197902557	0.143722242	-0.118148161	0.38580956	0.304108819	0.022686262	-0.464496144	0.000310586	0.073654692	0.589553374	-0.512398608	5.41E-05	-0.262213887	0.050904847	-0.463821876	0.00031775	0.402232792	0.002118617	0.241982128	0.07236837
Epithelial_LOC283177	0.180902513	0.182119965	-0.222060483	0.099995175	-0.134832113	0.321799104	-0.245563554	0.0681179	0.22303551	0.098476126	0.27394689	0.041046581	-0.243937475	0.070022332	-0.023392098	0.864124984	-0.108364985	0.426622578	-0.279157294	0.037203534	-0.126691282	0.352141192	0.350254972	0.008136431	0.302511092	0.023444683
Epithelial_LOC728613	-0.154197755	0.256506587	-0.278774847	0.037475103	-0.155064696	0.25380982	0.381609154	0.003708027	-0.14858829	0.274422464	-0.068461077	0.616125028	-0.191974391	0.156358554	-0.098061899	0.472133084	-0.246877106	0.066609912	0.005844809	0.965898915	-0.335822966	0.011395131	0.075134301	0.582078493	-0.110525879	0.417403518
Epithelial_UPP1	0.127429205	0.349320513	0.165420889	0.223075223	0.293311016	0.028240026	-0.197281957	0.145008255	0.010967121	0.936060901	0.095895638	0.482021705	0.196126672	0.147425031	0.155320267	0.2530185	0.056681412	0.678191728	0.225679186	0.094447446	0.209491659	0.121241383	-0.132731353	0.329465287	0.047694612	0.727042328
Epithelial_KDELR3	-0.019778491	0.884959961	0.209640141	0.12097181	0.002558189	0.985070872	0.048058618	0.72504098	-0.233685926	0.083025841	-0.158855421	0.242243857	0.159952257	0.238965594	-0.108377818	0.426567492	0.127405117	0.349412368	0.14400593	0.289660192	0.143707844	0.290670228	-0.227198057	0.092191614	-0.124280046	0.361455367
Epithelial_FGFBP1	0.166826777	0.21911171	0.152929795	0.260485499	-0.226310398	0.093504802	-0.071886712	0.598541035	-0.091940854	0.500353267	-0.00633304	0.96305227	0.008420065	0.950889419	-0.089558662	0.51156628	0.217054701	0.108081643	-0.10094943	0.459122734	0.019624745	0.885848237	-0.075139249	0.582053565	0.14940767	0.271754941
Epithelial_GNG4	0.263550148	0.049693086	-0.36282136	0.005992405	-0.08198222	0.548057016	-0.164283208	0.22631889	0.011843406	0.930964044	0.322077132	0.015489224	-0.328319268	0.013496052	0.439310757	0.000705726	-0.362418172	0.006052625	-0.122350549	0.369015729	-0.236277162	0.079572112	0.241275591	0.073231301	0.270331727	0.043900558
Epithelial_CEACAM8	0.3204381	0.016052513	-0.522693667	3.59E-05	-0.215732935	0.1102986	-0.185864723	0.170219773	0.184360077	0.173766692	0.431873684	0.000888723	-0.444253483	0.000603703	0.295367965	0.027102109	-0.501083454	8.37E-05	-0.345041821	0.009205275	-0.230880787	0.086896592	0.46339908	0.000322319	0.44631382	0.000565267
Epithelial_CYP2B6	0.020371375	0.881535876	-0.44254153	0.000637422	-0.131450383	0.334195813	0.006446473	0.962390962	-0.0931405	0.494754877	0.097181317	0.476139633	-0.321553811	0.015667209	0.219824793	0.103546807	-0.420950762	0.001235315	-0.168409053	0.214710016	-0.30350912	0.022968467	0.218779703	0.105240106	0.139780682	0.304191891
Epithelial_IRF7	-0.054634951	0.689209468	0.182890225	0.177283109	0.292568559	0.028660464	-0.30823073	0.020824721	0.032498939	0.812053795	-0.087088885	0.523324674	0.34991879	0.008201947	0.201660087	0.136116807	0.067975472	0.618635402	0.281550497	0.03554089	0.342936007	0.009670381	-0.285524424	0.032916347	-0.058196858	0.670075586
Epithelial_NEU1	0.471869607	0.000241282	-0.523438301	3.48E-05	-0.311812183	0.019313921	-0.281232848	0.035757961	0.436804965	0.00076318	0.581664646	2.58E-06	-0.412560532	0.001579226	0.514374848	5.01E-05	-0.503707875	7.58E-05	-0.485295137	0.0001501	-0.115752035	0.39558483	0.531365675	2.51E-05	0.552860699	9.94E-06
Epithelial_TSPAN6	0.129679347	0.340805835	-0.237024963	0.078596806	-0.407179346	0.001842615	0.20512471	0.129375554	0.212086386	0.116595927	0.242876089	0.071288146	-0.254847941	0.05802315	0.047890504	0.725965065	-0.180359647	0.183457348	-0.246128143	0.067466429	-0.240204262	0.074555356	0.297689061	0.025864499	0.152508645	0.261816218
Epithelial_AZGP1	0.254482447	0.058396287	-0.623038373	2.93E-07	-0.095708405	0.482881499	-0.236135431	0.079758036	0.230396547	0.087578887	0.409560986	0.001721556	-0.489108557	0.000130694	0.614606431	4.68E-07	-0.646627894	7.30E-08	-0.307681546	0.021065015	-0.259379906	0.053554424	0.466774161	0.000287453	0.395866102	0.002527775
Epithelial_SLC19A2	-0.192269936	0.155709802	-0.463730564	0.000318732	0.005269206	0.969255523	0.238108331	0.07720064	-0.053877963	0.693301377	0.008338047	0.951367212	-0.429959878	0.000942254	0.245303059	0.068420171	-0.54623802	1.33E-05	-0.002273908	0.986729727	-0.476616414	0.00020446	0.19403587	0.15187472	-0.031553683	0.817425196
Epithelial_GRB7	0.329458813	0.013157033	-0.534098845	2.24E-05	-0.254073055	0.058816537	-0.353513285	0.007524667	0.441680525	0.000655015	0.472912231	0.000232712	-0.415296658	0.001458675	0.46411158	0.000314654	-0.443278	0.000622713	-0.580051924	2.80E-06	-0.154387755	0.255913913	0.630808564	1.88E-07	0.462667812	0.000330363
Epithelial_GALNT10	-0.031914849	0.815371881	0.392135996	0.002798846	0.271327611	0.043098579	0.001338212	0.992190113	-0.059082115	0.665351686	-0.22055179	0.102381362	0.286447664	0.032330262	-0.085445488	0.531222732	0.364864232	0.005695275	0.280009983	0.036603911	0.26317429	0.050031524	-0.324567511	0.014665735	-0.199307155	0.140843042
Epithelial_LYPLA1	0.008527692	0.950262462	-0.54686687	1.30E-05	-0.119019407	0.382291077	0.179818175	0.184798324	0.026682953	0.845230081	0.248543154	0.064735815	-0.494169165	0.000108485	0.170678866	0.20850444	-0.533778388	2.27E-05	-0.171568845	0.206106099	-0.485230029	0.000150453	0.388803089	0.003062557	0.181007158	0.181862978
Epithelial_C9orf3	-0.455155741	0.000424214	0.290931527	0.029606014	0.403878333	0.002022965	0.340416476	0.010253494	-0.251761766	0.061235121	-0.502790835	7.85E-05	0.293820487	0.027954521	-0.082436405	0.545834793	0.116503766	0.392502517	0.53453523	2.20E-05	0.085094252	0.532918336	-0.485124291	0.000151028	-0.513343867	5.21E-05
Epithelial_PRMT3	0.055755779	0.683167037	-0.65506805	4.31E-08	-0.143636232	0.290913224	0.151161026	0.266104968	0.008330131	0.951413328	0.244208329	0.069702198	-0.549376981	1.16E-05	0.323836008	0.014903636	-0.638515921	1.19E-07	-0.259536906	0.053404769	-0.549365725	1.16E-05	0.434498356	0.000819761	0.183956139	0.17472797
Epithelial_MTCL1	-0.361704919	0.006160454	0.141317395	0.298853246	0.339373355	0.010503671	0.210449128	0.119511075	-0.210081641	0.120172949	-0.376590362	0.004226809	0.116547184	0.392324924	-0.032022772	0.814758547	0.015559808	0.909380827	0.409387588	0.001730123	-0.048357967	0.723396488	-0.298414124	0.025487769	-0.442416805	0.000639943
Epithelial_KAZN	-0.176393427	0.193443381	0.399471232	0.002288222	0.08815684	0.518223744	-0.19494575	0.149926235	0.175083936	0.19682402	-0.183196464	0.17654626	0.126951172	0.351146179	-0.031497644	0.817743902	0.360868126	0.0062891	0.170266227	0.209623074	0.158354364	0.243751619	-0.254334377	0.058548003	-0.158525487	0.243235965
Epithelial_MUC1	-0.238241055	0.077030955	0.523716336	3.44E-05	-0.096036341	0.481376112	0.166180793	0.220926738	-0.003358586	0.980400703	-0.366545391	0.005460523	0.254725732	0.0581477	-0.41238454	0.001587276	0.546051832	1.34E-05	0.152558498	0.26165846	0.188013323	0.165246694	-0.317747618	0.017015093	-0.174102809	0.199384344
Epithelial_GPR161	-0.259541289	0.053400596	0.585806812	2.11E-06	0.36598954	0.005537183	0.028183673	0.836641469	0.004342834	0.97465871	-0.412567116	0.001578925	0.399023816	0.00231681	-0.206923287	0.125976909	0.563186187	6.22E-06	0.446724186	0.000557881	0.232972697	0.083996892	-0.451959976	0.000471013	-0.375216958	0.004379485
Epithelial_MUC5AC	0.043325075	0.751204437	0.032419345	0.812505761	-0.006904464	0.959721155	-0.013421863	0.92179013	-0.138644943	0.30817683	-0.088293751	0.517571619	-0.092951692	0.495633826	0.123679592	0.363797949	-0.050608411	0.711073732	0.062319545	0.648186965	-0.013878084	0.919140424	-0.052299805	0.701860026	0.021194074	0.876788118
Epithelial_TOX3	-0.261069747	0.051961401	-0.233862231	0.082787173	-0.300420583	0.02446922	0.436268719	0.00077601	-0.011419705	0.933428141	-0.175353805	0.196123898	-0.389570631	0.002999949	-0.218838494	0.105144287	-0.124253839	0.361557419	-0.027329169	0.841529542	-0.564350112	5.90E-06	0.064397295	0.637265084	-0.210574834	0.119285306
Epithelial_MST4	-0.131157245	0.335284305	-0.482758735	0.00016443	-0.030994437	0.820607045	0.323414868	0.015042093	-0.239774283	0.075092083	0.012169299	0.929069198	-0.254354053	0.058527824	0.175204485	0.196511058	-0.517319204	4.45E-05	0.017421656	0.89859145	-0.381176723	0.003750399	0.138915607	0.307224126	-0.062567399	0.646880167
Epithelial_PARP12	-0.220713614	0.102123329	0.252254807	0.060712588	0.291949916	0.029014778	0.134099817	0.324458477	-0.13661066	0.31539798	-0.23078423	0.087032307	0.340307946	0.010279281	0.080556937	0.555058663	0.114970054	0.398806214	0.342720515	0.009719105	0.256544063	0.056316686	-0.312144993	0.01917838	-0.294924778	0.027343975
Epithelial_MOSPD1	-0.148127709	0.275929508	-0.329460894	0.01315642	0.040209528	0.768579916	0.315522801	0.017847842	-0.086191293	0.527631172	-0.04572424	0.737906804	-0.232948953	0.084029373	0.169829908	0.210810493	-0.377468407	0.004131677	0.067329416	0.621981951	-0.334817945	0.011659038	0.107818796	0.428970926	-0.129818563	0.340283311
Epithelial_ASRGL1	0.121041471	0.374199099	0.315419947	0.017887165	-0.196155658	0.147364031	0.020609348	0.880162111	0.078841481	0.563541696	0.028599583	0.83426452	0.184516505	0.173395461	-0.215283309	0.111060647	0.372904413	0.004647557	-0.05849152	0.668501796	0.270856857	0.043476161	-0.082823223	0.543945616	0.057593228	0.673303974
Epithelial_USP18	-0.147373708	0.278408462	-0.050859713	0.709702151	0.207089906	0.125665516	0.097590178	0.474277113	-0.219091184	0.104733212	-0.112567394	0.408799565	0.158914645	0.242066066	0.05294671	0.698347222	-0.108365981	0.426618303	0.210489847	0.119437907	-0.019991104	0.883731811	-0.07793529	0.568047242	-0.211485119	0.117660112
Epithelial_RNF128	-0.099979759	0.46346987	-0.528235088	2.86E-05	-0.16228225	0.232102914	0.194992606	0.149826397	0.03468871	0.799643831	0.076108486	0.577180597	-0.554523782	9.23E-06	0.051440608	0.706535197	-0.454661217	0.000431169	-0.206223199	0.127291692	-0.579880338	2.82E-06	0.287092868	0.031925856	0.085851103	0.529267928
Epithelial_PXMP4	0.321748848	0.015600672	-0.662907677	2.60E-08	-0.247079178	0.066380318	-0.052952273	0.69831704	0.095531547	0.483694396	0.498185971	9.34E-05	-0.519288744	4.12E-05	0.404521363	0.001986647	-0.623802182	2.80E-07	-0.414887395	0.001476166	-0.376699072	0.004214927	0.577374808	3.18E-06	0.396705405	0.002470098
Epithelial_CEP72	0.094003618	0.490747185	-0.62607659	2.46E-07	0.101959275	0.454619201	0.014209949	0.917213518	-0.068669294	0.615049964	0.215366586	0.110919201	-0.434268041	0.000825613	0.525704276	3.17E-05	-0.676102358	1.08E-08	-0.087598516	0.520887376	-0.395659501	0.002542155	0.292154603	0.028897144	0.15885154	0.242255511
Epithelial_RNF39	0.195392832	0.148975637	-0.355337163	0.00720004	-0.070487844	0.605694798	-0.209918391	0.120467868	0.149358279	0.271915246	0.327564326	0.013724758	-0.384521125	0.003433544	0.321249578	0.015771482	-0.345967043	0.009007138	-0.347857111	0.008613851	-0.140911065	0.300258915	0.440977992	0.000669694	0.366298552	0.00549445
Epithelial_FAM122B	-0.170896837	0.207915236	-0.415308045	0.001458191	-0.137779178	0.311236961	0.208136302	0.123723215	-0.033415898	0.806851395	0.000663327	0.996128739	-0.286595483	0.032237235	0.09106008	0.504484263	-0.39637433	0.002492708	-0.020526926	0.880637877	-0.400827287	0.002203484	0.15042891	0.268454489	-0.061788874	0.650988438
Epithelial_ANKH	-0.187471805	0.166489939	-0.241030202	0.073532914	0.012251225	0.928592919	0.415986821	0.001429599	-0.054176988	0.691683947	-0.198335682	0.142829766	-0.239939768	0.074885152	0.055958391	0.682076839	-0.254466257	0.05841286	0.070320202	0.606554606	-0.323827213	0.014906516	0.030088894	0.825765232	-0.1500667	0.269622008
Epithelial_FKBP5	-0.203949348	0.131633653	0.436707099	0.000765507	0.162881452	0.230360251	0.156968455	0.247955364	-0.22375719	0.097363361	-0.244343169	0.069543261	0.365025419	0.005672391	-0.287282054	0.031808079	0.408149042	0.001792437	0.37471902	0.004436027	0.190334295	0.159994975	-0.382431551	0.003628609	-0.306073636	0.021782092
Epithelial_ELOVL7	-0.183653713	0.175450195	0.16011174	0.23849147	-0.240721727	0.073913467	0.477059701	0.000201298	0.061281083	0.653673616	-0.172377424	0.203944062	-0.084238785	0.537059234	-0.329365148	0.01318462	0.288818647	0.030864824	0.06055929	0.657497942	-0.165279679	0.223476062	-0.035743263	0.79368472	-0.287542631	0.031646451
Epithelial_S100A16	0.172025928	0.204881937	0.172221391	0.20436002	0.099262924	0.466697788	-0.142142725	0.29601124	-0.002896664	0.983095864	0.004000187	0.976657547	0.130025265	0.339508416	0.181010827	0.181853971	0.125697215	0.355963056	0.033560865	0.806029673	0.27289645	0.041859641	-0.094720768	0.487430208	0.152406801	0.262138702
Epithelial_EPB41L5	0.022462257	0.869477985	-0.565238083	5.66E-06	-0.233391305	0.083425886	0.193818845	0.15234223	0.095784985	0.482529735	0.176206573	0.193923219	-0.428545083	0.000983676	0.346611858	0.008871248	-0.580549932	2.73E-06	-0.261908709	0.051184938	-0.371629805	0.004801396	0.384663255	0.003420619	0.157529849	0.246246638
Epithelial_PDZD8	-0.323909093	0.014879719	-0.163325419	0.229074904	-0.323126222	0.015137625	0.395912676	0.002524543	-0.048821896	0.720850322	-0.104806189	0.442054195	-0.290595817	0.029803107	-0.160091136	0.238552686	-0.064648481	0.635949817	-0.119443084	0.380587011	-0.381238163	0.003744353	0.096097684	0.481094794	-0.160717836	0.236695509
Epithelial_PARD6B	-0.050376871	0.712338255	-0.508800122	6.23E-05	-0.115674078	0.395905288	0.221544489	0.100806385	-0.008126367	0.952600435	0.119434722	0.380620601	-0.471810405	0.000241777	0.224113318	0.096817856	-0.52282297	3.57E-05	-0.07899193	0.562795294	-0.49539152	0.000103667	0.253252505	0.059666197	0.079266784	0.561432896
Epithelial_SLC19A3	0.014212217	0.917200354	-0.25964418	0.053302709	-0.301120064	0.024122294	0.165410741	0.223104011	-0.055706859	0.683430364	0.146560464	0.281098649	-0.16070018	0.236747694	-0.000219753	0.998717488	-0.117978997	0.386494943	-0.161351485	0.234827864	-0.153566774	0.258481475	0.176154095	0.194058135	0.021705675	0.873837854
Epithelial_CELSR3	0.286851415	0.032076699	-0.662968176	2.59E-08	-0.105429385	0.439329697	-0.130778352	0.336694507	0.181443869	0.180793318	0.364943449	0.005684018	-0.501710707	8.17E-05	0.435015669	0.000806752	-0.630588632	1.90E-07	-0.424666335	0.001105767	-0.389187011	0.003031097	0.576798893	3.27E-06	0.335466037	0.01148826
Myeloids_CLEC12A	-0.192933955	0.15425946	0.482496964	0.000165978	0.572441572	4.03E-06	-0.169735998	0.211066681	-0.175080231	0.196833645	-0.305130187	0.022212371	0.46814375	0.000274312	0.041737862	0.760041646	0.360299524	0.00637785	0.548297283	1.22E-05	0.333559537	0.011996897	-0.546999213	1.29E-05	-0.290625438	0.029785673
Myeloids_WARS	0.126271953	0.353750288	0.053885728	0.693259362	0.148260423	0.275494699	-0.17742178	0.190817747	0.091277807	0.503461458	0.032307266	0.813142291	0.252832537	0.060104876	0.333291799	0.012069858	-0.03084652	0.821449109	0.063777929	0.640512973	0.350862095	0.008019267	-0.075842547	0.57851578	0.021209066	0.87670164
Myeloids_CKAP4	-0.159811823	0.23938362	0.364719343	0.005715915	0.158154305	0.244355414	0.308157368	0.020856686	-0.13552108	0.319309747	-0.322960791	0.015192611	0.187581731	0.166237014	-0.267828011	0.045970989	0.28052542	0.036245345	0.362910102	0.005979221	0.078646636	0.564509045	-0.362564444	0.006030717	-0.314845125	0.018108291
Myeloids_LGALS1	-0.236061838	0.079854711	0.41965942	0.001283432	0.574685548	3.62E-06	0.017356836	0.898966786	-0.189752581	0.161299566	-0.259988566	0.052976131	0.463808102	0.000317898	0.150407115	0.268524645	0.275714325	0.039707921	0.592777854	1.48E-06	0.389867475	0.002976041	-0.578158673	3.07E-06	-0.360634093	0.006325497
Myeloids_EMP1	-0.258949097	0.053966828	0.105893359	0.437307391	0.393320441	0.002710102	0.034184968	0.802494431	-0.34178912	0.009932151	-0.291649092	0.029188387	0.129123075	0.342898683	0.253785658	0.059113012	-0.053281793	0.696530118	0.432101195	0.000882545	0.015952067	0.907106276	-0.399224538	0.002303946	-0.241915775	0.072449065
Myeloids_COL6A3	-0.238647116	0.076513644	0.365985857	0.005537695	0.744356528	4.86E-11	-0.023072344	0.865965105	-0.283417335	0.034287121	-0.275155645	0.040127118	0.350964108	0.007999725	0.205161551	0.129305253	0.176957664	0.191999571	0.685678197	5.51E-09	0.220406123	0.102614064	-0.588764729	1.82E-06	-0.360268627	0.006382704
Myeloids_PRCP	-0.297489023	0.025969255	0.589683215	1.73E-06	0.385470694	0.003348008	0.163059325	0.229844688	-0.306358504	0.021653566	-0.367292769	0.005358916	0.601325185	9.54E-07	-0.225191985	0.095180075	0.506557255	6.79E-05	0.53947326	1.78E-05	0.43206156	0.000883618	-0.568055825	4.96E-06	-0.483680264	0.000159085
Myeloids_PPP4R1	-0.339867591	0.010384486	0.518621712	4.23E-05	0.373203288	0.004612118	0.342813023	0.009698162	-0.238448201	0.076766711	-0.411606415	0.001623313	0.352483358	0.007713558	-0.358438653	0.006676006	0.42605683	0.001060515	0.559192994	7.47E-06	0.124190557	0.361803911	-0.455894138	0.00041402	-0.445002812	0.000589459
Myeloids_SH3BP5	-0.493524881	0.000111106	0.657502122	3.69E-08	0.497183488	9.70E-05	0.134649853	0.322459695	-0.321285945	0.015758986	-0.48163178	0.000171189	0.615239821	4.52E-07	-0.180636718	0.182773885	0.560304069	7.10E-06	0.641005936	1.03E-07	0.405967465	0.001907086	-0.65924587	3.30E-08	-0.560974315	6.89E-06
Myeloids_CTSL	-0.044185629	0.746426228	0.311266558	0.019537893	0.53068158	2.58E-05	-0.05906189	0.665459468	-0.110386418	0.417995038	-0.132509383	0.33028197	0.415617399	0.001445097	0.145633917	0.284184473	0.162536672	0.23136187	0.481213791	0.00017376	0.306411689	0.021629641	-0.39955467	0.002282925	-0.187978191	0.165327147
Myeloids_ARL4C	-0.212517613	0.115837232	0.423790432	0.001135154	0.616462361	4.23E-07	-0.062239418	0.648609656	-0.30805254	0.020902432	-0.289563809	0.03041587	0.559936202	7.22E-06	0.092547718	0.497517138	0.240657596	0.073992779	0.634066922	1.55E-07	0.453453833	0.000448584	-0.58875775	1.82E-06	-0.340100861	0.01032864
Myeloids_PCOLCE	-0.002662817	0.984460356	0.343963635	0.009440929	0.679387098	8.58E-09	-0.417129378	0.001382604	0.005606933	0.967286011	0.015970757	0.906997919	0.525834063	3.16E-05	0.35744262	0.006840543	0.194074901	0.151790753	0.415491242	0.001450424	0.570967362	4.33E-06	-0.349107981	0.008361849	-0.076615616	0.574638397
Myeloids_UPP1	-0.141424284	0.298484181	-0.194016598	0.151916193	-0.326441805	0.014070966	0.179674454	0.185155436	0.055690639	0.683517676	-0.005094013	0.97027726	-0.210825592	0.118835915	-0.326659685	0.014003188	-0.049805397	0.715462575	-0.254390879	0.058490072	-0.255845198	0.057014828	0.231567334	0.085936405	0.007378401	0.956958856
Myeloids_PLEK	0.10802828	0.428069387	0.305150262	0.022203141	0.525817765	3.16E-05	-0.375036844	0.004399864	-0.099263486	0.466695253	-0.026037231	0.848931114	0.574483963	3.66E-06	0.207223292	0.125416651	0.164032731	0.2270374	0.365178766	0.005650694	0.55371608	9.57E-06	-0.346847944	0.008821942	-0.022636227	0.868476006
Myeloids_HMOX1	-0.006656688	0.961165487	0.329927408	0.013019762	0.378262275	0.004047295	-0.063705312	0.640894205	-0.018578801	0.891894856	-0.053309653	0.696379118	0.404948023	0.001962871	0.069317636	0.611707614	0.206308417	0.127131097	0.306755441	0.021475547	0.437601402	0.000744478	-0.321593188	0.015653756	-0.052599981	0.700229242
Myeloids_IGFBP6	-0.127965931	0.347277685	0.538261081	1.88E-05	0.534361122	2.22E-05	-0.051026975	0.708789762	-0.033339093	0.807286836	-0.109704383	0.420894759	0.441430467	0.000660206	0.076927384	0.573078092	0.472467368	0.000236334	0.512136761	5.47E-05	0.383990624	0.003482168	-0.438204215	0.000730598	-0.241358458	0.07312967
Myeloids_CYBB	-0.497106499	9.72E-05	0.532633246	2.38E-05	0.40594648	0.00190822	0.432488102	0.000872127	-0.316360797	0.017530195	-0.585890647	2.10E-06	0.579830949	2.83E-06	-0.283360848	0.034324511	0.390408564	0.002932897	0.678468685	9.15E-09	0.281813622	0.035361907	-0.63113189	1.84E-07	-0.635366691	1.44E-07
Myeloids_COL7A1	-0.055576055	0.684134625	0.051848598	0.704313833	0.715955434	5.56E-10	-0.289804908	0.030271782	-0.247180734	0.06626517	-0.098665002	0.469399487	0.253991129	0.058900928	0.475018353	0.000216241	-0.160021047	0.238761011	0.500898803	8.43E-05	0.273930553	0.041059126	-0.394489486	0.00262497	-0.101211924	0.457949779
Myeloids_FCER1G	-0.04732364	0.72908384	0.452235155	0.000466807	0.449943245	0.000502905	-0.078622651	0.564628174	-0.170647096	0.208590415	-0.163340776	0.229030533	0.69609933	2.58E-09	0.130835526	0.336481475	0.315113133	0.018004904	0.415601037	0.001445787	0.649042349	6.29E-08	-0.492264999	0.0001164	-0.164179841	0.226615214
Myeloids_ISG20	0.039480502	0.772662431	0.203396203	0.13270657	0.064509944	0.636675092	-0.043208291	0.751853595	-0.040173375	0.768782225	-0.053552445	0.695063654	0.4064762	0.001879781	0.123123572	0.365975385	0.04615372	0.735534259	0.191906473	0.156507922	0.464474904	0.000310809	-0.280426641	0.036313835	-0.028814639	0.83303604
Myeloids_EML1	-0.445490744	0.000580348	0.669300303	1.71E-08	0.572158807	4.09E-06	0.332600213	0.012260091	-0.325070629	0.014504004	-0.526598505	3.06E-05	0.565941529	5.48E-06	-0.179721664	0.185038075	0.528206626	2.86E-05	0.776632247	2.00E-12	0.320805403	0.015924783	-0.726504694	2.33E-10	-0.551353206	1.06E-05
Myeloids_TFF1	-0.134859435	0.321700154	0.267166225	0.046531404	0.038871766	0.776076024	0.183896017	0.174871374	-0.304937374	0.022301186	-0.208766791	0.122563958	0.186062458	0.169757601	-0.144396565	0.288340041	0.118663796	0.383724876	0.222011554	0.100071881	0.112456671	0.409263561	-0.301153266	0.02410593	-0.161892031	0.23324267
Myeloids_PDGFRL	-0.25822211	0.054668594	0.588640623	1.83E-06	0.428692563	0.000979283	0.197699896	0.14414126	-0.271438267	0.043010216	-0.427793349	0.001006344	0.432892006	0.00086137	-0.228992006	0.089581659	0.465186857	0.000303399	0.582008095	2.54E-06	0.247175799	0.066270762	-0.552835116	9.95E-06	-0.387575907	0.003165064
Myeloids_KCNJ8	-0.155838731	0.251418321	0.352477882	0.007714573	0.503032774	7.77E-05	0.084483009	0.535875462	-0.232486117	0.084664475	-0.184596696	0.173205379	0.419835905	0.001276759	0.002806451	0.983622249	0.163159418	0.229554918	0.509647718	6.02E-05	0.319654956	0.016327778	-0.414213802	0.001505362	-0.294094091	0.027802195
Myeloids_OASL	0.129997896	0.339610954	-0.00133454	0.992211548	0.198158855	0.143193626	-0.048039186	0.725147773	-0.172770693	0.202898328	0.099185313	0.467047998	0.087742362	0.520200467	0.100483574	0.461208436	-0.073230254	0.591705515	0.153639112	0.258254549	0.072385984	0.595996833	-0.045886087	0.737012437	0.0445133	0.74460932
Myeloids_TFEC	-0.388066949	0.003123688	0.514161675	5.05E-05	0.468801256	0.0002682	0.244288241	0.06960797	-0.289173244	0.030650497	-0.463628875	0.000319829	0.752180041	2.34E-11	-0.177280656	0.191176552	0.376896784	0.004193393	0.62061859	3.36E-07	0.469754222	0.00025956	-0.656814654	3.86E-08	-0.525580753	3.19E-05
Myeloids_PTGFR	-0.336793578	0.011145167	0.576204239	3.37E-06	0.360242475	0.006386815	0.172103754	0.204674016	-0.25606928	0.05679022	-0.339717986	0.010420439	0.550011111	1.13E-05	-0.091816071	0.500937459	0.484935895	0.000152058	0.578727609	2.98E-06	0.360921828	0.006280774	-0.54125944	1.65E-05	-0.398448768	0.002354019
Myeloids_TUBB6	-0.159476411	0.240384065	0.464494717	0.000310601	0.61026481	5.93E-07	-0.159236285	0.241102051	-0.214403707	0.112563113	-0.185865756	0.170217356	0.515445374	4.80E-05	0.223960739	0.09705128	0.321786789	0.015587757	0.587741255	1.91E-06	0.521866658	3.71E-05	-0.632588023	1.69E-07	-0.255607614	0.057253753
Myeloids_IFI35	-0.253600093	0.059305077	-0.091828534	0.500879095	0.019141063	0.888643626	0.21249243	0.115881434	-0.293349889	0.028218156	-0.213876505	0.113471071	-0.258370198	0.054525047	-0.280289234	0.036409286	-0.059190381	0.664774839	0.069483061	0.610856059	-0.40479998	0.001971092	-0.028133782	0.8369267	-0.116551535	0.392307132
Myeloids_RGL1	0.344479239	0.009327591	-0.626145464	2.45E-07	-0.409232911	0.001737798	-0.204483382	0.130604018	0.196605593	0.146419556	0.341989919	0.009885882	-0.622581733	3.00E-07	0.248351083	0.064949689	-0.551362849	1.06E-05	-0.607959247	6.71E-07	-0.41508617	0.001467647	0.573308433	3.87E-06	0.454358506	0.000435476
Myeloids_BLVRA	-0.065295625	0.632566368	0.382745025	0.003598735	0.275077892	0.040185747	-0.095011243	0.486090053	-0.013252649	0.922773129	-0.023949058	0.860921502	0.642612285	9.32E-08	0.088058637	0.518691753	0.284414859	0.033632382	0.29066664	0.029761437	0.584975288	2.19E-06	-0.297244612	0.026097732	-0.130794075	0.336635914
Myeloids_IGFBP5	-0.155420604	0.252708284	0.514597232	4.96E-05	0.465078432	0.000304517	0.007482093	0.956354563	0.009211536	0.946279608	-0.222906949	0.098675388	0.420647881	0.001246453	0.067925051	0.618896307	0.354646973	0.007321419	0.558898799	7.57E-06	0.407411897	0.001830469	-0.544192598	1.46E-05	-0.280634082	0.036170126
Myeloids_PXDN	-0.256445356	0.056414869	0.387525721	0.00316932	0.563631396	6.10E-06	0.130979812	0.335944232	-0.315729238	0.01776914	-0.303713627	0.022871899	0.312127232	0.019185593	0.134599345	0.322642913	0.173087282	0.202059255	0.696745431	2.46E-09	0.202722266	0.134022661	-0.612114072	5.36E-07	-0.362125226	0.006096711
Myeloids_LHFPL2	0.00137983	0.991947239	-0.262765348	0.050401884	0.163402163	0.228853224	-0.099207595	0.466947437	-0.028073749	0.837269937	0.074119762	0.587199239	-0.123235421	0.365536736	0.07108894	0.602616252	-0.326840237	0.013947234	-0.022380188	0.869950725	-0.129356128	0.342020902	0.126151811	0.35421214	0.091125731	0.504175748
Myeloids_C9orf3	-0.323425712	0.015038514	0.248878179	0.064364109	0.407390307	0.001831593	0.236491135	0.079292072	-0.234863493	0.081441969	-0.384822563	0.003406184	0.298787675	0.025295486	0.047690949	0.727062478	0.053909982	0.693128121	0.490759155	0.00012303	0.130490927	0.337766744	-0.414258373	0.001503414	-0.389388024	0.00301474
Myeloids_AHNAK2	-0.297517866	0.025954128	0.279351625	0.037066168	0.519319256	4.11E-05	0.041230809	0.762871284	-0.152386755	0.262202207	-0.306291839	0.021683586	0.216397646	0.109179377	0.125692958	0.355979479	0.145061541	0.286101838	0.474227706	0.000222295	0.088497594	0.516601456	-0.339726729	0.010418335	-0.360035521	0.006419428
Myeloids_ANGPTL2	-0.269504017	0.044576389	0.367401824	0.005344229	0.684442958	6.02E-09	-0.117625127	0.387931008	-0.293479078	0.028145576	-0.264410484	0.048925424	0.375307453	0.004369278	0.267116009	0.046574155	0.133114212	0.328059643	0.622937621	2.95E-07	0.330288261	0.012914894	-0.559513302	7.36E-06	-0.294167766	0.027761296
Myeloids_LPPR4	-0.491936676	0.000117817	0.540856757	1.68E-05	0.626297231	2.43E-07	0.268589447	0.045333036	-0.361323743	0.006218766	-0.515456199	4.80E-05	0.339330873	0.01051397	-0.252647045	0.060299457	0.418483097	0.001328719	0.750793865	2.67E-11	0.08031589	0.556246984	-0.685847332	5.45E-09	-0.613752833	4.91E-07
Myeloids_HLX	-0.163463344	0.228676604	0.57127238	4.26E-06	0.365439362	0.005613989	0.158017947	0.244767539	-0.209117969	0.121921845	-0.229345636	0.089074064	0.542847117	1.54E-05	-0.058436931	0.668793246	0.450071499	0.00050082	0.557204914	8.18E-06	0.458326666	0.000381989	-0.568102777	4.95E-06	-0.333229923	0.012086773
Myeloids_FCGR1B	-0.101197898	0.45801241	0.345748258	0.009053654	0.677497881	9.78E-09	-0.121756585	0.37136216	-0.174382522	0.198652016	-0.168893252	0.2133755	0.566174866	5.42E-06	0.1693437	0.212139242	0.1849918	0.172271044	0.563547223	6.12E-06	0.455241179	0.000423023	-0.467877682	0.000276821	-0.245209402	0.06852911
Myeloids_CD163	-0.316663355	0.017416698	0.613435058	4.99E-07	0.461148547	0.00034766	0.111996745	0.41119417	-0.250208919	0.062904545	-0.428434714	0.000986975	0.724157283	2.84E-10	-0.218427981	0.105814758	0.525193904	3.24E-05	0.549040731	1.18E-05	0.494933762	0.000105448	-0.624331028	2.72E-07	-0.459309427	0.000369699
Myeloids_AIF1	-0.010453429	0.939049951	0.446790488	0.000556696	0.240717642	0.073918518	-0.129576791	0.341191081	-0.099171189	0.467111746	-0.091886917	0.500605739	0.708849307	9.77E-10	0.052539546	0.700557467	0.320569299	0.016006789	0.360747813	0.006307788	0.658024897	3.57E-08	-0.470266117	0.000255025	-0.069488771	0.610826677
Myeloids_RAB31	-0.173788488	0.200209568	0.413175845	0.001551365	0.73607665	1.02E-10	-0.060720286	0.656644163	-0.231155021	0.086512051	-0.233660503	0.083060301	0.490695395	0.000123319	0.250314746	0.062789625	0.226787168	0.092797676	0.647810446	6.79E-08	0.395985859	0.002519472	-0.545687153	1.36E-05	-0.312075326	0.019206686
Myeloids_SOBP	-0.476265793	0.000206994	0.577933916	3.10E-06	0.457843319	0.000388168	0.285288723	0.033067381	-0.201891287	0.135658905	-0.458206077	0.000383522	0.523478652	3.48E-05	-0.202406454	0.134642755	0.494621777	0.000106677	0.685838576	5.45E-09	0.271651819	0.042840108	-0.628564407	2.14E-07	-0.590100829	1.70E-06
Myeloids_ADAP2	0.297417599	0.026006744	-0.612781041	5.17E-07	-0.437685435	0.000742529	-0.149806086	0.270464139	0.213414167	0.114271924	0.413277075	0.001546824	-0.686732699	5.11E-09	0.183648766	0.175462026	-0.480139616	0.00018053	-0.636204121	1.37E-07	-0.468707996	0.000269059	0.670324391	1.59E-08	0.460637674	0.000353659
Myeloids_SLAMF8	-0.276691163	0.038983645	0.50879685	6.23E-05	0.42562957	0.001074239	0.097319895	0.475507922	-0.151295691	0.265674298	-0.382383407	0.003633216	0.767867246	5.00E-12	-0.05270878	0.699638493	0.341066992	0.010100101	0.528977429	2.77E-05	0.611393149	5.58E-07	-0.582252503	2.51E-06	-0.404044535	0.002013522
Myeloids_TMEM45A	-0.427636188	0.001011142	0.594560172	1.35E-06	0.562471958	6.43E-06	0.327746546	0.013669253	-0.303548811	0.022949698	-0.512217236	5.45E-05	0.590664924	1.65E-06	-0.199895212	0.139650504	0.479169034	0.000186853	0.697240279	2.37E-09	0.345283034	0.009153258	-0.670591398	1.57E-08	-0.521889868	3.71E-05
Myeloids_AGPAT4	0.001519663	0.991131199	0.312832046	0.018901124	0.380220347	0.003845632	0.05405181	0.692360871	-0.016143245	0.905997979	-0.067546282	0.620857742	0.334752114	0.011676507	0.075404484	0.580718207	0.201756596	0.135925526	0.398262443	0.00236619	0.317017214	0.017284752	-0.33023376	0.012930686	-0.155481519	0.252520077
Myeloids_PILRA	-0.015502587	0.909712688	0.367039695	0.005393134	0.445553835	0.000579179	-0.121828451	0.371077782	-0.183960249	0.17471817	-0.102888591	0.450496259	0.656619126	3.91E-08	0.159155602	0.241343626	0.191800842	0.156740439	0.398694301	0.002338067	0.559195607	7.47E-06	-0.399645251	0.002277188	-0.099328538	0.466401824
Myeloids_MS4A7	-0.388881816	0.003056082	0.545186072	1.39E-05	0.263219601	0.049990625	0.430053112	0.000939581	-0.28977253	0.030291099	-0.511164112	5.68E-05	0.576863723	3.26E-06	-0.371921718	0.004765774	0.48517358	0.00015076	0.538651675	1.85E-05	0.322798035	0.015246874	-0.587715097	1.91E-06	-0.521751231	3.73E-05
Myeloids_PARVG	0.225542612	0.094652375	-0.550343866	1.11E-05	-0.431296353	0.000904575	0.014459473	0.915765017	0.124039167	0.362394015	0.252502828	0.060451092	-0.784155567	8.81E-13	0.174497395	0.198351815	-0.474949461	0.000216762	-0.452748396	0.000459052	-0.624217484	2.74E-07	0.493905723	0.00010955	0.335603807	0.011452236
Myeloids_ADAMTS2	-0.128418359	0.34556145	0.13009634	0.33924222	0.819741542	1.11E-14	-0.190653769	0.159281809	-0.328910618	0.013319198	-0.123079785	0.366147196	0.288023314	0.031350092	0.309915073	0.020102173	-0.046409533	0.734122252	0.605706498	7.57E-07	0.172001173	0.204948106	-0.416246337	0.001418801	-0.233581234	0.083167822
Myeloids_PIK3AP1	-0.288787651	0.030883618	0.440404385	0.000681899	0.292894743	0.028475112	0.211061969	0.118413478	-0.202919805	0.133635886	-0.382581821	0.003614261	0.621108007	3.26E-07	-0.17126015	0.206935763	0.364493084	0.005748278	0.512441342	5.40E-05	0.442467725	0.000638913	-0.519028126	4.16E-05	-0.422160014	0.001191732
Myeloids_BCAT1	-0.277458755	0.038422197	0.413692275	0.001528322	0.782807541	1.02E-12	-0.022874604	0.86710341	-0.367901415	0.005277399	-0.330589533	0.012827898	0.474145209	0.000222936	0.01553266	0.909538274	0.240993297	0.073578361	0.656424181	3.95E-08	0.287966398	0.031385062	-0.601552172	9.43E-07	-0.392425919	0.002776889
Myeloids_CD109	-0.456795002	0.000401884	0.630390131	1.92E-07	0.657586438	3.67E-08	0.222276042	0.099657791	-0.282721836	0.034749855	-0.533140124	2.33E-05	0.517704465	4.39E-05	-0.095373577	0.484421083	0.483248776	0.000161568	0.784270318	8.70E-13	0.27615448	0.039380206	-0.735095543	1.11E-10	-0.582876144	2.43E-06
Myeloids_PRRX1	-0.265750251	0.04774926	0.486679439	0.00014277	0.77058732	3.78E-12	-0.066174573	0.627982935	-0.317517943	0.017099498	-0.343765658	0.009484763	0.630346575	1.93E-07	0.102484035	0.452288552	0.327924899	0.013615112	0.726883647	2.25E-10	0.451488779	0.000478296	-0.675767605	1.10E-08	-0.408807672	0.001759055
Myeloids_FAM20C	-0.219206415	0.104546168	0.586270696	2.06E-06	0.501845682	8.13E-05	-0.020999943	0.877908057	-0.165837682	0.221895026	-0.291845696	0.029074826	0.64863599	6.45E-08	0.120651608	0.375751202	0.425584132	0.001075708	0.604837304	7.93E-07	0.613593437	4.95E-07	-0.649849854	5.98E-08	-0.328635366	0.013401268
Myeloids_FAM20A	0.037406648	0.784309065	0.319072878	0.016534973	0.543638083	1.49E-05	-0.432220002	0.000879334	-0.255541731	0.057320151	-0.001824056	0.989354844	0.409286431	0.001735139	0.020794931	0.879091029	0.221857848	0.100313139	0.357085433	0.006900404	0.352453231	0.007719144	-0.302863396	0.023275636	-0.011029729	0.935696659
Myeloids_ASPHD2	-0.289535967	0.030432546	0.167518161	0.217180681	0.085432261	0.531286539	0.356335639	0.007027551	-0.251425699	0.06159336	-0.331745425	0.012498779	0.19195043	0.156411237	-0.029986397	0.826349543	0.146616948	0.280911251	0.29965393	0.024854278	0.056584163	0.678713807	-0.255918638	0.056941137	-0.361096977	0.006253686
Myeloids_GPX8	-0.21745035	0.107424745	0.338718545	0.010663398	0.434361124	0.000823244	0.12447092	0.360712632	-0.386158266	0.003287254	-0.312167503	0.019169242	0.32501976	0.014520286	-0.022835428	0.867328964	0.176409484	0.193402184	0.497819425	9.47E-05	0.238987466	0.076082172	-0.50901767	6.17E-05	-0.382950914	0.003579233
Myeloids_PIK3R5	-0.212720379	0.115481794	0.503272913	7.70E-05	0.425737542	0.001070756	0.04675132	0.732237062	-0.212561989	0.115759372	-0.233296369	0.083555115	0.725464996	2.54E-10	-0.044447203	0.74497571	0.320558169	0.016010663	0.581690435	2.58E-06	0.608170778	6.64E-07	-0.562168525	6.52E-06	-0.328365436	0.013482172
Myeloids_FAM65C	-0.289565216	0.030415027	0.486032859	0.000146152	0.382908914	0.003583203	0.062100006	0.649345351	-0.208694638	0.122696203	-0.332057395	0.012411206	0.45399011	0.000440771	0.007478781	0.956373862	0.382121013	0.003658419	0.568015475	4.97E-06	0.380031622	0.003864675	-0.605218291	7.77E-07	-0.370839806	0.004898977
Myeloids_MRGPRF	-0.252917279	0.060016149	0.753388166	2.09E-11	0.395063171	0.002584069	0.051921105	0.703919318	-0.127527886	0.348944367	-0.335250962	0.011544693	0.667300308	1.95E-08	-0.167286239	0.217827108	0.70332762	1.50E-09	0.566385077	5.36E-06	0.580401327	2.75E-06	-0.679517522	8.50E-09	-0.414670059	0.00148553
Myeloids_DDX60L	-0.589105522	1.79E-06	0.44495047	0.000590444	0.372267827	0.004723839	0.487680316	0.000137676	-0.407736145	0.001813652	-0.669199884	1.72E-08	0.256899853	0.055963931	-0.330034504	0.012988563	0.332720858	0.012226721	0.661004927	2.95E-08	-0.021907049	0.872677049	-0.628704519	2.12E-07	-0.651316058	5.46E-08
Myeloids_TWIST2	-0.215181846	0.111233169	0.651538248	5.38E-08	0.52628802	3.10E-05	0.04246928	0.755965435	-0.148012876	0.276306101	-0.284386857	0.033650619	0.639983281	1.09E-07	-0.079107262	0.562223428	0.588120103	1.88E-06	0.573139185	3.90E-06	0.52970745	2.69E-05	-0.550160818	1.12E-05	-0.36448325	0.005749688
Myeloids_IFIT3	-0.238082133	0.07723417	0.12214371	0.369831819	0.481807925	0.000170116	0.02368296	0.862451753	-0.200276346	0.138881635	-0.194448423	0.150988939	0.261242086	0.051801124	0.142232164	0.295704318	-0.015033413	0.912434311	0.459585244	0.000366315	0.081956896	0.548181046	-0.295161742	0.027214429	-0.28663543	0.032212135
Myeloids_MS4A14	-0.164435594	0.225882533	0.50862338	6.27E-05	0.413273256	0.001546995	-0.103898723	0.446038223	-0.144595176	0.287670351	-0.277936444	0.038076179	0.617832193	3.92E-07	-0.130398064	0.338113626	0.391492883	0.002848103	0.438069416	0.000733681	0.509742577	6.00E-05	-0.582772221	2.45E-06	-0.296759292	0.026354428
Myeloids_GBP5	-0.20894498	0.122237827	0.22513307	0.095268968	0.362544101	0.006033759	0.193932458	0.152097355	-0.310356509	0.019916361	-0.264316651	0.049008677	0.571194614	4.28E-06	0.01428481	0.916778919	0.074496998	0.585292827	0.502506386	7.93E-05	0.379320829	0.003937145	-0.508600731	6.27E-05	-0.336482051	0.011224875
Myeloids_GAS2L1	-0.274814935	0.040384551	0.243861887	0.070111882	0.122428386	0.368708903	0.155265528	0.253187847	-0.21865426	0.105444782	-0.315900544	0.017704055	0.247484506	0.065921696	-0.040172912	0.768784818	0.197451268	0.144656561	0.316494166	0.017480088	0.060597338	0.657296129	-0.298457196	0.025465535	-0.293003517	0.028413525
Myeloids_PI3	0.28110278	0.035847162	0.001225659	0.992846962	-0.140409341	0.302000494	-0.276557615	0.039082016	0.157965012	0.244927655	0.219958063	0.103332398	0.145382443	0.285025826	0.288091453	0.03130827	-0.053478365	0.695464929	-0.066542657	0.626067617	0.301873143	0.023753427	-0.042030494	0.758410015	0.262870009	0.050306885
Stromal_NREP	-0.399721043	0.002272397	0.460864823	0.000350981	0.689862313	4.08E-09	0.149283505	0.272158051	-0.316106787	0.017625966	-0.425412762	0.001081264	0.440376063	0.000682507	-0.148360499	0.275167124	0.361324438	0.00621866	0.647344769	6.98E-08	0.213392854	0.114308946	-0.604288746	8.16E-07	-0.500506709	8.56E-05
Stromal_PRCP	0.267288574	0.046427377	-0.565925827	5.48E-06	-0.347068447	0.008776105	-0.166569012	0.219834704	0.258864939	0.054047691	0.352444002	0.007720857	-0.520214149	3.97E-05	0.177898821	0.189608441	-0.479543864	0.000184388	-0.480571522	0.00017778	-0.347064117	0.008777003	0.480569232	0.000177794	0.423264238	0.001153145
Stromal_COL1A2	-0.182698534	0.177745472	0.192349762	0.155534917	0.765551082	6.33E-12	-0.140381077	0.302098796	-0.391117952	0.002877174	-0.196739386	0.146139575	0.263247942	0.049965058	0.236081518	0.079828849	0.024614216	0.857098621	0.598993146	1.08E-06	0.133446719	0.326841937	-0.47848157	0.000191454	-0.270629653	0.043659367
Stromal_LOXL1	-0.103771507	0.446598324	0.361363153	0.006212715	0.55564767	8.77E-06	-0.350681187	0.008054025	-0.068637951	0.615211747	-0.151947155	0.263597464	0.515804893	4.73E-05	0.311100395	0.019606537	0.18053926	0.18301408	0.443130622	0.000625632	0.513949843	5.09E-05	-0.494971197	0.000105301	-0.128592478	0.344902354
Stromal_PRKAR2B	-0.420737201	0.00124316	0.618293773	3.82E-07	0.047706792	0.726975334	0.340723327	0.010180889	-0.224978039	0.09550319	-0.486370322	0.000144378	0.549463393	1.16E-05	-0.492055212	0.000117304	0.557263049	8.16E-06	0.537992673	1.90E-05	0.265500204	0.047967003	-0.63881988	1.17E-07	-0.504054933	7.48E-05
Stromal_VASH1	-0.267120081	0.046570687	0.547134538	1.28E-05	0.555537936	8.82E-06	0.023570615	0.863097966	-0.183130356	0.176705136	-0.372804551	0.004659451	0.628559991	2.14E-07	-0.034746345	0.799317852	0.377720638	0.0041047	0.614362209	4.74E-07	0.475203141	0.000214848	-0.582862834	2.44E-06	-0.38717223	0.003199442
Stromal_MAOB	-0.485362909	0.000149733	0.726164098	2.40E-10	0.281129991	0.035828485	0.385627891	0.003334031	-0.284719217	0.033434695	-0.563865366	6.03E-06	0.501585714	8.21E-05	-0.502825036	7.84E-05	0.67407585	1.24E-08	0.513569709	5.17E-05	0.263974123	0.049313563	-0.537559237	1.94E-05	-0.526749917	3.04E-05
Stromal_COL16A1	-0.352571005	0.007697324	0.57490013	3.59E-06	0.575935311	3.41E-06	-0.045033554	0.741727395	0.013558515	0.920996373	-0.425035355	0.001093591	0.511237527	5.66E-05	0.01073064	0.937436818	0.377247045	0.004155481	0.573205944	3.89E-06	0.424908087	0.001097777	-0.568484829	4.86E-06	-0.417906263	0.001351446
Stromal_LRRC17	-0.386709739	0.003239234	0.680943507	7.70E-09	0.393259009	0.002714642	0.17556755	0.195570637	-0.122096889	0.370016704	-0.420340271	0.001257857	0.485265442	0.000150261	-0.382768578	0.003596499	0.668783115	1.77E-08	0.487768106	0.000137237	0.278308965	0.037808132	-0.573510704	3.83E-06	-0.455492656	0.000419535
Stromal_PCDH17	-0.159730168	0.239626913	0.293457291	0.028157805	0.718547749	4.50E-10	-0.023371581	0.864243035	-0.354767192	0.00730015	-0.225311763	0.09499955	0.245791033	0.067854814	0.124518168	0.360528925	0.116671535	0.391816554	0.609718793	6.11E-07	0.19681677	0.145977821	-0.491661495	0.000119017	-0.284363705	0.033665703
Stromal_FOXF1	-0.343891037	0.009456982	0.478490586	0.000191393	0.290362981	0.029940447	0.220147062	0.103028922	-0.091001665	0.504758856	-0.31639356	0.017517874	0.432139504	0.000881508	-0.122260358	0.369371445	0.385614018	0.003335262	0.592638434	1.49E-06	0.264028577	0.04926499	-0.561953596	6.59E-06	-0.398827554	0.00232945
Stromal_CILP	-0.457802431	0.000388695	0.741067098	6.54E-11	0.255427036	0.057435891	0.316357166	0.017531561	-0.215281063	0.111064464	-0.509530099	6.05E-05	0.481752242	0.000170455	-0.592312745	1.52E-06	0.7146668	6.16E-10	0.509760255	6.00E-05	0.222234402	0.099722895	-0.522082921	3.68E-05	-0.517994288	4.34E-05
Stromal_COL6A2	0.086807716	0.524671792	0.443496884	0.000618401	0.534432401	2.21E-05	-0.476895684	0.000202463	0.052395264	0.701341279	-0.043921817	0.747890041	0.558479503	7.72E-06	0.25536181	0.057501796	0.314941277	0.018071141	0.326955578	0.01391159	0.626520963	2.40E-07	-0.395584591	0.002547386	-0.053553084	0.695060191
Stromal_RGL1	-0.358330227	0.006693748	0.624481372	2.70E-07	0.387202661	0.003196839	0.236419087	0.079386278	-0.196353528	0.146948117	-0.359483556	0.006507123	0.618405382	3.80E-07	-0.237273448	0.078274825	0.552962198	9.90E-06	0.61488405	4.61E-07	0.403926921	0.002020201	-0.573383348	3.86E-06	-0.470620907	0.000251924
Stromal_NFATC1	0.006172556	0.963987929	0.376008405	0.004290921	0.449082333	0.000517106	-0.312514569	0.019028814	-0.044657298	0.743811301	-0.075967613	0.577887692	0.592871702	1.48E-06	0.227319288	0.092013389	0.226020858	0.093936283	0.363127972	0.005946961	0.652252144	5.15E-08	-0.459431493	0.000368198	-0.17668853	0.192687288
Stromal_COL5A1	-0.22275654	0.098908908	0.398594775	0.002344522	0.584114833	2.29E-06	-0.120185554	0.377611694	-0.14684733	0.280147753	-0.280439622	0.036304828	0.320313028	0.016096207	0.101755655	0.455525316	0.24562438	0.068047474	0.493509215	0.00011117	0.21958666	0.103930777	-0.497371992	9.63E-05	-0.267619751	0.04614675
Stromal_C9orf3	0.442829371	0.000631636	-0.276145829	0.039386626	-0.370386696	0.004955729	-0.340388551	0.010260124	0.22418625	0.096706434	0.490658481	0.000123486	-0.254794954	0.058077126	0.066211058	0.627792974	-0.111546612	0.413088749	-0.498846279	9.11E-05	-0.04411076	0.746841566	0.443604828	0.000616284	0.480226951	0.000179971
Stromal_COL6A1	-0.163326325	0.229072287	0.48585258	0.000147108	0.768066583	4.90E-12	-0.350899096	0.008012174	-0.115372792	0.397145216	-0.162103141	0.232625581	0.522851519	3.57E-05	0.102460133	0.452394565	0.283978918	0.033917228	0.541308271	1.65E-05	0.479833566	0.000182503	-0.488653689	0.000132882	-0.235762747	0.080248563
Stromal_COL3A1	-0.088504475	0.516568722	0.271822616	0.042704455	0.778640921	1.61E-12	-0.255676297	0.057184599	-0.152343012	0.262340822	-0.116059294	0.394323265	0.403763011	0.002029541	0.182334692	0.178625467	0.057192194	0.675452062	0.497671568	9.52E-05	0.345584788	0.009088545	-0.378404521	0.004032337	-0.133855612	0.325348404
Stromal_MAFB	-0.568039642	4.97E-06	0.585691757	2.12E-06	0.407562711	0.00182263	0.355063307	0.007247989	-0.368999444	0.005133088	-0.656234294	4.00E-08	0.685714497	5.50E-09	-0.377264134	0.004153639	0.50703375	6.67E-05	0.658655642	3.43E-08	0.331836517	0.012473154	-0.736344411	9.97E-11	-0.643439636	8.87E-08
Stromal_MICALL2	0.201054546	0.137321601	-0.138377233	0.309121007	0.06462013	0.636098217	-0.310284082	0.019946747	0.092101022	0.499603926	0.367763109	0.005295826	-0.103439831	0.448060429	0.029655398	0.828237131	-0.153248022	0.259483012	-0.18011746	0.184056266	0.00121008	0.99293788	0.250280438	0.062826862	0.295631323	0.026959234
Stromal_ADAP2	-0.32222224	0.015440179	0.629985163	1.97E-07	0.424897666	0.00109812	0.159896463	0.239131614	-0.203424442	0.132651637	-0.447163529	0.00055007	0.695979271	2.61E-09	-0.201147618	0.137135906	0.510198525	5.90E-05	0.636873821	1.31E-07	0.472349778	0.0002373	-0.683447762	6.46E-09	-0.479193326	0.000186693
Stromal_TRPS1	-0.230444696	0.087510856	0.530263947	2.63E-05	0.613431031	4.99E-07	-0.00587867	0.965701474	-0.141834344	0.297071079	-0.240596075	0.074068927	0.574058822	3.73E-06	-0.049726723	0.715893059	0.43586179	0.000785876	0.62121883	3.24E-07	0.379671866	0.003901206	-0.515435537	4.80E-05	-0.324423893	0.014712184
Stromal_AMOTL1	-0.378006365	0.004074328	0.742197256	5.91E-11	0.590021161	1.71E-06	0.116106189	0.394130929	-0.182555238	0.178091676	-0.480093729	0.000180825	0.661431733	2.87E-08	-0.146457754	0.281439628	0.634250185	1.54E-07	0.727561939	2.13E-10	0.474471718	0.00022041	-0.717615234	4.86E-10	-0.522598575	3.60E-05
Stromal_STAT2	-0.409206653	0.001739104	0.579746077	2.84E-06	0.450320062	0.000496802	0.211606742	0.117444256	-0.265838884	0.047672273	-0.521181945	3.81E-05	0.626549204	2.40E-07	-0.252105284	0.060870675	0.457676241	0.000390325	0.656418706	3.96E-08	0.404970059	0.00196165	-0.645345215	7.90E-08	-0.488331521	0.000134451
Stromal_GPSM1	-0.210347943	0.119693041	0.520036644	3.99E-05	0.491425126	0.000120057	-0.042545706	0.755539886	-0.062038441	0.649670346	-0.171536866	0.20619194	0.349854092	0.008214608	-0.051850806	0.70430182	0.446988551	0.000553169	0.482637343	0.000165146	0.275641559	0.039762314	-0.370679459	0.004918995	-0.291957283	0.029010537
Stromal_MRVI1	-0.499847646	8.77E-05	0.800662479	1.29E-13	0.550141034	1.12E-05	0.183466944	0.175897297	-0.210823486	0.118839684	-0.565918981	5.48E-06	0.675054064	1.16E-08	-0.261938769	0.051157294	0.694481064	2.91E-09	0.752125715	2.36E-11	0.412369593	0.001587962	-0.76613374	5.97E-12	-0.6100809	5.99E-07
Stromal_ZNF521	-0.327995319	0.013593786	0.585293587	2.16E-06	0.628064398	2.20E-07	0.071652061	0.599738432	-0.235674377	0.080365223	-0.440140092	0.00068759	0.450802292	0.000489089	-0.044350541	0.745511633	0.460581599	0.000354323	0.716975454	5.12E-10	0.286173627	0.03250331	-0.698611012	2.14E-09	-0.431742342	0.000892307
Stromal_SFMBT2	-0.577202885	3.21E-06	0.657654335	3.66E-08	0.383779727	0.003501666	0.380214846	0.003846186	-0.272111265	0.042476002	-0.669795243	1.65E-08	0.564354618	5.90E-06	-0.32167769	0.01562492	0.569360632	4.67E-06	0.684727672	5.90E-09	0.303474341	0.022984923	-0.760476258	1.05E-11	-0.656731699	3.88E-08
Stromal_SHANK3	-0.265223352	0.048209032	0.390682904	0.002911235	0.462330703	0.000334132	-0.32507068	0.014503988	-0.191614483	0.157151276	-0.264922656	0.048473036	0.336720014	0.011163945	-0.040336524	0.767869379	0.290733106	0.029722374	0.386578603	0.003250596	0.197596247	0.144355914	-0.405803315	0.001915972	-0.261001116	0.052025341
Stromal_PAPPA	-0.28985602	0.030241309	0.403408637	0.002049867	0.53288298	2.36E-05	0.082100497	0.547477892	-0.374925051	0.004412554	-0.295605997	0.026972946	0.398596269	0.002344425	0.050509731	0.711612563	0.22487732	0.095655598	0.708155885	1.03E-09	0.289503093	0.030452246	-0.609849857	6.06E-07	-0.34582189	0.009037976
Stromal_ALPK2	-0.212733854	0.115458202	0.509051778	6.17E-05	0.587056486	1.98E-06	-0.153839766	0.257625792	-0.249712747	0.063445609	-0.280779041	0.036069984	0.541714758	1.62E-05	-0.080042852	0.557594469	0.359816802	0.006454053	0.514964278	4.89E-05	0.433442532	0.0008469	-0.52487961	3.28E-05	-0.268218031	0.045643308
Stromal_RUNX1T1	-0.509867878	5.97E-05	0.74192494	6.06E-11	0.548329157	1.22E-05	0.293363033	0.028210764	-0.227802498	0.091305685	-0.565546552	5.58E-06	0.640936582	1.03E-07	-0.336427167	0.011238968	0.637448024	1.27E-07	0.746160705	4.11E-11	0.381758895	0.003693453	-0.720299477	3.90E-10	-0.626908823	2.35E-07
Stromal_ARL10	-0.317592874	0.017071922	0.325289309	0.014434186	0.497459511	9.60E-05	0.134391441	0.323397769	-0.073279003	0.591458149	-0.286971148	0.032001824	0.349926294	0.008200479	-0.093110372	0.494895078	0.278806387	0.037452646	0.481695913	0.000170798	0.180617376	0.182821538	-0.389487982	0.003006635	-0.404396828	0.001993635
Stromal_CD84	-0.429539869	0.000954384	0.556012772	8.63E-06	0.419775036	0.001279057	0.210075384	0.120184243	-0.244656092	0.069175531	-0.523888142	3.42E-05	0.728641447	1.94E-10	-0.315536031	0.017842789	0.497418291	9.61E-05	0.561130986	6.84E-06	0.458367245	0.000381474	-0.624463345	2.70E-07	-0.499060818	9.04E-05
T_QPRT	0.304147439	0.02266819	-0.378656019	0.004006009	-0.345301813	0.009149219	0.060060912	0.660143632	0.27150571	0.042956433	0.377997611	0.004075256	-0.297154053	0.02614547	0.284565378	0.033534496	-0.284054309	0.033867825	-0.357062241	0.006904306	-0.099712318	0.464672745	0.410391965	0.00168102	0.351962962	0.00781056
T_OAS2	0.078831456	0.563591449	0.0064358	0.962453186	0.23169988	0.085751992	-0.252790078	0.060149371	0.028913949	0.832468879	0.034673966	0.799727228	0.242546263	0.071685188	0.261065737	0.051965135	-0.068996757	0.613360841	0.157163565	0.24736059	0.220609441	0.102289379	-0.068000026	0.618508365	-0.021272432	0.876336137
T_PLAG1	-0.295280211	0.027149857	-0.028354043	0.835667622	0.11773581	0.387481496	0.209093491	0.12196652	-0.023180113	0.865344834	-0.145757443	0.283771794	-0.040469317	0.767126606	0.000371601	0.997831282	-0.039906328	0.770277073	0.173328387	0.201421891	-0.16612867	0.221073644	-0.065456808	0.631724815	-0.138246999	0.309580994
T_FMR1	-0.244286553	0.06960996	-0.395466635	0.002555644	0.192505491	0.155194159	0.216967158	0.108227408	-0.163920095	0.227361021	-0.070929246	0.603433466	-0.23677907	0.07891646	0.217196462	0.107845922	-0.439493178	0.0007017	0.182501592	0.178221408	-0.377996061	0.00407542	0.034020702	0.803424537	-0.118179331	0.385683352
T_MST4	-0.10971924	0.420831468	-0.404296391	0.001999287	-0.030160413	0.825357578	0.271881646	0.042657653	-0.246325277	0.067240137	0.050837381	0.709824	-0.164196232	0.226568207	0.106002736	0.436831415	-0.391681022	0.002833615	0.039424893	0.772974095	-0.28780771	0.031482733	0.067500994	0.621092441	-0.06709002	0.623223952
