id	S01_MM	p.value_S01_MM	S02_MM	p.value_S02_MM	S03_MM	p.value_S03_MM	S04_MM	p.value_S04_MM	S05_MM	p.value_S05_MM	S06_MM	p.value_S06_MM	S07_MM	p.value_S07_MM	S08_MM	p.value_S08_MM	S09_MM	p.value_S09_MM	S01_Den	p.value_S01_Den	S02_Den	p.value_S02_Den	S03_Den	p.value_S03_Den	S04_Den	p.value_S04_Den	S05_Den	p.value_S05_Den	S06_Den	p.value_S06_Den	S07_Den	p.value_S07_Den	S08_Den	p.value_S08_Den	S01_PMN	p.value_S01_PMN	S02_PMN	p.value_S02_PMN	S03_PMN	p.value_S03_PMN
B_SIGLEC10	0.589215604	1.78E-06	0.105492656	0.439053615	0.468440755	0.000271535	0.373211391	0.00461116	0.414560164	0.001490285	0.43095055	0.000914192	-0.348142823	0.008555717	-0.03726434	0.785110016	-0.459468722	0.000367741	0.58444528	2.25E-06	0.459709812	0.000364796	0.138364044	0.30916757	-0.350471582	0.00809446	0.406039145	0.001903218	0.166081374	0.221207004	-0.07478091	0.583859882	0.451621827	0.000476229	-0.348698508	0.008443627	0.355809395	0.007118006	0.476139453	0.000207914
B_RIMS3	0.283019772	0.034551	0.446677479	0.000558717	0.137584167	0.311928926	0.174523196	0.198284432	0.690901723	3.78E-09	0.143592499	0.291061684	-0.591946173	1.55E-06	-0.162927628	0.230226334	-0.211056747	0.118422797	0.187149283	0.167233638	0.31255683	0.019011774	-0.147377369	0.278396388	-0.086661417	0.525373407	0.600968559	9.72E-07	0.239772593	0.075094198	-0.158717402	0.242658541	0.029501875	0.829112956	-0.30843842	0.020734455	0.64955062	6.09E-08	0.060380877	0.658444583
B_CFD	0.390756397	0.002905456	0.469098857	0.000265474	0.180208414	0.183831175	0.007594402	0.955700079	0.679445387	8.55E-09	0.150169743	0.269289524	-0.652258052	5.15E-08	-0.204711999	0.130165098	-0.256835269	0.056027831	0.342490139	0.009771429	0.156141019	0.250488517	-0.223750862	0.097373075	-0.073822144	0.58870526	0.61591747	4.36E-07	0.164897846	0.224562443	-0.194626943	0.150606832	-0.01459594	0.914972939	-0.278447411	0.037708911	0.699663361	1.98E-09	-0.005354382	0.968758789
B_TP53I3	0.351943847	0.007814143	0.41974416	0.001280224	0.218345971	0.105949096	0.176041676	0.194347377	0.651466578	5.41E-08	0.089687155	0.510958227	-0.582159976	2.52E-06	-0.070426889	0.606007364	-0.301656942	0.023858835	0.301391136	0.023988968	0.305029058	0.022258916	-0.152537444	0.261725076	-0.06437751	0.637368735	0.58782827	1.90E-06	0.156529146	0.249298106	-0.215829446	0.110135552	0.034847669	0.798744844	-0.323699208	0.014948491	0.610263862	5.93E-07	0.052061214	0.703157187
B_MUC1	0.275488296	0.039877081	0.425055975	0.001092915	0.192467175	0.155277949	0.095933798	0.481846569	0.587673124	1.92E-06	0.162909015	0.230280307	-0.458986091	0.000373702	-0.365633353	0.005586802	-0.01522606	0.911316664	0.262234351	0.05088611	0.169759547	0.211002418	0.022392532	0.86987962	-0.100606223	0.460658821	0.512825831	5.32E-05	0.262471874	0.050669042	-0.257919697	0.054962686	-0.007007081	0.959123021	-0.072693869	0.594430294	0.532726989	2.37E-05	0.005523155	0.96777456
B_AIF1	0.472816543	0.000233487	0.440042176	0.000689709	0.467172752	0.000283571	0.386941333	0.003219253	0.659699186	3.21E-08	0.435514371	0.000794388	-0.467003274	0.000285216	-0.119318406	0.381088007	-0.379581702	0.003910409	0.436430146	0.000772128	0.547129588	1.28E-05	0.016940553	0.901377765	-0.195000658	0.149809246	0.604363087	8.13E-07	0.313856435	0.018494068	-0.095041692	0.485949687	0.389875322	0.002975412	-0.318028825	0.016912235	0.604668027	8.00E-07	0.381275572	0.003740675
B_PRKCH	0.615594266	4.43E-07	0.237700575	0.077723803	0.351519103	0.007894132	0.361639205	0.006170473	0.732227096	1.43E-10	0.512557923	5.38E-05	-0.715666726	5.69E-10	-0.098401794	0.470591445	-0.546058282	1.34E-05	0.530763932	2.58E-05	0.502384468	7.97E-05	-0.046430666	0.734005645	-0.453521503	0.000447591	0.740266791	7.03E-11	0.238605707	0.076566272	-0.147357187	0.278462943	0.429383268	0.000958943	-0.541375314	1.64E-05	0.640665267	1.05E-07	0.442667634	0.000634881
B_TRIM36	-0.335335406	0.011522508	-0.303331065	0.023052823	-0.195787253	0.148140726	0.004563435	0.973371913	-0.658112423	3.55E-08	-0.136029298	0.317481341	0.699414143	2.02E-09	-0.060994264	0.65519224	0.364788615	0.005706039	-0.249954199	0.063181847	-0.129003035	0.34335135	0.278014625	0.038019794	0.198529594	0.142431543	-0.610629363	5.81E-07	-0.129824668	0.340260408	0.268874521	0.045096067	-0.03527309	0.79634017	0.445892209	0.000572947	-0.613094441	5.08E-07	0.025261626	0.853380864
B_SNX24	0.306814421	0.021449202	0.463033069	0.000326323	0.327270164	0.013814769	0.137838459	0.311026809	0.697505242	2.33E-09	0.234619102	0.081768709	-0.678720366	8.99E-09	-0.211709273	0.117262518	-0.278374447	0.037761176	0.269405243	0.044657605	0.325551738	0.01435078	-0.155236926	0.253276364	-0.136088912	0.317267305	0.62705456	2.33E-07	0.139429238	0.305421424	-0.143593703	0.291057596	0.169963779	0.210445668	-0.384061598	0.003475627	0.65036089	5.79E-08	0.125170618	0.357997909
B_PARVG	0.658412962	3.48E-08	0.328490549	0.013444621	0.446621379	0.000559723	0.431662824	0.000894483	0.563215894	6.21E-06	0.468675141	0.000269362	-0.358795611	0.006617887	-0.375991134	0.004292837	-0.217241613	0.107770928	0.630410769	1.92E-07	0.559648855	7.32E-06	0.128535168	0.345119206	-0.315105357	0.018007896	0.466005124	0.000295081	0.331287182	0.012628375	-0.131591881	0.333671192	0.396501547	0.002483998	-0.115032	0.398550469	0.53605025	2.06E-05	0.508887385	6.21E-05
B_ITLN1	0.409512941	0.001723926	0.338085688	0.010819761	0.163083117	0.229775786	-0.07245462	0.595647447	0.602423214	9.00E-07	0.086047623	0.528322107	-0.660503291	3.04E-08	-0.052921945	0.698481583	-0.281360276	0.03567075	0.378655241	0.004006091	0.059390623	0.663708446	-0.256427506	0.05643264	-0.193939982	0.15208115	0.552543323	1.01E-05	0.229969959	0.088183421	-0.269030261	0.044967037	-0.050896955	0.709498966	-0.305743848	0.02193169	0.611326497	5.60E-07	-0.084579848	0.535406434
B_FKBP5	0.266918079	0.046742974	0.157462054	0.246452561	0.321003715	0.015856182	0.254151993	0.058735316	0.371199485	0.004854335	0.288116405	0.031292967	-0.263437825	0.049794031	-0.137242503	0.313143637	-0.336119953	0.011318139	0.282975103	0.034580753	0.339804514	0.010399631	0.022463299	0.86947198	-0.156711807	0.248739206	0.402503789	0.002102592	0.043441923	0.750555092	0.123823718	0.363234825	0.353184503	0.007584524	-0.288816318	0.030866236	0.243218428	0.070877895	0.363857723	0.005840015
B_PARM1	0.370711282	0.004915016	0.417887515	0.00135219	0.104477801	0.443493619	-0.043176511	0.752030281	0.705168136	1.30E-09	0.047958399	0.725591814	-0.701231851	1.76E-09	-0.007039908	0.958931685	-0.36892326	0.005142988	0.297473883	0.025977198	0.117878519	0.386902377	-0.332331944	0.012334576	-0.150599094	0.2679071	0.662769798	2.63E-08	0.210373391	0.119647256	-0.192162981	0.155944351	-0.021647536	0.874173039	-0.425052522	0.001093028	0.688282169	4.57E-09	-0.088715225	0.515566682
B_EMB	0.497132671	9.71E-05	0.233502762	0.083274368	0.180593926	0.182879322	-0.029207348	0.83079376	0.418496612	0.001328191	0.177829506	0.189783814	-0.631521351	1.80E-07	-0.065754447	0.63017203	-0.2707181	0.043587973	0.43824246	0.000729725	0.067843093	0.619320496	-0.051078806	0.708507113	-0.365480357	0.005608234	0.408525054	0.001773311	0.176177373	0.193998281	-0.207247416	0.125371682	0.098048189	0.472195326	-0.313143763	0.01877646	0.371598288	0.004805256	0.063192588	0.643588596
B_LINC00261	0.335233339	0.011549328	0.32913674	0.013252101	0.091388426	0.50294222	-0.003412771	0.980084566	0.628647631	2.13E-07	0.072580135	0.595008767	-0.674445048	1.21E-08	-0.127390102	0.349469631	-0.188316078	0.164554582	0.272007118	0.042558314	0.138403555	0.309028087	-0.255652505	0.057208547	-0.141569382	0.297983665	0.580222766	2.77E-06	0.231060909	0.086643868	-0.313854853	0.01849469	-0.072431543	0.595764909	-0.334721967	0.011684514	0.590197377	1.69E-06	-0.09456334	0.488157338
B_FRMD3	0.363335784	0.005916333	0.281590786	0.035513436	0.069966218	0.608371866	-0.002392365	0.986038493	0.608289554	6.59E-07	0.100417185	0.46150609	-0.698526189	2.15E-09	-0.035857535	0.79303968	-0.28065754	0.036153906	0.291075275	0.029521954	0.099092918	0.467465101	-0.262644993	0.050511307	-0.182126764	0.179129777	0.613746736	4.91E-07	0.176447184	0.193305489	-0.300525432	0.024416951	-0.054249159	0.691293777	-0.386458624	0.003261023	0.628423204	2.15E-07	-0.082281776	0.546590872
B_FFAR4	0.291071398	0.029524219	0.396079037	0.00251303	0.248988167	0.064242453	-0.050357213	0.712445649	0.617037447	4.09E-07	0.068076438	0.618113093	-0.638037391	1.23E-07	-0.141046901	0.299788524	-0.228942	0.089653619	0.270054955	0.044125602	0.078762417	0.56393413	-0.070399637	0.60614713	-0.193402779	0.153241484	0.569530489	4.63E-06	0.123695374	0.363736259	-0.230652216	0.087218128	-0.083219758	0.54201227	-0.269482359	0.044594186	0.581853261	2.56E-06	-0.100209529	0.462437776
B_LOC643733	0.360941312	0.006277756	0.246356366	0.067204504	0.488895706	0.000131714	0.138734506	0.307861369	0.512022718	5.49E-05	0.048268351	0.723888669	-0.475830616	0.000210178	-0.008101885	0.952743068	-0.349346124	0.008314605	0.397879478	0.002391379	0.275462638	0.039896321	0.111853276	0.411797475	-0.19638919	0.146873251	0.494113741	0.000108708	0.139735601	0.304349428	-0.051553308	0.705921338	0.107555534	0.430105429	-0.378460827	0.004026429	0.518599621	4.23E-05	0.118115365	0.385942378
B_DENND2A	0.323017811	0.015173639	0.441527083	0.000658196	0.084853613	0.534081563	0.025574606	0.8515847	0.594701376	1.34E-06	-0.083460922	0.540838081	-0.526124813	3.12E-05	0.006342356	0.962997959	-0.210157263	0.120036519	0.211868619	0.116980502	0.180205606	0.183838122	-0.315947146	0.017686385	-0.149155305	0.272574679	0.514952015	4.89E-05	0.204276661	0.131001861	-0.20293917	0.133598015	-0.128448598	0.345446933	-0.276416825	0.039185943	0.598961328	1.08E-06	-0.130299331	0.338482675
Epithelial_GAMT	-0.036017313	0.792138006	0.091638988	0.501767107	-0.27321095	0.041614835	-0.19724761	0.145079677	-0.40036688	0.002231936	-0.369516699	0.005066316	0.536319263	2.04E-05	-0.448423493	0.000528217	0.643169953	9.01E-08	0.004324762	0.974764133	-0.318768225	0.016644308	0.074715619	0.584189275	0.267772626	0.046017678	-0.495682002	0.000102551	0.140536109	0.301559842	-0.043072593	0.752608109	-0.347178011	0.008753407	0.646669617	7.28E-08	-0.269973233	0.044192232	-0.307766853	0.021027536
Epithelial_KCNH8	-0.23878483	0.076338826	-0.241789592	0.072602719	0.041635201	0.760614304	-0.032732381	0.81072858	-0.361201244	0.006237609	-0.054693518	0.688893251	0.262404179	0.05073083	0.273268462	0.041570195	-0.005172322	0.969820552	-0.180007346	0.184329036	-0.07658065	0.574813513	0.045778688	0.737605886	0.078479139	0.565341235	-0.225009613	0.095455451	-0.156540424	0.249263575	0.211942031	0.116850748	0.079534464	0.560107548	-0.114641347	0.400164898	-0.357080699	0.0069012	0.065685272	0.630532777
Epithelial_LOC284926	0.283692559	0.034105425	0.511058191	5.70E-05	0.367846388	0.005284724	0.165114006	0.22394698	0.414235483	0.001504414	0.286519999	0.032284712	-0.243291311	0.070790797	-0.548146647	1.23E-05	0.120116873	0.377886332	0.296834238	0.026314649	0.281816357	0.035360051	0.110600965	0.417085244	0.113806273	0.40362874	0.360263349	0.006383533	0.136590101	0.315471505	-0.123782171	0.3633971	0.193776164	0.152434298	0.091233052	0.503671615	0.430284327	0.00093298	0.197735875	0.144066804
Epithelial_FAM201A	-0.258136054	0.054752152	-0.181134568	0.181550433	-0.100152298	0.462694732	-0.009947619	0.941993957	-0.122856305	0.36702484	-0.08413282	0.537573252	0.251890993	0.061097816	0.072812872	0.593825288	0.077113024	0.572149949	-0.263290503	0.049926682	-0.081411826	0.550853957	-0.027050138	0.843126995	-0.110711266	0.416617952	-0.126633522	0.352362567	-0.187246999	0.16700806	0.087675126	0.520521483	-0.030158877	0.825366332	0.126164048	0.35416508	-0.168326649	0.214937712	-0.011334689	0.933922642
Epithelial_FAM111B	-0.330191247	0.012943016	-0.390992743	0.00288694	-0.330788946	0.012770593	-0.175190689	0.196546858	-0.53384367	2.26E-05	-0.289766628	0.030294621	0.482339971	0.000166913	0.416877585	0.00139284	0.133784233	0.325608814	-0.390714501	0.002908749	-0.304157249	0.022663601	-0.111614744	0.412801666	-0.013503411	0.921316438	-0.47489617	0.000217167	-0.222658608	0.099061185	0.10880585	0.424732398	-0.196495092	0.146651094	0.163875457	0.22748936	-0.526638192	3.05E-05	-0.209116821	0.12192394
Epithelial_LOC283177	0.031810419	0.815965464	-0.202977418	0.13352324	-0.373096971	0.004624697	-0.248370183	0.064928397	-0.223196975	0.09822631	-0.126527345	0.352769731	0.211342553	0.117913524	-0.288937768	0.030792686	0.444223509	0.000604279	-0.016914234	0.901530232	-0.343402737	0.009565576	-0.0169901	0.901090758	-0.037838341	0.78188074	-0.267967239	0.045853795	0.075018845	0.582660216	-0.326543455	0.01403931	-0.225064498	0.095372511	0.427916157	0.001002609	-0.19750358	0.144548025	-0.267194803	0.046507089
Epithelial_LOC728613	-0.143219823	0.292328812	-0.339811239	0.010398015	-0.173566853	0.200792908	-0.048771442	0.721127085	-0.198519998	0.142451232	-0.159999241	0.238825849	0.170672665	0.208521219	0.513183491	5.25E-05	-0.099543669	0.465432147	-0.190912062	0.158706928	-0.116287352	0.393388423	-0.200323848	0.13878603	-0.200557545	0.138316401	-0.219154707	0.10463007	-0.225530367	0.094670765	0.003575671	0.979134162	-0.045598595	0.738601353	-0.052436122	0.701119281	-0.219105192	0.104710461	-0.117188488	0.389707315
Epithelial_UPP1	-0.147471828	0.278085037	0.336472297	0.011227378	0.255476532	0.057385921	0.431057478	0.000911209	0.243009205	0.071128398	0.236863751	0.078806262	-0.048772644	0.721120491	-0.13401603	0.324763638	-0.122418839	0.368746527	-0.106137705	0.436244467	0.492567359	0.000115109	0.077994995	0.567749876	0.016766552	0.90238579	0.227771476	0.091350991	-0.087610365	0.520830776	0.373077571	0.004626995	0.28630385	0.032420981	-0.136461464	0.3159318	0.163445022	0.228729487	0.374760185	0.004431329
Epithelial_KDELR3	-0.066880508	0.624311769	0.270141401	0.044055211	0.186924839	0.167752614	0.277234715	0.038585374	0.236807889	0.078878943	0.02333168	0.86447262	-0.305016657	0.02226463	-0.014267993	0.916876544	-0.119590047	0.379996975	-0.028755271	0.833375132	0.279612208	0.036882629	0.12269496	0.367659258	-0.100459731	0.461315323	0.225973186	0.094007473	-0.093283093	0.494091608	0.07121206	0.601986533	0.023350347	0.864365209	-0.25200783	0.060973888	0.150954208	0.266767293	0.099195336	0.46700276
Epithelial_FGFBP1	-0.010422387	0.939230604	0.271559468	0.042913604	0.111736141	0.412290421	-0.093306688	0.4939819	0.207993589	0.123986766	-0.14905667	0.272895514	-0.131401853	0.334375864	-0.108580569	0.425697683	-0.033065703	0.808837273	0.030575422	0.822992934	-0.061170348	0.654259764	0.049221352	0.718660406	0.234195578	0.082337388	0.11262394	0.408562723	-0.073560702	0.590029653	0.047503346	0.728094662	-0.201116266	0.137198438	0.067170934	0.622804051	0.189898731	0.160971068	-0.194133103	0.15166561
Epithelial_GNG4	-0.201381448	0.136670203	-0.19375919	0.152470924	-0.249317364	0.063879435	-0.174114821	0.199352855	-0.297053476	0.026198576	-0.102356233	0.452855558	0.404502213	0.00198772	0.117063789	0.390215488	0.138855188	0.307436629	-0.184017046	0.174582779	-0.275131985	0.040144951	0.02148353	0.875118698	0.247606875	0.065783737	-0.278510773	0.037663573	-0.134904593	0.321536644	0.372825474	0.004656957	-0.093706444	0.49212513	0.177765037	0.189947029	-0.292890938	0.028477268	-0.025243439	0.853485256
Epithelial_CEACAM8	-0.333028329	0.012142028	-0.181879718	0.179730302	-0.240504113	0.074182869	-0.161944545	0.233089061	-0.529604809	2.70E-05	-0.27459551	0.040551062	0.562743517	6.35E-06	0.040278253	0.768195378	0.412526021	0.001580801	-0.299753593	0.024803935	-0.286768501	0.032128635	0.045358105	0.739931334	0.109356756	0.422377122	-0.516793466	4.55E-05	-0.104277235	0.444374042	0.099940898	0.46364455	-0.209310124	0.121571583	0.460499666	0.000355296	-0.44030179	0.000684103	-0.223970089	0.097036963
Epithelial_CYP2B6	-0.093670077	0.492293895	-0.382256178	0.003645417	-0.365805575	0.005562762	-0.155220955	0.253325798	-0.442795879	0.000632307	-0.146806332	0.280283524	0.382744415	0.003598793	0.18079479	0.182384787	0.145571615	0.284392764	-0.133721352	0.325838327	-0.245533216	0.068153049	-0.066179297	0.627958336	0.052946939	0.698345977	-0.489120496	0.000130637	-0.135499994	0.319385754	-0.019250057	0.888013589	-0.108071958	0.427881546	0.300480632	0.024439273	-0.420236116	0.00126174	-0.149888273	0.270198378
Epithelial_IRF7	0.151427698	0.265252584	0.045646763	0.738335061	0.311979146	0.019245822	0.259314972	0.05361642	0.137594022	0.311893933	0.302189391	0.023599948	-0.134941673	0.321402425	-0.261887913	0.05120407	-0.099059754	0.467614866	0.237517713	0.077959331	0.277966296	0.038054642	0.182146447	0.179081995	-0.05074794	0.710312087	0.182754938	0.177609333	-0.088600572	0.516111695	0.20453122	0.130512083	0.397020393	0.002448756	-0.162368974	0.231850133	0.097948498	0.472648032	0.335278337	0.011537498
Epithelial_NEU1	-0.307096245	0.021323692	-0.07889194	0.56329131	-0.254881364	0.057989125	-0.268500146	0.045407478	-0.510078802	5.92E-05	-0.397269286	0.002432008	0.672277476	1.40E-08	0.169476636	0.211775359	0.316126498	0.017618519	-0.235176955	0.081024392	-0.352813759	0.007652517	-0.036999714	0.786599995	0.376362257	0.004251837	-0.504157435	7.45E-05	0.064792725	0.635195027	0.36592637	0.005545955	-0.230004286	0.088134655	0.318456058	0.016756978	-0.41678013	0.00139682	-0.253802493	0.059095611
Epithelial_TSPAN6	-0.105103798	0.440751933	-0.065951733	0.629143665	-0.10526864	0.440031547	-0.369798239	0.005030294	-0.194920601	0.14997984	-0.411777279	0.001615338	0.350650315	0.008059969	0.327550739	0.013728904	0.193092215	0.153915267	-0.092717477	0.496725277	-0.339774297	0.010406893	-0.028541571	0.834595975	0.001142046	0.993334921	-0.25694495	0.055919347	0.174309541	0.198842906	0.020668203	0.879822409	-0.354830705	0.007288934	0.169272061	0.212335518	-0.101729888	0.455640052	-0.326027821	0.014200524
Epithelial_AZGP1	-0.414782798	0.001480666	-0.291774719	0.029115781	-0.272764282	0.041962873	-0.138258953	0.309538751	-0.593248642	1.45E-06	-0.225727218	0.094375457	0.632384732	1.71E-07	0.211772617	0.117150347	0.282944571	0.034601103	-0.368548324	0.005191953	-0.257234805	0.055633472	0.03015689	0.825377657	0.160582705	0.237095117	-0.588742928	1.82E-06	-0.095855862	0.482204289	0.290141811	0.030071394	-0.083755088	0.539407509	0.24860767	0.064664102	-0.576680332	3.29E-06	-0.083006867	0.543049827
Epithelial_SLC19A2	-0.339656051	0.010435355	-0.504371571	7.39E-05	-0.320433185	0.016054229	-0.080976112	0.552995078	-0.502640906	7.89E-05	-0.030758744	0.821948891	0.317620057	0.017061928	0.507249297	6.61E-05	-0.048083614	0.724903616	-0.391151294	0.002874578	-0.177957192	0.189460847	-0.179251185	0.186210039	-0.071151015	0.602298725	-0.342968408	0.009663073	-0.168142057	0.215448386	0.201384291	0.136664548	0.086713122	0.525125387	-0.124402794	0.360977619	-0.544939863	1.41E-05	0.010003198	0.941670426
Epithelial_GRB7	-0.298368082	0.025511553	-0.147343647	0.278507597	-0.187413953	0.166623161	-0.291751368	0.029129265	-0.565472987	5.60E-06	-0.350992565	0.007994281	0.527980179	2.89E-05	0.034248377	0.802135466	0.443047089	0.000627291	-0.188125404	0.164990224	-0.398426182	0.002355492	0.135389688	0.319783543	0.181846073	0.1798122	-0.57849225	3.02E-06	0.019439414	0.886919175	0.038403964	0.778702168	-0.34577964	0.009046969	0.45687646	0.000400802	-0.436799077	0.00076332	-0.298169439	0.025614384
Epithelial_GALNT10	0.048826801	0.72082342	0.462045353	0.000337353	0.347521429	0.00868259	0.189486572	0.16189873	0.475676225	0.000211318	0.295637511	0.026955884	-0.484318772	0.000155475	-0.204824354	0.129949797	-0.314843003	0.018109111	0.094262281	0.489549455	0.324365414	0.014731134	0.035680441	0.794039396	0.104762105	0.442247278	0.421663743	0.001209448	0.042531344	0.75561985	0.273381183	0.041482818	0.209152999	0.121857936	-0.33296627	0.012159081	0.426181893	0.001056528	0.238371577	0.076864371
Epithelial_LYPLA1	-0.366586777	0.005454853	-0.513251658	5.23E-05	-0.359007068	0.006583667	-0.111048657	0.415190453	-0.565555171	5.58E-06	-0.2172766	0.107712843	0.50965507	6.02E-05	0.377241807	0.004156045	0.182243076	0.178847548	-0.404410817	0.001992849	-0.258190397	0.054699375	-0.132539731	0.33017024	-0.028202541	0.83653361	-0.441351526	0.000661853	-0.271158699	0.043233749	0.11360077	0.404483825	-0.066320888	0.627221294	0.118294615	0.385216772	-0.55895858	7.55E-06	-0.146428012	0.281538415
Epithelial_C9orf3	0.022584262	0.868775277	-0.024419942	0.858214843	0.385445461	0.003350256	0.318540233	0.016726533	0.383609136	0.003517509	0.434195655	0.00082746	-0.355031288	0.007253614	0.303168608	0.023130018	-0.526969268	3.01E-05	0.02444207	0.858087688	0.397529138	0.002414632	0.143162794	0.292523031	-0.386598019	0.003248912	0.435911488	0.000784665	-0.041070701	0.763765418	0.083631969	0.54000603	0.406994738	0.001852309	-0.515460845	4.79E-05	0.21413908	0.11301816	0.381508707	0.003717831
Epithelial_PRMT3	-0.48975619	0.000127637	-0.517731143	4.38E-05	-0.265868641	0.047646448	-0.185243458	0.171677841	-0.65352029	4.75E-08	-0.268370643	0.04551561	0.572949007	3.94E-06	0.530135851	2.64E-05	0.086593045	0.525701465	-0.474099537	0.000223291	-0.302485833	0.023456843	-0.006211929	0.963758375	0.042103178	0.758004913	-0.561330148	6.78E-06	-0.250119548	0.063001728	0.200507549	0.13841677	-0.138743205	0.307830741	0.145592305	0.284323581	-0.635930212	1.39E-07	-0.1404772	0.30176456
Epithelial_MTCL1	-0.123998584	0.362552302	-0.112187605	0.410392369	0.274689914	0.040479354	0.224137733	0.096780545	0.14593113	0.283192202	0.371821618	0.004777963	-0.303121555	0.023152417	0.204807899	0.129981312	-0.225937916	0.094060172	-0.117451664	0.388636105	0.273806976	0.04115412	0.215898159	0.11001958	-0.374910311	0.00441423	0.226338917	0.093462387	-0.062295546	0.648313555	0.119526048	0.380253853	0.35162277	0.007874544	-0.386490789	0.003258225	0.013151021	0.923363563	0.309824553	0.020140456
Epithelial_KAZN	0.18583705	0.170284529	0.083289569	0.541672245	-0.099358421	0.466267066	0.002947041	0.982801923	0.398859417	0.002327394	0.191212602	0.158039941	-0.236292823	0.07955159	-0.256212936	0.056646604	-0.084942304	0.533652694	0.174361536	0.198706894	0.025570374	0.851608982	-0.183498075	0.175822717	0.031162564	0.819650178	0.37556036	0.004340862	0.209797717	0.120686226	0.087962298	0.51915108	0.084932805	0.53369862	-0.211207085	0.118154705	0.339271828	0.0105283	0.066981156	0.623789091
Epithelial_MUC1	0.284988633	0.033260509	0.207817447	0.124312639	0.167064437	0.218446581	0.016220436	0.905550535	0.483310316	0.000161211	0.050851695	0.7097459	-0.536335492	2.04E-05	-0.24358611	0.070439371	0.043668203	0.749298102	0.244064996	0.069871464	0.087697779	0.520413318	0.037867309	0.781717866	-0.144171009	0.289101827	0.452274029	0.000466215	0.077405116	0.570690987	-0.415207083	0.001462487	-0.127291725	0.349844963	-0.15603721	0.250807558	0.480386653	0.000178952	-0.112191842	0.410374579
Epithelial_GPR161	0.186935617	0.167727664	0.378316787	0.004041557	0.307386915	0.021194895	0.302225648	0.023582406	0.619547137	3.56E-07	0.441592735	0.000656833	-0.5815426	2.60E-06	-0.173838131	0.200079074	-0.385734823	0.003324553	0.170362506	0.209361692	0.417664141	0.001361088	0.011422215	0.933413545	-0.161421523	0.234622054	0.630473895	1.91E-07	0.092436313	0.498037159	-0.033225761	0.807929472	0.339450502	0.010484989	-0.36566167	0.005582843	0.494566688	0.000106896	0.316207907	0.017587787
Epithelial_MUC5AC	-0.096159266	0.480812466	0.090711267	0.506125083	-0.105121314	0.440675356	0.102059392	0.454174035	0.034483725	0.800803501	0.056440653	0.679484512	-0.059216647	0.66463492	0.102750478	0.451107699	-0.053835335	0.693532065	-0.103308208	0.448641384	0.068167306	0.617643184	-0.128609783	0.344836891	0.127263877	0.349951255	0.028949888	0.832263649	-0.023846264	0.861512581	0.192896863	0.154340212	0.027521862	0.840426741	-0.116713291	0.391645934	0.029614172	0.828472299	0.027004091	0.843390673
Epithelial_TOX3	-0.221329138	0.101146449	-0.486949045	0.000141381	-0.30348462	0.022980058	-0.344815297	0.009254357	-0.178619067	0.187793023	-0.283114936	0.034487682	0.06933377	0.611624535	0.431955757	0.000886489	-0.105845271	0.437516747	-0.276797317	0.038905599	-0.392171893	0.002796119	-0.196086381	0.147509852	-0.197733721	0.144071262	-0.104452962	0.443602604	-0.174612093	0.198052394	-0.078719098	0.564149198	-0.178495769	0.188102915	-0.215682983	0.110383062	-0.210957576	0.1185999	-0.295191479	0.027198209
Epithelial_MST4	-0.246920546	0.066560501	-0.430127683	0.000937447	-0.048324995	0.723577562	-0.055898603	0.682398474	-0.441883025	0.000650838	-0.117376098	0.388943505	0.276111758	0.039411917	0.489128979	0.000130597	-0.066964808	0.623873976	-0.258495955	0.054403386	-0.118693032	0.38360688	0.053619352	0.694701307	-0.16643336	0.220215855	-0.364715461	0.005716469	-0.262493424	0.050649385	0.089191422	0.513306152	0.009843201	0.942601804	-0.105394848	0.439480443	-0.412255389	0.001593208	0.030404605	0.823966026
Epithelial_PARP12	0.047845911	0.72621025	0.151948011	0.263594741	0.514632672	4.95E-05	0.288462693	0.031081227	0.235248335	0.080929541	0.291753195	0.02912821	-0.219678872	0.103781962	0.248742343	0.064514611	-0.333759363	0.011942691	0.125064308	0.358409569	0.356585242	0.006984999	0.226546788	0.093153674	-0.199781913	0.139879676	0.310705882	0.019770336	-0.027183006	0.842366243	0.163617133	0.228233058	0.326048129	0.014194145	-0.403780408	0.002028548	0.250709985	0.062361913	0.327281226	0.013811375
Epithelial_MOSPD1	-0.281483315	0.035586709	-0.392176025	0.002795805	-0.11525946	0.397612217	0.09128381	0.503433272	-0.279617721	0.036878754	-0.018401525	0.892920313	0.274231257	0.040828726	0.549372224	1.16E-05	-0.116927023	0.390773286	-0.329917124	0.013022761	0.052864117	0.698795369	-0.101818191	0.455246924	-0.177741763	0.190005978	-0.203502719	0.132499453	-0.092316321	0.498597571	0.242773923	0.071410945	0.109891845	0.420096607	-0.1835196	0.175771161	-0.287946705	0.031397169	0.121872668	0.370902875
Epithelial_ASRGL1	0.15483893	0.25451025	0.394678088	0.002611461	0.059659975	0.662275046	0.096282172	0.480249259	0.320782556	0.015932703	-0.120720808	0.375475425	-0.192046585	0.156199898	-0.107622437	0.429816956	0.019470553	0.886739223	0.115730278	0.395674251	0.144922931	0.286567433	-0.127176023	0.350286716	-0.027453035	0.840820608	0.25875385	0.054154579	0.329016052	0.013287876	-0.011221107	0.934583337	-0.106048785	0.436631106	-0.061108807	0.654585602	0.315637695	0.017804003	-0.085480405	0.531054315
Epithelial_USP18	-0.098026468	0.472293941	-0.005990201	0.965051157	0.444906543	0.000591272	0.190623189	0.15934997	-0.082137253	0.547297984	0.126829754	0.351610823	-0.067868398	0.619189511	0.129231655	0.342489548	-0.128609778	0.344836913	-0.056120936	0.681202696	0.24281	0.071367563	0.346930703	0.008804714	-0.177769894	0.18993473	-0.036722239	0.788163133	-0.144034591	0.289563198	0.032921904	0.809653072	0.218978132	0.104916971	-0.203682527	0.132150378	-0.059644104	0.662359477	0.266762317	0.04687618
Epithelial_RNF128	-0.337554373	0.010952561	-0.420338137	0.001257937	-0.445741626	0.000575713	-0.29872726	0.025326501	-0.553899293	9.49E-06	-0.264073123	0.049225284	0.261615219	0.051455484	0.291503604	0.029272662	0.181678334	0.180220906	-0.419378163	0.001294132	-0.371987323	0.0047578	-0.153632995	0.258273731	-0.069419853	0.611181375	-0.429243008	0.000963042	-0.223902931	0.097139832	-0.044664607	0.743770801	-0.172957492	0.202402946	0.008928059	0.947930486	-0.51078351	5.76E-05	-0.29123036	0.029431489
Epithelial_PXMP4	-0.405113055	0.001953743	-0.371337183	0.00483734	-0.263900615	0.049379194	-0.204460969	0.130647109	-0.612687034	5.20E-07	-0.313989981	0.018441554	0.720306782	3.90E-10	0.380393381	0.003828245	0.264431214	0.048907048	-0.362159236	0.006091578	-0.344800248	0.009257626	0.08240949	0.545966363	0.200438251	0.138555981	-0.621596137	3.18E-07	-0.162248011	0.232202766	0.252806749	0.060131897	-0.24180324	0.072586087	0.38818653	0.003113685	-0.566046864	5.45E-06	-0.186995697	0.167588643
Epithelial_CEP72	-0.517566965	4.41E-05	-0.411776206	0.001615388	-0.07900393	0.56273578	-0.002841178	0.98341962	-0.554969063	9.05E-06	-0.046628359	0.732915097	0.564285759	5.91E-06	0.454333902	0.000435828	-0.024741013	0.856370238	-0.466789985	0.000287298	-0.114772624	0.39962195	0.136628566	0.31533395	0.14825651	0.275507516	-0.543972708	1.47E-05	-0.245517252	0.06817155	0.44028581	0.000684447	0.11078164	0.416319966	0.088472098	0.51672275	-0.586210002	2.06E-06	0.117858352	0.386984185
Epithelial_RNF39	-0.204193569	0.13116203	-0.249528711	0.063647243	-0.432193439	0.000880051	-0.069101462	0.612821169	-0.373652703	0.004559276	-0.089348019	0.512563878	0.394991993	0.002589113	-0.035502978	0.795041514	0.372345641	0.004714456	-0.247826036	0.065537232	-0.205828291	0.128037901	-0.053565449	0.694993224	0.135410936	0.319706893	-0.398889976	0.002325423	-0.043699302	0.749125397	0.024692161	0.856650854	-0.177259416	0.191230596	0.396424842	0.002489247	-0.355186702	0.00722635	-0.132209607	0.331386944
Epithelial_FAM122B	-0.162844759	0.230466706	-0.575999167	3.40E-06	-0.169872858	0.210693397	-0.157868564	0.245219575	-0.389281209	0.003023422	-0.185758077	0.17046942	0.336053808	0.011335248	0.341486459	0.010002246	0.041625014	0.760671134	-0.164459648	0.225813705	-0.263639908	0.049612539	-0.056155275	0.681018076	-0.300321494	0.024518703	-0.312203689	0.019154559	-0.305440149	0.022070221	-0.044787674	0.743088998	-0.030969052	0.820751545	-0.048649586	0.72179566	-0.366361943	0.00548572	-0.127550959	0.348856457
Epithelial_ANKH	-0.124039791	0.362391584	-0.160584286	0.237090439	-0.164055794	0.226971175	-0.171431909	0.206473846	-0.189792483	0.161209831	0.01739572	0.898741626	-0.020960542	0.87813539	0.480473081	0.000178403	-0.108984422	0.423968137	-0.180609859	0.182840061	-0.148218473	0.27563209	-0.233204254	0.083680656	-0.011578245	0.932506058	-0.153809001	0.257722127	0.013591606	0.920804169	0.112759943	0.407993401	0.061893117	0.650437747	-0.128160863	0.346537587	-0.150575498	0.26798295	-0.073028787	0.592728291
Epithelial_FKBP5	0.208074741	0.123836848	0.202670728	0.134123708	0.154266462	0.256292158	0.30681261	0.02145001	0.457374743	0.000394245	0.220287386	0.102804047	-0.358429418	0.006677516	-0.095835523	0.482297671	-0.257982814	0.0549012	0.162659597	0.231004416	0.360908664	0.006282814	-0.063545028	0.641736013	-0.129644166	0.34093796	0.459937054	0.000362039	-0.079036493	0.562574298	-0.016314039	0.905008003	0.215476365	0.110732954	-0.316842686	0.017349723	0.415142893	0.001465224	0.246054918	0.067550641
Epithelial_ELOVL7	0.001362933	0.99204585	0.04305882	0.7526847	0.043047735	0.752746347	-0.227175637	0.092224604	0.26547643	0.047987748	-0.185057047	0.172117103	-0.21667662	0.108712256	0.259382258	0.05355218	-0.072241588	0.596732156	-0.072866617	0.593552142	-0.132025665	0.332066098	-0.126984167	0.35101998	-0.089603356	0.51135474	0.211400402	0.117810647	0.074337399	0.586099039	-0.010577883	0.938325706	-0.142994893	0.293095329	-0.252719384	0.060223513	0.263420114	0.049809962	-0.185655862	0.170708946
Epithelial_S100A16	-0.040871546	0.764878035	0.413554418	0.001534443	0.212890591	0.115184065	0.225543384	0.094651215	0.193510041	0.153009281	0.086036027	0.528377895	-0.116835852	0.391145389	-0.161651564	0.233946944	0.014108019	0.917805304	-0.029611509	0.828487494	0.259459006	0.053478982	0.053690248	0.694317428	0.172405825	0.203868414	0.17791634	0.189564134	0.115438353	0.396875208	0.21636676	0.109231187	0.050334813	0.712568033	-0.043733132	0.748937541	0.179067169	0.186669869	0.153608326	0.258351108
Epithelial_EPB41L5	-0.346158104	0.008966686	-0.346479357	0.008899026	-0.159794416	0.239435472	-0.235560514	0.080515737	-0.517600056	4.40E-05	-0.329607881	0.01311323	0.468468473	0.000271278	0.575316601	3.52E-06	0.024350296	0.858615072	-0.303422021	0.023009699	-0.305673034	0.021963926	-0.025567045	0.851628082	0.145750037	0.283796525	-0.491426851	0.000120049	-0.183987196	0.174653923	0.183083161	0.176818622	-0.203768029	0.13198463	0.088162865	0.518195039	-0.481563288	0.000171608	-0.213802228	0.113599442
Epithelial_PDZD8	-0.084982587	0.533457957	-0.394265991	0.002641059	-0.235089203	0.08114112	-0.284926507	0.033300608	-0.17641517	0.1933876	-0.316964506	0.017304351	0.099962669	0.463546683	0.34217068	0.009844389	-0.091320366	0.503261657	-0.136292752	0.316536145	-0.322897165	0.015213804	-0.218616079	0.105507138	-0.276405911	0.039194009	-0.128191202	0.346422486	-0.044762652	0.743227608	-0.207445767	0.1250024	-0.221211311	0.101332887	-0.12041503	0.376694936	-0.169506182	0.211694545	-0.311084961	0.019612923
Epithelial_PARD6B	-0.363455725	0.005898718	-0.4956439	0.000102697	-0.253490313	0.05941894	-0.192804212	0.154542056	-0.520179345	3.97E-05	-0.182940218	0.177162667	0.437143763	0.000755173	0.473422981	0.000228616	0.032291464	0.813232045	-0.37286756	0.004651943	-0.295688873	0.026928097	-0.126568386	0.352612314	-0.049687805	0.716106037	-0.366449405	0.005473694	-0.291450117	0.029303695	0.187868771	0.165577899	-0.037682774	0.782755589	0.002492679	0.985453138	-0.49618539	0.000100644	-0.135804112	0.318290662
Epithelial_SLC19A3	0.088097026	0.518508777	-0.188501317	0.164132165	-0.247178401	0.066267813	-0.301991705	0.023695789	-0.188251367	0.164702337	-0.282083242	0.035179282	0.243059334	0.071068314	0.255085591	0.057781566	0.028130221	0.83694706	0.039324584	0.773536367	-0.362847498	0.005988519	-0.062810966	0.645597004	-0.21580052	0.1101844	-0.248603611	0.064668611	0.192337131	0.155562581	0.020427269	0.881213183	-0.200499015	0.138433908	0.094998457	0.486149004	-0.094737959	0.487350843	-0.239170631	0.075850767
Epithelial_CELSR3	-0.442945573	0.000629314	-0.296961923	0.026246995	-0.145454064	0.284786039	-0.232061805	0.085250025	-0.653927271	4.63E-08	-0.228457347	0.090353394	0.505039945	7.20E-05	0.255807349	0.057052836	0.267872498	0.045933516	-0.354854407	0.007284753	-0.326981913	0.013903462	0.241269996	0.073238166	0.203017143	0.13344561	-0.636958249	1.31E-07	-0.148193983	0.275712319	0.191218815	0.158026174	-0.266360162	0.047221531	0.359941728	0.006434256	-0.619901967	3.49E-07	-0.145808609	0.28360097
Myeloids_CLEC12A	0.162067186	0.2327306	0.044212349	0.746278018	0.336128509	0.011315928	0.505210582	7.15E-05	0.506246939	6.87E-05	0.594174304	1.38E-06	-0.314680077	0.01817221	-0.352243823	0.007758076	-0.353313848	0.007560927	0.185816564	0.170332475	0.574206202	3.71E-06	0.075653778	0.579464378	-0.132743605	0.329420245	0.517994267	4.34E-05	-0.087356063	0.522046197	0.203026208	0.133427901	0.561660433	6.68E-06	-0.346375121	0.00892093	0.395175737	0.00257611	0.605505887	7.65E-07
Myeloids_WARS	0.009209877	0.946289265	0.190903826	0.158725235	0.643953233	8.59E-08	0.027745211	0.83914888	0.132502875	0.330305934	0.105290135	0.439937661	0.022872175	0.867117397	-0.116485618	0.392576763	-0.018307506	0.893464232	0.186456125	0.168840191	0.082000047	0.547969709	0.615585531	4.44E-07	0.080449121	0.555590026	0.022968284	0.866564102	0.149926893	0.270073552	0.122191989	0.369641234	-0.003471894	0.979739622	0.099429043	0.465948674	0.136300397	0.316508745	0.223813657	0.097276708
Myeloids_CKAP4	-0.037868056	0.781713667	0.315288233	0.017937629	0.320583111	0.016001981	0.173591662	0.20072755	0.448938765	0.000519509	0.229750658	0.088495472	-0.46759071	0.000279551	0.216775746	0.108546648	-0.301302438	0.024032525	-0.074436388	0.585598939	0.30019421	0.024582391	-0.056714142	0.678016047	-0.174967707	0.1971261	0.469884971	0.000258395	0.018641321	0.891533252	0.05565816	0.683692529	0.214905394	0.111704274	-0.414832897	0.001478509	0.334141228	0.01183969	0.14112068	0.299533235
Myeloids_LGALS1	0.157331295	0.246850063	0.114958856	0.398852456	0.482392613	0.000166599	0.434924388	0.000809034	0.499852404	8.77E-05	0.600031052	1.02E-06	-0.207896168	0.124166921	0.007927949	0.953756492	-0.573263167	3.88E-06	0.202416876	0.134622256	0.48957834	0.00012847	0.13009496	0.339247387	-0.126311569	0.353598077	0.548021415	1.23E-05	-0.046575999	0.733203884	0.321658042	0.015631621	0.564681048	5.81E-06	-0.430422556	0.000929053	0.364136974	0.005799538	0.627906333	2.22E-07
Myeloids_EMP1	-0.137117527	0.313588716	0.035340132	0.795961387	0.231625818	0.085854996	0.319503395	0.016381513	0.129383313	0.341918605	0.362931103	0.005976105	-0.172427305	0.203811212	0.07625311	0.576455086	-0.374686734	0.004439715	-0.115707301	0.395768702	0.344557376	0.009310519	0.173168132	0.201845369	-0.053631284	0.694636691	0.209692153	0.120877489	-0.183703223	0.175331812	0.347005499	0.008789169	0.39402235	0.002658698	-0.339717785	0.010420487	-0.002773863	0.9838124	0.423411822	0.001148073
Myeloids_COL6A3	0.016642236	0.903106074	0.049985491	0.714477472	0.38397467	0.003483639	0.485705033	0.000147894	0.398769299	0.002333214	0.73908139	7.82E-11	-0.208528266	0.123001551	-0.045618938	0.738488886	-0.492571639	0.000115091	0.029898809	0.826848942	0.548219634	1.22E-05	0.143887285	0.290061935	-0.093634703	0.492458078	0.505102515	7.18E-05	-0.152498594	0.261848031	0.438288208	0.000728683	0.677498371	9.78E-09	-0.418630138	0.001322981	0.266308198	0.047266307	0.723745118	2.93E-10
Myeloids_PRCP	0.326425827	0.014075948	0.350583597	0.008072829	0.277214397	0.0386002	0.480801247	0.000176332	0.67003854	1.62E-08	0.435819194	0.000786915	-0.512967972	5.29E-05	-0.042820445	0.754010716	-0.564235491	5.93E-06	0.288790451	0.03088192	0.607443212	6.90E-07	-0.180674799	0.182680095	-0.25418605	0.058700302	0.618526085	3.77E-07	0.137052232	0.313821415	0.117155081	0.389843417	0.466087399	0.000294256	-0.451107992	0.000484256	0.582134483	2.52E-06	0.482579207	0.00016549
Myeloids_PPP4R1	0.115708377	0.395764279	0.198450736	0.14259339	0.222885821	0.098708164	0.457468822	0.000393018	0.554157517	9.38E-06	0.462864103	0.000328186	-0.532823608	2.36E-05	-0.0090511	0.947213907	-0.255479166	0.057383263	0.007428773	0.956665297	0.546304283	1.33E-05	0.039724625	0.771294668	-0.376997689	0.00418244	0.60781505	6.76E-07	0.053537548	0.695144343	-0.07707718	0.572329107	0.389110869	0.003037314	-0.403281903	0.00205718	0.405349844	0.001940712	0.401710018	0.002149836
Myeloids_SH3BP5	0.437653914	0.000743259	0.152894221	0.260597729	0.304369915	0.022564315	0.408263221	0.00178661	0.605049377	7.84E-07	0.565449244	5.60E-06	-0.535510895	2.11E-05	-0.190972655	0.158572287	-0.521225297	3.81E-05	0.423567634	0.001142741	0.49870804	9.16E-05	-0.062627111	0.646565494	-0.265571562	0.047904781	0.644002432	8.57E-08	0.016651495	0.903052422	-0.021061637	0.877552122	0.486321991	0.000144631	-0.441021444	0.000668778	0.536551493	2.02E-05	0.512089169	5.48E-05
Myeloids_CTSL	-0.057637341	0.673067847	0.287688505	0.031556268	0.555882573	8.68E-06	0.527887771	2.90E-05	0.36014789	0.006401702	0.474764186	0.000218171	-0.179700031	0.185091849	-0.105500306	0.43902024	-0.324577394	0.014662543	0.016261549	0.905312234	0.611840378	5.44E-07	0.204898429	0.129807996	-0.039943368	0.770069686	0.39532723	0.002565434	-0.123232625	0.365547699	0.414205511	0.001505725	0.521970275	3.69E-05	-0.31660432	0.017438794	0.248498853	0.064785095	0.613026887	5.10E-07
Myeloids_ARL4C	0.264396771	0.048937584	0.297264504	0.026087256	0.409109715	0.001743933	0.457992797	0.000386247	0.460543988	0.00035477	0.635328751	1.44E-07	-0.351445069	0.007908147	-0.117923655	0.386719321	-0.455909075	0.000413816	0.251885769	0.061103362	0.54576316	1.36E-05	0.063109393	0.644026221	-0.228272436	0.090621504	0.47908706	0.000187396	0.144679463	0.287386453	0.221516159	0.100851072	0.620957934	3.29E-07	-0.343093502	0.009634905	0.384733023	0.003414291	0.646143219	7.52E-08
Myeloids_PCOLCE	0.236572621	0.07918563	0.258779886	0.054129513	0.403801663	0.002027335	0.497505989	9.58E-05	0.337511101	0.010963438	0.629270394	2.05E-07	-0.10780048	0.429049803	-0.387264347	0.003191568	-0.245198928	0.068541302	0.272595503	0.042095005	0.550409532	1.11E-05	0.215782377	0.110215047	0.060732587	0.656578948	0.374116061	0.004505354	0.14359971	0.2910372	0.332049711	0.012413357	0.629863397	1.98E-07	-0.177543872	0.190507717	0.270132546	0.044062418	0.694141936	2.99E-09
Myeloids_UPP1	0.140305578	0.302361486	-0.401495934	0.002162739	-0.409693684	0.001715025	-0.375979447	0.004294133	-0.238264554	0.077000942	-0.268299472	0.045575125	0.114461181	0.400910742	0.090116123	0.508930927	0.228310303	0.090566548	0.046902736	0.731402403	-0.472467291	0.000236335	-0.214778608	0.111920844	-0.201951517	0.135539807	-0.270429305	0.043821442	0.025049431	0.854599047	-0.484042451	0.000157028	-0.280348171	0.03636832	0.22306057	0.098437321	-0.204694957	0.130197779	-0.413313956	0.001545172
Myeloids_PLEK	0.239841842	0.075007549	0.277184519	0.038622012	0.404726011	0.001975211	0.570084983	4.51E-06	0.29630326	0.026597561	0.497995058	9.41E-05	-0.13503458	0.321066285	-0.35856054	0.006656111	-0.143801876	0.290351362	0.312103354	0.019195294	0.584705033	2.22E-06	0.262678662	0.050480676	-0.006377878	0.962790868	0.281263287	0.035737112	-0.088758118	0.51536286	0.186542264	0.168639934	0.488555081	0.00013336	-0.026822557	0.844430358	0.26509951	0.04831762	0.608617971	6.48E-07
Myeloids_HMOX1	0.057209495	0.675359338	0.418434319	0.001330627	0.418718231	0.001319554	0.502697903	7.87E-05	0.342412342	0.009789153	0.368185344	0.005239746	-0.193509139	0.153011232	-0.140674483	0.301079323	-0.142720387	0.294032569	0.084190165	0.537295049	0.585184049	2.17E-06	0.111034885	0.415248666	-0.036860309	0.787385217	0.396003174	0.002518274	-0.038520023	0.778050409	0.196704488	0.146212565	0.375430175	0.004355469	-0.240748587	0.073880269	0.392978042	0.002735496	0.393663229	0.002684889
Myeloids_IGFBP6	0.180093682	0.184115144	0.214990125	0.111559721	0.390603956	0.002917454	0.483188183	0.000161919	0.592413359	1.51E-06	0.553178859	9.80E-06	-0.217765482	0.106903731	-0.211973606	0.116794975	-0.345391053	0.009130047	0.170238551	0.209698253	0.551644443	1.05E-05	0.100854856	0.45954574	-0.061731447	0.651291892	0.629918984	1.98E-07	-0.005934002	0.965378839	0.240916214	0.073673355	0.52602671	3.13E-05	-0.341363192	0.010030917	0.479627771	0.00018384	0.598877541	1.08E-06
Myeloids_CYBB	0.311245251	0.019546683	0.233883561	0.082758333	0.436390291	0.000773085	0.398826786	0.0023295	0.577093383	3.23E-06	0.488911651	0.000131637	-0.589322974	1.77E-06	0.193045078	0.154017724	-0.515375225	4.81E-05	0.248041258	0.06529588	0.553896522	9.49E-06	0.015536093	0.90951836	-0.391350627	0.002859102	0.586141193	2.07E-06	0.136901348	0.314359555	-0.030912724	0.821072195	0.485464269	0.000149186	-0.538831926	1.83E-05	0.491205297	0.000121031	0.465686296	0.000298297
Myeloids_COL7A1	-0.114819009	0.39943021	-0.158812902	0.242371556	0.311625781	0.01939019	0.590726582	1.65E-06	0.110921278	0.41572906	0.670465143	1.58E-08	0.082839355	0.543866897	-0.146833205	0.280194526	-0.252769399	0.060171051	-0.041134544	0.763408844	0.519994402	4.00E-05	0.293794081	0.027969259	-0.012787667	0.925474896	0.184722101	0.172908424	-0.236731849	0.078977963	0.567352007	5.13E-06	0.672053273	1.42E-08	-0.22546204	0.094773435	-0.00538077	0.968604899	0.766346198	5.84E-12
Myeloids_FCER1G	0.374405276	0.004471983	0.406634796	0.00187134	0.621498974	3.19E-07	0.539459828	1.79E-05	0.462338618	0.000334043	0.442928654	0.000629651	-0.220767016	0.102038288	-0.171028119	0.207560929	-0.3101175	0.020016784	0.423642335	0.001140192	0.638978159	1.16E-07	0.287853811	0.031454332	-0.090808654	0.505666698	0.412326081	0.001589959	0.171488357	0.206322197	0.117429688	0.388725486	0.41837418	0.001332984	-0.167282328	0.21783802	0.416503346	0.001408179	0.583221021	2.39E-06
Myeloids_ISG20	0.130453848	0.337905222	0.26142908	0.051627672	0.451999501	0.000470407	0.301792185	0.023792852	0.208068087	0.123849135	0.062240966	0.648601486	-0.06635735	0.627031549	0.017936291	0.895612278	-0.093001898	0.495400024	0.23310283	0.083819055	0.343820603	0.00947258	0.22699953	0.092484055	-0.049397087	0.717697693	0.198746106	0.141987889	-0.009358678	0.945422788	0.138103427	0.310088598	0.189377135	0.162145702	-0.181031573	0.181803055	0.224755218	0.095840616	0.225098226	0.095321571
Myeloids_EML1	0.29899613	0.025188717	0.235835046	0.080153216	0.38246673	0.003625246	0.506907545	6.70E-05	0.73131204	1.55E-10	0.65078597	5.64E-08	-0.570678208	4.39E-06	-0.014057706	0.918097431	-0.537225913	1.96E-05	0.206226637	0.127285209	0.647655426	6.85E-08	-0.06100354	0.655143104	-0.35815715	0.006722154	0.746608017	3.95E-11	0.070197762	0.607182909	0.08140471	0.550888892	0.576047186	3.39E-06	-0.49995649	8.74E-05	0.574920746	3.58E-06	0.611358672	5.59E-07
Myeloids_TFF1	0.117551943	0.388228395	0.082328108	0.546364273	0.043133933	0.752267014	0.256144141	0.056715343	0.183177872	0.176590929	0.144779291	0.287050449	-0.173400144	0.201232478	0.205674959	0.128328523	-0.289082438	0.030705264	0.055624737	0.683872486	0.262963221	0.050222401	-0.177110595	0.191609572	-0.096628976	0.478661936	0.289072875	0.030711037	-0.154788984	0.254665382	0.066256316	0.627557374	0.158678364	0.242775921	-0.18593462	0.170056296	0.094472156	0.48857876	0.112618097	0.408587192
Myeloids_PDGFRL	0.08159374	0.549961193	0.209210145	0.121753731	0.411306521	0.001637396	0.478937317	0.000188392	0.610531672	5.84E-07	0.512070976	5.48E-05	-0.503974804	7.50E-05	-0.097403413	0.475127417	-0.370942969	0.004886136	0.081345804	0.551178137	0.581383972	2.62E-06	0.038244414	0.779598411	-0.144196682	0.289015052	0.661620568	2.83E-08	-0.085918889	0.528941587	0.117857127	0.386989155	0.470587594	0.000252214	-0.45878224	0.000376246	0.504510159	7.35E-05	0.465283507	0.000302406
Myeloids_KCNJ8	0.104543525	0.443205325	0.108282346	0.426977417	0.348860773	0.008411137	0.498654565	9.18E-05	0.422436145	0.001181975	0.574239552	3.70E-06	-0.192412144	0.155398351	0.003402495	0.980144519	-0.316258599	0.017568674	0.089082166	0.513824352	0.572299683	4.06E-06	0.157718838	0.24567322	-0.051967929	0.703664584	0.435505711	0.000794601	0.053478672	0.695463266	0.263369139	0.04985584	0.529984494	2.66E-05	-0.28057331	0.036212179	0.356485783	0.007001928	0.568146381	4.94E-06
Myeloids_OASL	-0.192833147	0.154479	0.02043169	0.881187661	0.233355793	0.083474207	0.414203571	0.00150581	0.008444678	0.950746038	0.129551443	0.341286338	0.070240301	0.606964588	-0.071339924	0.601332854	-0.031859924	0.815684065	-0.163472481	0.228650237	0.397434031	0.002420979	0.328881814	0.013327766	0.030888973	0.821207408	-0.016522531	0.903799713	-0.219177848	0.104592515	0.192549331	0.155098332	0.17872344	0.187530984	0.035541955	0.794821388	-0.062783898	0.645739552	0.327172722	0.013844697
Myeloids_TFEC	0.491273272	0.000120729	0.153248648	0.25948104	0.632891843	1.66E-07	0.424559141	0.001109326	0.555225079	8.94E-06	0.52508955	3.25E-05	-0.423789362	0.001135191	0.044338514	0.745578323	-0.52573232	3.17E-05	0.489411699	0.000129255	0.543257917	1.52E-05	0.201591895	0.136252085	-0.405526386	0.001931047	0.544484689	1.44E-05	0.160667238	0.236845081	-0.020168401	0.882707874	0.469874035	0.000258492	-0.38900196	0.003046225	0.466207902	0.000293052	0.56210271	6.54E-06
Myeloids_PTGFR	0.393781367	0.002676248	0.196021041	0.147647486	0.241054077	0.073503526	0.436925639	0.000760319	0.612449063	5.27E-07	0.458851421	0.000375381	-0.360009253	0.006423578	-0.096826357	0.477759771	-0.4639981	0.000315864	0.330093276	0.012971468	0.532452116	2.40E-05	-0.119922474	0.378664342	-0.14407686	0.289420191	0.604300443	8.16E-07	0.151862278	0.263867429	0.096734808	0.478178098	0.456048174	0.000411921	-0.36669881	0.005439529	0.508793567	6.23E-05	0.521274935	3.80E-05
Myeloids_TUBB6	0.296144481	0.026682655	0.103668509	0.44705208	0.37962993	0.003905484	0.450731373	0.000490216	0.519932826	4.01E-05	0.617412094	4.01E-07	-0.139439001	0.305387224	-0.238959369	0.076117718	-0.464686275	0.000308592	0.317176336	0.017225697	0.468674166	0.000269371	0.114955759	0.398865247	-0.077715669	0.569141705	0.532997818	2.35E-05	0.082888424	0.543627493	0.373896973	0.004530779	0.578562052	3.01E-06	-0.285379371	0.033009227	0.398044362	0.002380505	0.667484919	1.93E-08
Myeloids_IFI35	-0.04502196	0.741791578	-0.488076094	0.000135708	-0.568172297	4.93E-06	0.054630554	0.689233211	-0.162507414	0.231447005	0.06249829	0.647244431	-0.048925353	0.720282931	0.009842895	0.942603586	0.03023201	0.824949519	-0.184887099	0.172518282	-0.07135994	0.601230559	-0.3329124	0.012173901	-0.132123537	0.331704625	-0.097084053	0.476583283	-0.280478584	0.036277807	-0.237034228	0.078584783	-0.001449666	0.991539687	0.059148566	0.664997606	-0.248217424	0.065098856	-0.054571789	0.689550556
Myeloids_RGL1	-0.388979906	0.003048032	-0.240203834	0.074555889	-0.342265473	0.009822691	-0.467519724	0.00028023	-0.702852483	1.55E-09	-0.472782125	0.000233766	0.406516678	0.001877623	0.10679745	0.433381759	0.461125236	0.000347932	-0.311195373	0.019567275	-0.605272524	7.75E-07	0.092378778	0.49830583	0.296565757	0.026457382	-0.657543282	3.68E-08	-0.251352861	0.061671225	-0.068307171	0.616920187	-0.518082151	4.32E-05	0.475045053	0.000216039	-0.628735783	2.12E-07	-0.515994408	4.69E-05
Myeloids_BLVRA	0.43231422	0.000876795	0.328703384	0.013380947	0.527140412	2.99E-05	0.332961449	0.012160407	0.432613748	0.000868768	0.253583413	0.059322366	-0.156668442	0.248871816	-0.193347854	0.153360487	-0.233087121	0.083840506	0.457292536	0.00039532	0.469907752	0.000258193	0.140157081	0.3028786	-0.091492825	0.502452427	0.346968471	0.008796862	0.124116389	0.36209294	0.049173632	0.718921902	0.299471124	0.024946843	-0.123067303	0.366196178	0.411009901	0.001651433	0.386449916	0.003261781
Myeloids_IGFBP5	0.214856173	0.111788312	0.293850713	0.027937659	0.265615762	0.047866274	0.354381819	0.007368522	0.560597733	7.01E-06	0.528196838	2.87E-05	-0.265018872	0.048388433	-0.12135148	0.372967661	-0.389704757	0.002989125	0.196671738	0.146281088	0.450954105	0.000486683	-0.094339419	0.489192565	-0.037275335	0.785048124	0.620566242	3.37E-07	0.239878641	0.074961535	0.41411561	0.001509661	0.479516713	0.000184565	-0.441811398	0.000652313	0.523078636	3.53E-05	0.513568406	5.17E-05
Myeloids_PXDN	-0.02613958	0.848344273	0.036104565	0.791645728	0.262713788	0.050448737	0.503734611	7.57E-05	0.491346398	0.000120405	0.628135672	2.19E-07	-0.139521458	0.305098479	0.1488301	0.273633441	-0.522877927	3.56E-05	-0.041104492	0.763576684	0.547386638	1.27E-05	-0.049383957	0.71776961	-0.073398815	0.590850393	0.514905991	4.90E-05	-0.04153471	0.761174976	0.493706275	0.000110362	0.654171542	4.56E-08	-0.459537463	0.000366899	0.353361013	0.007552338	0.654118854	4.58E-08
Myeloids_LHFPL2	-0.119358656	0.380926224	-0.193320954	0.153418795	-0.220002639	0.103260761	0.150549189	0.26806754	-0.259433977	0.053502845	0.074399119	0.5857872	0.145925073	0.2832124	-0.016817619	0.902089936	0.088563198	0.516289419	-0.179262031	0.18618296	0.128601539	0.344868079	-0.053904484	0.693157868	0.028644206	0.834009588	-0.302204285	0.023592741	-0.192700196	0.154768891	-0.096010382	0.481495187	0.15709927	0.247556481	0.071948172	0.598227587	-0.293879099	0.027921831	0.093946432	0.491012193
Myeloids_C9orf3	-0.006087765	0.964482297	0.002979879	0.982610318	0.391913532	0.002815799	0.366908941	0.005410889	0.345684162	0.009067321	0.43744942	0.000748014	-0.25442125	0.058458953	0.2832169	0.034419948	-0.470846276	0.000249973	0.016037233	0.906612531	0.434760376	0.000813149	0.151266495	0.265767631	-0.284044463	0.033874273	0.37493175	0.004411793	-0.023333349	0.864463015	0.204305352	0.130946589	0.424672406	0.001105565	-0.414367709	0.001498646	0.179780723	0.184891337	0.430022748	0.000940451
Myeloids_AHNAK2	0.000842607	0.99508245	0.07105497	0.602790052	0.358974473	0.006588932	0.27129767	0.043122514	0.285070494	0.033207733	0.517219388	4.47E-05	-0.308441941	0.020732927	-0.077232452	0.571553215	-0.272622555	0.042073804	0.010263331	0.940156301	0.380268094	0.003840827	0.238517195	0.076678859	-0.156082095	0.250669578	0.35011358	0.00816393	-0.13720469	0.313278257	0.121389447	0.372817016	0.408824121	0.001758229	-0.292771486	0.028545033	0.18912618	0.162713088	0.45052045	0.000493583
Myeloids_ANGPTL2	0.064428568	0.637101276	-0.056344937	0.679998732	0.339668259	0.010432413	0.536057916	2.06E-05	0.379848461	0.003883236	0.70227484	1.62E-09	-0.079508922	0.560233951	-0.147705802	0.277314817	-0.409510878	0.001724028	0.105940861	0.437100639	0.548010207	1.23E-05	0.122099345	0.370007003	-0.088649475	0.515879198	0.439903771	0.000692714	-0.111889173	0.411646475	0.341554228	0.009986514	0.649033395	6.29E-08	-0.307063038	0.021338448	0.268885565	0.045086907	0.695787447	2.64E-09
Myeloids_LPPR4	0.140276806	0.302461637	-0.001892773	0.988953835	0.166390102	0.220337498	0.457279359	0.000395493	0.583317702	2.38E-06	0.684706184	5.91E-09	-0.434079617	0.000830429	0.024255398	0.859160467	-0.568624184	4.83E-06	0.036485539	0.789497222	0.531527523	2.50E-05	-0.036781553	0.787828922	-0.354832636	0.007288594	0.642722106	9.26E-08	-0.048988367	0.719937416	0.05459622	0.689418616	0.632873004	1.66E-07	-0.466288393	0.00029225	0.39001438	0.002964272	0.522934682	3.55E-05
Myeloids_HLX	0.255107514	0.057759322	0.364636453	0.005727753	0.420262365	0.001260761	0.452120345	0.000468558	0.672480209	1.38E-08	0.415581542	0.001446609	-0.327450096	0.013759651	-0.026293528	0.847461723	-0.511511435	5.60E-05	0.254036171	0.058854519	0.553197107	9.79E-06	-0.02284539	0.867271607	-0.005106324	0.970205464	0.65164187	5.35E-08	0.154748432	0.254791381	0.310493189	0.019859125	0.457006819	0.000399077	-0.440716549	0.000675232	0.5964192	1.23E-06	0.508391585	6.33E-05
Myeloids_FCGR1B	0.154498608	0.255568549	0.135441613	0.319596249	0.615242468	4.52E-07	0.560904521	6.91E-06	0.403881501	0.002022785	0.643930322	8.61E-08	-0.136042393	0.317434317	-0.206815383	0.126178883	-0.329775826	0.013064031	0.227025857	0.092445233	0.599246637	1.06E-06	0.356682485	0.006968482	-0.135647714	0.318853533	0.40771761	0.001814609	-0.098618775	0.46960871	0.192712715	0.154741578	0.605898541	7.49E-07	-0.153585914	0.258421418	0.275898501	0.039570521	0.720122714	3.96E-10
Myeloids_CD163	0.378634239	0.004008283	0.34650643	0.008893344	0.582802925	2.44E-06	0.502711853	7.87E-05	0.648489496	6.51E-08	0.488780646	0.000132268	-0.583962935	2.31E-06	-0.164766668	0.224936512	-0.511718322	5.56E-05	0.403189286	0.002062539	0.651120171	5.53E-08	0.137855449	0.310966594	-0.246306853	0.06726126	0.638062323	1.23E-07	-0.037048942	0.786322758	-0.04133618	0.762282998	0.472624918	0.000235046	-0.459839195	0.000363224	0.555719869	8.75E-06	0.515864157	4.72E-05
Myeloids_AIF1	0.531369093	2.51E-05	0.352796583	0.007655679	0.494724887	0.000106269	0.352468666	0.007716282	0.481905344	0.000169526	0.286662164	0.032195345	-0.162338121	0.23194004	-0.230093975	0.088007337	-0.254237789	0.058647142	0.568821323	4.79E-06	0.417945228	0.001349899	0.206475184	0.126817267	-0.19003283	0.160670089	0.384534471	0.003432328	0.32434106	0.014739032	-0.006917565	0.959644789	0.277361068	0.038493276	-0.036322253	0.790417885	0.412549642	0.001579723	0.407270296	0.001837856
Myeloids_RAB31	0.0691821	0.612405683	0.189867961	0.161040188	0.539057112	1.82E-05	0.581254417	2.64E-06	0.474438568	0.000220666	0.72824567	2.01E-10	-0.204082699	0.131375978	-0.121457725	0.372546193	-0.470089328	0.000256583	0.127268623	0.349933141	0.65190084	5.26E-08	0.225484436	0.094739772	-0.031747745	0.816321753	0.506728579	6.75E-05	-0.028099435	0.837123072	0.465749946	0.000297653	0.689292397	4.25E-09	-0.370380292	0.004956535	0.381453162	0.003723263	0.774615216	2.48E-12
Myeloids_SOBP	0.314562365	0.018217915	0.235439517	0.080675923	0.368345736	0.00521858	0.383638668	0.003514762	0.63847225	1.20E-07	0.537813345	1.92E-05	-0.534659392	2.19E-05	0.053709112	0.694215297	-0.534019649	2.25E-05	0.23686297	0.078807277	0.519780731	4.04E-05	0.072237044	0.596755303	-0.487418172	0.000138994	0.639813546	1.10E-07	0.249511057	0.063666612	0.006953527	0.959435176	0.53833206	1.87E-05	-0.514238231	5.03E-05	0.460466806	0.000355687	0.498132505	9.36E-05
Myeloids_ADAP2	-0.389474503	0.003007727	-0.460246241	0.000358319	-0.533098036	2.34E-05	-0.414793049	0.001480224	-0.677831121	9.56E-09	-0.503328356	7.69E-05	0.56422393	5.93E-06	0.067389259	0.621671648	0.581419036	2.62E-06	-0.391658816	0.002835321	-0.593620432	1.42E-06	-0.061085755	0.654707671	0.198763151	0.141953007	-0.643704272	8.73E-08	-0.147226049	0.278895644	-0.068586019	0.615479834	-0.492261178	0.000116416	0.417580096	0.00136445	-0.564689482	5.80E-06	-0.49026573	0.000125277
Myeloids_SLAMF8	0.473355571	0.000229153	0.250173643	0.06294289	0.691530417	3.62E-09	0.431977208	0.000885907	0.551670344	1.05E-05	0.470294378	0.000254777	-0.395314	0.002566365	-0.047072126	0.730469021	-0.443995221	0.000608684	0.532415884	2.40E-05	0.540137702	1.73E-05	0.241996083	0.072351408	-0.307675362	0.021067734	0.537812289	1.92E-05	0.169414178	0.211946269	-0.011009063	0.935816888	0.431129413	0.000909207	-0.362122682	0.006097095	0.481649022	0.000171084	0.519855107	4.02E-05
Myeloids_TMEM45A	0.325495482	0.014368624	0.187688993	0.165990489	0.500219432	8.65E-05	0.483560209	0.000159772	0.645422176	7.86E-08	0.624819779	2.65E-07	-0.528195473	2.87E-05	0.006890261	0.959803945	-0.535235055	2.14E-05	0.282560848	0.0348577	0.597345044	1.17E-06	0.100685418	0.460304122	-0.305027365	0.022259696	0.642725033	9.26E-08	0.046171259	0.735437421	-0.036258644	0.790776611	0.541243203	1.65E-05	-0.420126787	0.001265827	0.496537327	9.93E-05	0.572089359	4.10E-06
Myeloids_AGPAT4	0.075075013	0.582377183	0.216653419	0.108751046	0.459033945	0.000373107	0.328057987	0.013574832	0.423746394	0.00113665	0.372325692	0.00471686	-0.172496333	0.203627471	-0.039157876	0.774471084	-0.29074595	0.02971483	0.118426705	0.384682589	0.413437311	0.001539659	0.156423703	0.249621126	-0.041562843	0.761017997	0.415303894	0.001458367	0.117874438	0.386918929	0.330011717	0.012995196	0.343241977	0.009601563	-0.287996019	0.031366858	0.283053993	0.034528219	0.470364914	0.000254158
Myeloids_PILRA	0.326037845	0.014197375	0.287623812	0.031596236	0.578529537	3.01E-06	0.559676737	7.31E-06	0.326959098	0.013910503	0.456951154	0.000399813	-0.086338926	0.526921653	-0.188563561	0.163990402	-0.222480457	0.099338663	0.411584379	0.001624344	0.604572286	8.04E-07	0.30334528	0.023046079	-0.108748035	0.424980005	0.3295991	0.013115807	0.027894039	0.838297607	0.117849144	0.38702154	0.410261268	0.001687339	-0.039500935	0.772547925	0.308664964	0.020636371	0.579002063	2.94E-06
Myeloids_MS4A7	0.380070306	0.003860765	0.334266056	0.011806186	0.449973983	0.000502405	0.316469699	0.017489271	0.574566646	3.64E-06	0.339688608	0.010427512	-0.587791362	1.91E-06	0.098155951	0.471706227	-0.473136244	0.000230907	0.341888874	0.009909142	0.478170404	0.00019357	-0.043425519	0.750646244	-0.333275876	0.012074209	0.568221355	4.92E-06	0.159818514	0.239363693	-0.153534583	0.258582503	0.347198349	0.008749199	-0.464313166	0.000312515	0.508935707	6.19E-05	0.331839081	0.012472433
Myeloids_PARVG	-0.623189483	2.90E-07	-0.31850789	0.016738226	-0.43126022	0.000905576	-0.431397228	0.000901787	-0.559548526	7.35E-06	-0.455150477	0.000424288	0.38785869	0.003141177	0.312865087	0.018887877	0.242335092	0.071940318	-0.57946885	2.88E-06	-0.566684416	5.29E-06	-0.094763781	0.487231638	0.321810132	0.015579815	-0.469414803	0.000262608	-0.298558612	0.025413249	0.158423484	0.243543245	-0.413281595	0.001546621	0.168213589	0.215250392	-0.531690957	2.48E-05	-0.503605038	7.61E-05
Myeloids_ADAMTS2	-0.062828681	0.645503716	-0.141890888	0.296876565	0.368985237	0.005134933	0.53471372	2.18E-05	0.172544928	0.203498188	0.757500705	1.41E-11	-0.013380264	0.922031776	-0.162045917	0.232792738	-0.337638648	0.010931403	-0.011113137	0.935211426	0.50828025	6.35E-05	0.336255929	0.011283038	-0.099848733	0.464058976	0.253451984	0.059458736	-0.222680243	0.099027529	0.414883647	0.001476327	0.70161467	1.71E-09	-0.19289155	0.154351782	0.00655814	0.961739976	0.779841522	1.42E-12
Myeloids_PIK3AP1	0.481580352	0.000171504	0.200840696	0.137748984	0.485719074	0.000147819	0.329421699	0.013167958	0.494341689	0.000107792	0.378311031	0.004042162	-0.389265901	0.003024668	-0.070543423	0.605409858	-0.274292453	0.040781968	0.436948863	0.00075977	0.416121706	0.001423978	0.209226839	0.121723303	-0.41726499	0.001377119	0.41463096	0.00148722	0.227191698	0.092200971	-0.089458073	0.512042543	0.34269931	0.009723911	-0.272667554	0.042038557	0.426320647	0.00105212	0.425435382	0.001080529
Myeloids_BCAT1	0.113392887	0.405349881	0.078784134	0.563826327	0.395694257	0.00253973	0.585126549	2.18E-06	0.447403736	0.000545842	0.768811823	4.54E-12	-0.31924606	0.016473094	-0.179492927	0.185607195	-0.506388009	6.84E-05	0.138379813	0.309111896	0.644419818	8.35E-08	0.116235736	0.393599889	-0.157005353	0.247842809	0.462978014	0.000326929	-0.172738376	0.202984117	0.22364548	0.097534965	0.64697362	7.14E-08	-0.300229071	0.024564934	0.289175341	0.030649234	0.725788914	2.47E-10
Myeloids_CD109	0.212408101	0.116029547	0.229820679	0.088395743	0.430727137	0.000920454	0.464654579	0.000308924	0.699960392	1.93E-09	0.716601189	5.27E-10	-0.605149913	7.80E-07	-0.022568654	0.868865165	-0.645671944	7.74E-08	0.182547739	0.178109805	0.59642574	1.23E-06	0.010962703	0.9360866	-0.297382186	0.026025349	0.751760434	2.44E-11	-0.063205346	0.6435215	0.166579771	0.219804493	0.622586584	3.00E-07	-0.596576567	1.22E-06	0.51605182	4.68E-05	0.642957579	9.13E-08
Myeloids_PRRX1	0.294014651	0.02784635	0.13074369	0.3368237	0.480271077	0.000179689	0.544772817	1.42E-05	0.513721744	5.14E-05	0.781444595	1.19E-12	-0.341608267	0.009973985	-0.273455486	0.041425303	-0.50552565	7.07E-05	0.310545799	0.019837131	0.625374663	2.57E-07	0.158308731	0.243889254	-0.166268019	0.220681048	0.543645355	1.49E-05	-0.008358987	0.951245227	0.309664375	0.020208351	0.718972428	4.35E-10	-0.363836233	0.00584314	0.36881325	0.005157313	0.802477847	1.04E-13
Myeloids_FAM20C	0.367702737	0.005303888	0.266574419	0.04703728	0.49731345	9.65E-05	0.501957318	8.10E-05	0.64466909	8.23E-08	0.572384189	4.04E-06	-0.315828221	0.017731508	-0.149735915	0.270691184	-0.481268132	0.000173424	0.397386071	0.002424185	0.578507094	3.01E-06	0.076897437	0.573227884	-0.165038027	0.224163177	0.630944782	1.86E-07	0.16748492	0.217273251	0.288593504	0.031001554	0.557106872	8.22E-06	-0.398322472	0.002362263	0.574672115	3.63E-06	0.645961012	7.60E-08
Myeloids_FAM20A	0.23403448	0.082554517	0.02721207	0.842199852	0.331384451	0.01260077	0.36648237	0.005469167	0.32179387	0.015585347	0.555180473	8.96E-06	-0.067775102	0.619672493	-0.589640088	1.74E-06	-0.057173276	0.675553459	0.300295972	0.024531462	0.341770061	0.009936553	0.270927553	0.043419285	-0.022062315	0.87178221	0.245346587	0.068369588	-0.109600326	0.42133817	-0.083808184	0.539149494	0.384269087	0.003456569	0.168254684	0.215136702	0.233584047	0.083164004	0.459353522	0.000369156
Myeloids_ASPHD2	0.109737434	0.420753973	0.144209878	0.288970457	0.330474789	0.012860972	0.036961117	0.786817376	0.261321781	0.051727142	0.130420972	0.338028033	-0.318357731	0.016792602	0.189647296	0.161536518	-0.229740264	0.088510283	0.108533995	0.425897398	0.122389797	0.368860996	0.146709688	0.28060374	-0.190978495	0.158559316	0.1695592	0.211549581	0.191782771	0.156780242	0.045775856	0.737621535	0.110679243	0.416753588	-0.367065251	0.00538967	0.217985296	0.106541463	0.178204211	0.188837162
Myeloids_GPX8	0.005741011	0.96650417	0.144169478	0.289107002	0.319636126	0.016334446	0.45147106	0.000478572	0.419726973	0.001280874	0.464925018	0.000306106	-0.292638125	0.028620849	0.154971812	0.25409783	-0.477992748	0.000194787	0.011352925	0.93381657	0.490912594	0.000122339	0.0031428	0.98165972	-0.173306722	0.201479106	0.444820625	0.000592894	-0.103319654	0.448590847	0.304227979	0.022630539	0.482486199	0.000166042	-0.425244702	0.001086738	0.267149705	0.046545465	0.446932477	0.000554165
Myeloids_PIK3R5	0.512517913	5.39E-05	0.258008822	0.054875881	0.448934836	0.000519575	0.508873481	6.21E-05	0.542683146	1.55E-05	0.524907184	3.28E-05	-0.307359151	0.021207169	-0.184264122	0.173994692	-0.329240479	0.013221415	0.479454649	0.000184972	0.616768301	4.16E-07	0.081211228	0.551839211	-0.276743526	0.038945131	0.519546353	4.07E-05	0.248951265	0.064283249	0.130920386	0.336165437	0.495197703	0.000104417	-0.302008304	0.023687729	0.513970485	5.09E-05	0.589077983	1.79E-06
Myeloids_FAM65C	0.321783923	0.015588732	0.037621033	0.783102867	0.210514794	0.119393099	0.364540974	0.005741415	0.56991606	4.55E-06	0.465486711	0.000300327	-0.261762381	0.051319681	-0.040734524	0.765643814	-0.45658552	0.000404677	0.306490681	0.021594149	0.405296024	0.001943667	-0.096837111	0.477710641	-0.23062673	0.087254037	0.53907861	1.81E-05	0.011883783	0.930729261	0.267307132	0.046411615	0.475584783	0.000211996	-0.404051338	0.002013136	0.50025031	8.64E-05	0.458872846	0.000375113
Myeloids_MRGPRF	0.488048671	0.000135843	0.335733596	0.011418388	0.299234161	0.025067263	0.458934109	0.000374349	0.770814947	3.69E-12	0.483646499	0.000159278	-0.472529508	0.000235825	-0.272754805	0.041970284	-0.436011429	0.000782235	0.421310427	0.001222205	0.566629627	5.30E-06	-0.107732291	0.429343525	-0.161580291	0.234155968	0.767925198	4.97E-12	0.209436743	0.121341199	0.164155301	0.226685602	0.451301844	0.000481213	-0.443525855	0.000617832	0.700682077	1.83E-09	0.535380413	2.12E-05
Myeloids_DDX60L	0.047397966	0.728674666	-0.061589451	0.652042454	0.138908337	0.307249689	0.318636196	0.016691882	0.507003212	6.68E-05	0.451967518	0.000470897	-0.601389782	9.51E-07	0.160134586	0.238423604	-0.505831997	6.98E-05	-0.033710321	0.80518272	0.409602549	0.001719508	-0.079299076	0.561272932	-0.323113863	0.015141727	0.559098202	7.51E-06	-0.218212413	0.106168152	0.004531775	0.973556587	0.426719637	0.001039537	-0.659564829	3.23E-08	0.344527778	0.009316983	0.360555228	0.006337804
Myeloids_TWIST2	0.455128661	0.000424592	0.32217065	0.015457601	0.356441477	0.00700948	0.467486397	0.00028055	0.717961961	4.72E-10	0.582462258	2.48E-06	-0.39854662	0.00234765	-0.274188602	0.040861343	-0.402667087	0.002092988	0.410974068	0.001653135	0.574599715	3.64E-06	-0.018903275	0.8900184	-0.139856531	0.303926949	0.660850712	2.98E-08	0.16490132	0.224552542	0.12555545	0.356510159	0.486765719	0.000142324	-0.279003503	0.037312542	0.654875851	4.36E-08	0.588133434	1.88E-06
Myeloids_IFIT3	-0.100486204	0.461196647	-0.129743429	0.340565253	0.420882414	0.001237821	0.387432572	0.003177233	0.161194624	0.235289254	0.425023342	0.001093986	-0.075293851	0.581275035	0.023447362	0.86380702	-0.274128208	0.040907562	-0.063071291	0.644226685	0.426052195	0.001060663	0.340130051	0.01032167	-0.213720351	0.113741075	0.200297716	0.138838619	-0.236303701	0.079537337	0.16447301	0.22577548	0.488790323	0.000132221	-0.249552372	0.063621291	0.04476589	0.743209673	0.501195619	8.34E-05
Myeloids_MS4A14	0.348326382	0.008518548	0.280445197	0.036300961	0.478159606	0.000193643	0.431982885	0.000885752	0.510040058	5.93E-05	0.425901909	0.001065473	-0.425200008	0.001088198	-0.27179995	0.042722436	-0.339789203	0.01040331	0.350825847	0.008026221	0.559104732	7.50E-06	0.195747824	0.148224033	-0.232737117	0.084319587	0.529597238	2.70E-05	0.035240152	0.796526286	0.082103214	0.547464593	0.376822675	0.004201453	-0.35866534	0.006639046	0.43412534	0.000829258	0.470007497	0.000257307
Myeloids_GBP5	0.244973966	0.068803573	-0.011113341	0.935210237	0.628742739	2.12E-07	0.421101831	0.001229794	0.272617784	0.042077543	0.345950518	0.009010644	-0.133693	0.325941849	0.084476411	0.535907429	-0.42156826	0.001212884	0.319176281	0.016498003	0.457672653	0.000390372	0.416234005	0.001419313	-0.233758676	0.082927292	0.295185941	0.027201229	-0.067266128	0.622310191	0.174482719	0.19839015	0.364685279	0.005720777	-0.260056142	0.052912241	0.197045413	0.145500671	0.560937416	6.90E-06
Myeloids_GAS2L1	0.092528048	0.497608937	0.060919383	0.655588936	0.348917848	0.008399735	0.059135301	0.665068283	0.264034581	0.049259637	0.188998385	0.163002579	-0.32859311	0.013413905	0.043175895	0.752033707	-0.280201384	0.036470421	0.159520261	0.24025311	0.128344033	0.345843038	0.08016207	0.557005918	-0.096284469	0.480238733	0.273973157	0.041026417	0.009489898	0.944658732	-0.041733374	0.760066679	0.197167577	0.145246205	-0.302697711	0.023355008	0.199749879	0.139944523	0.169290025	0.212286288
Myeloids_PI3	0.055365256	0.68527015	0.264434731	0.04890393	0.217611171	0.107158612	0.076868665	0.573371814	-0.0040288	0.976490625	-0.127433551	0.349303943	0.086002472	0.528539338	-0.02018025	0.882639447	0.021114402	0.877247716	0.164203085	0.226548555	0.045047839	0.74164831	0.110536413	0.417358858	0.007406404	0.956795657	-0.005337097	0.968859587	-0.041494342	0.761400236	0.31718186	0.01722365	-0.049978605	0.71451513	0.015539559	0.90949826	0.044433796	0.745050035	0.018459525	0.892584788
Stromal_NREP	0.166782377	0.219236129	0.06130149	0.653565625	0.311434338	0.019468787	0.452123802	0.000468505	0.530359662	2.62E-05	0.667198562	1.96E-08	-0.373225339	0.004609512	-0.125690746	0.355988011	-0.479513239	0.000184588	0.13465651	0.322435552	0.542361477	1.58E-05	0.095808128	0.482423458	-0.239693077	0.075193791	0.496765505	9.85E-05	-0.096094665	0.481108636	-0.012994099	0.924275323	0.603101048	8.69E-07	-0.327609822	0.013710881	0.383497394	0.00352792	0.568231697	4.92E-06
Stromal_PRCP	-0.286335285	0.032401133	-0.39311558	0.00272527	-0.218049515	0.106435805	-0.455860749	0.000414476	-0.646761528	7.24E-08	-0.428317358	0.000990494	0.494007041	0.000109139	-0.029427993	0.829534517	0.512612566	5.37E-05	-0.205100393	0.129421974	-0.607955864	6.71E-07	0.194483696	0.150913384	0.152999908	0.260264405	-0.580626359	2.72E-06	-0.209943477	0.120422513	-0.126298255	0.353649226	-0.428532662	0.000984046	0.421599957	0.001211743	-0.570877636	4.34E-06	-0.4423915	0.000640456
Stromal_COL1A2	-0.048520179	0.722505886	-0.060174095	0.659542422	0.209532126	0.121167869	0.493293696	0.00011206	0.22341291	0.097892985	0.720197245	3.94E-10	-0.086237444	0.527409322	-0.135017883	0.321126677	-0.392235727	0.002791276	-0.049504641	0.717108708	0.496413149	9.98E-05	0.05568745	0.683534845	-0.027985589	0.837774047	0.328957086	0.013305386	-0.23120614	0.086440518	0.371688841	0.004794173	0.690845349	3.80E-09	-0.264469242	0.048873351	0.11044867	0.417730938	0.717156377	5.04E-10
Stromal_LOXL1	0.271520427	0.042944705	0.189503502	0.161860547	0.392841493	0.002745681	0.355773441	0.007124223	0.338119298	0.010811407	0.5605689	7.02E-06	-0.142630837	0.294338739	-0.310420391	0.019889592	-0.387559127	0.003166487	0.375513457	0.00434612	0.378897909	0.003980831	0.184932605	0.172410794	0.005470046	0.968084268	0.367077351	0.005388031	0.064229282	0.638145463	0.242953462	0.071195259	0.496856763	9.82E-05	-0.165077172	0.224051773	0.220614478	0.102281345	0.543070824	1.53E-05
Stromal_PRKAR2B	0.531666137	2.48E-05	0.146409164	0.281601031	0.337550958	0.010953419	0.084275647	0.53688048	0.608733163	6.44E-07	0.255359971	0.057503655	-0.557875206	7.93E-06	-0.051221567	0.7077288	-0.431965745	0.000886218	0.485961609	0.000146529	0.174866779	0.19738868	-0.030803954	0.821691466	-0.385233031	0.003369237	0.6714043	1.48E-08	0.214803194	0.111878823	-0.162466765	0.231565322	0.151355775	0.265482297	-0.395994496	0.002518875	0.530315536	2.62E-05	0.181067009	0.181716112
Stromal_VASH1	0.364923647	0.005686831	0.235071961	0.08116407	0.45276014	0.000458876	0.437870461	0.000738253	0.65834818	3.50E-08	0.599437116	1.05E-06	-0.363523104	0.005888843	-0.221922296	0.100211926	-0.370275186	0.004969783	0.367176889	0.00537456	0.559889154	7.24E-06	0.171008304	0.20761438	-0.144571254	0.287750959	0.536844827	2.00E-05	0.140818805	0.300578679	0.049184592	0.718861844	0.512377736	5.41E-05	-0.277047259	0.038722345	0.554983168	9.04E-06	0.552637652	1.00E-05
Stromal_MAOB	0.449203157	0.000515091	0.182281796	0.178753664	0.149480707	0.271518009	0.293411186	0.028183699	0.689101669	4.31E-09	0.446169067	0.000567893	-0.6404597	1.06E-07	-0.101394944	0.45713292	-0.368125656	0.005247642	0.341291395	0.010047649	0.403065422	0.002069726	-0.242550937	0.071679549	-0.33236257	0.012326053	0.667890039	1.87E-08	0.188434198	0.164285131	-0.275413502	0.039933188	0.23240418	0.084777301	-0.302200461	0.023594591	0.62648198	2.41E-07	0.27249673	0.042172491
Stromal_COL16A1	0.260536898	0.052459508	0.213331589	0.114415418	0.306766172	0.021470751	0.370102003	0.004991681	0.593069418	1.46E-06	0.619378527	3.60E-07	-0.478457954	0.000191613	-0.23067234	0.087189782	-0.363464101	0.00589749	0.251453022	0.061564172	0.482737085	0.000164557	-0.047619618	0.727454883	-0.079559261	0.559984847	0.604656275	8.00E-07	0.116037547	0.39441248	0.14071494	0.300938927	0.532822606	2.36E-05	-0.428720487	0.000978453	0.453632851	0.000445962	0.540167867	1.73E-05
Stromal_LRRC17	0.351649029	0.007869589	0.249273341	0.063927885	0.181098316	0.181639323	0.343550762	0.009532543	0.664322361	2.37E-08	0.465553799	0.000299643	-0.617577473	3.97E-07	-0.184630091	0.173126265	-0.462218579	0.000335394	0.271314674	0.04310892	0.487436149	0.000138903	-0.151456905	0.265159339	-0.165586351	0.222606175	0.710837606	8.36E-10	-0.095385851	0.484364603	-0.07176997	0.599136623	0.375361283	0.004363216	-0.383798279	0.003499947	0.591705139	1.57E-06	0.318582811	0.016711151
Stromal_PCDH17	-0.006356236	0.962917041	-0.013524095	0.921196295	0.092824728	0.496225328	0.576677069	3.29E-06	0.371725619	0.004789678	0.738532923	8.21E-11	-0.139730357	0.304367757	-0.080687801	0.554414032	-0.436421523	0.000772335	-0.031844698	0.815770612	0.557764387	7.97E-06	-0.053708349	0.694219425	0.034361408	0.801495693	0.392536498	0.002768554	-0.191779883	0.156786605	0.450323709	0.000496743	0.658418442	3.48E-08	-0.277788197	0.038183286	0.241926172	0.072436416	0.672782804	1.35E-08
Stromal_FOXF1	0.376000195	0.004291831	0.177173152	0.191450203	0.227958868	0.09107758	0.16621835	0.220820926	0.523711031	3.44E-05	0.399695809	0.002273991	-0.359455023	0.006511685	-0.031990388	0.814942579	-0.403999142	0.002016097	0.320199032	0.016136119	0.265106456	0.048311524	-0.149761478	0.270608459	-0.246169168	0.067419286	0.604641156	8.01E-07	0.173642275	0.200594263	0.112492245	0.409114453	0.398696591	0.002337919	-0.41431297	0.001501032	0.489874414	0.000127086	0.356017793	0.007082064
Stromal_CILP	0.525537851	3.20E-05	0.129181008	0.342680352	0.117553065	0.388223837	0.170835985	0.208079608	0.674393962	1.21E-08	0.43094421	0.000914369	-0.602849901	8.80E-07	-0.231151671	0.086516741	-0.283911034	0.033961764	0.418170972	0.001340973	0.289936264	0.03019352	-0.223829082	0.097253048	-0.290972248	0.029582181	0.688468142	4.51E-09	0.166887242	0.218942357	-0.361271058	0.006226864	0.215071234	0.111421481	-0.240504714	0.074182124	0.683663313	6.36E-09	0.191812824	0.156714052
Stromal_COL6A2	0.234376646	0.082093882	0.444732202	0.000594568	0.493246961	0.000112254	0.393491655	0.002697483	0.448284285	0.000530592	0.52526489	3.23E-05	-0.265276184	0.048162769	-0.492185936	0.00011674	-0.246843818	0.066647794	0.339596217	0.010449782	0.486874916	0.000141762	0.17493862	0.19720175	0.15732716	0.246862638	0.429208079	0.000964065	0.137637829	0.311738417	0.261153335	0.051883613	0.434768187	0.000812952	-0.16504998	0.224129158	0.394265972	0.002641061	0.562568597	6.40E-06
Stromal_RGL1	0.400291656	0.002236615	0.260383146	0.052603954	0.343477689	0.009548837	0.444754535	0.000594144	0.708866448	9.76E-10	0.462719614	0.000329787	-0.420724594	0.001243624	-0.066416032	0.62672623	-0.467691154	0.000278593	0.32283821	0.015233464	0.581387769	2.62E-06	-0.086461724	0.526331844	-0.327856179	0.013635951	0.659802964	3.18E-08	0.273713258	0.041226283	0.066542731	0.626067229	0.50330823	7.69E-05	-0.481233247	0.00017364	0.622069292	3.09E-07	0.505430346	7.09E-05
Stromal_NFATC1	0.329504799	0.013143507	0.314910791	0.018082913	0.444350536	0.000601841	0.373522548	0.004574525	0.378572209	0.004014766	0.471269689	0.000246343	-0.200022476	0.139393417	-0.272405407	0.042244235	-0.316190316	0.017594424	0.426271089	0.001053693	0.422599248	0.001176246	0.25106064	0.061984413	-0.053052006	0.697776035	0.376999589	0.004182234	0.24467877	0.069148941	0.402079015	0.002127758	0.402669126	0.002092869	-0.205427243	0.128799089	0.303137115	0.023145008	0.572366507	4.05E-06
Stromal_COL5A1	0.08977543	0.510540702	-0.007270555	0.957587382	0.285831018	0.032720744	0.355471528	0.007176615	0.356344925	0.007025964	0.630315691	1.93E-07	-0.133724473	0.325826934	-0.199167401	0.14112757	-0.350737463	0.008043198	0.13541862	0.319679176	0.405536082	0.001930517	0.024296714	0.858923008	0.105349284	0.439679358	0.442097642	0.000646438	-0.082023697	0.547853898	0.237843665	0.077539897	0.499695447	8.82E-05	-0.213066216	0.114877485	0.325710332	0.014300576	0.536814105	2.00E-05
Stromal_C9orf3	-0.005645226	0.967062712	0.013190884	0.923131965	-0.371986406	0.004757911	-0.276118949	0.039406577	-0.363006597	0.005964914	-0.4082263	0.001788492	0.346345308	0.008927204	-0.319774366	0.016285549	0.51632364	4.63E-05	-0.019950751	0.883964887	-0.364802353	0.005704082	-0.118557892	0.384152494	0.332972799	0.012157286	-0.408079333	0.001796003	0.068700543	0.614888691	-0.066892633	0.624248791	-0.355565887	0.007160204	0.479785973	0.000182811	-0.207272477	0.125324978	-0.340887446	0.010142239
Stromal_COL6A1	0.205287224	0.12906565	0.080677652	0.554464011	0.306971382	0.021379222	0.565757207	5.52E-06	0.45148767	0.000478313	0.773542885	2.78E-12	-0.240198644	0.074562349	-0.444077157	0.0006071	-0.309792131	0.020154183	0.228151729	0.090796857	0.616616577	4.19E-07	0.045960318	0.736602355	-0.011052489	0.935564246	0.52954115	2.71E-05	-0.127327336	0.349709073	0.208455954	0.123134447	0.683339122	6.51E-09	-0.250993464	0.062056589	0.365740953	0.005571772	0.691984132	3.50E-09
Stromal_COL3A1	0.088170419	0.518159046	0.060785978	0.656295919	0.223533574	0.097707107	0.569343253	4.67E-06	0.243254996	0.070834184	0.74878463	3.23E-11	-0.106483701	0.434741834	-0.353377244	0.007549384	-0.278295255	0.037817969	0.088368855	0.517214068	0.625878495	2.49E-07	0.035828996	0.793200767	0.128351593	0.345814392	0.33004809	0.012984609	-0.089038394	0.514032039	0.315878795	0.017712307	0.7001774	1.90E-09	-0.158890321	0.242139078	0.141405444	0.29854921	0.71668463	5.24E-10
Stromal_MAFB	0.492960611	0.000113449	0.197212376	0.145152973	0.472858264	0.000233149	0.339241295	0.010535716	0.581151277	2.65E-06	0.480810688	0.000176273	-0.652839496	4.96E-08	0.009008197	0.947463761	-0.560319542	7.10E-06	0.443638837	0.000615619	0.485197541	0.000150629	0.059678217	0.662178014	-0.42742685	0.001017565	0.597390893	1.17E-06	0.055996248	0.681873213	-0.225310735	0.095001098	0.444349944	0.000601852	-0.491895998	0.000117994	0.496500943	9.95E-05	0.418905037	0.001312313
Stromal_MICALL2	-0.110886651	0.415875548	-0.072581806	0.595000263	-0.171114728	0.207327422	0.067549321	0.620841992	-0.224635854	0.096021756	0.010634977	0.937993469	0.361554042	0.006183478	-0.261157587	0.051879658	0.22496944	0.095516194	-0.065684625	0.630536153	0.004944619	0.971148574	-0.008231907	0.95198556	0.086266879	0.527267851	-0.213081882	0.114850168	-0.175010236	0.197015527	-0.10846987	0.426172458	-0.022504989	0.869231848	0.426702178	0.001040085	-0.158447782	0.243470025	-0.0413556	0.762174591
Stromal_ADAP2	0.420295406	0.001259529	0.457026267	0.000398821	0.534197419	2.23E-05	0.391149655	0.002874705	0.694158255	2.98E-09	0.498015668	9.40E-05	-0.603774527	8.39E-07	-0.075827823	0.578589744	-0.577720085	3.13E-06	0.419572647	0.001286725	0.569231234	4.70E-06	0.056274876	0.680375209	-0.223013646	0.098509992	0.658267524	3.51E-08	0.151638543	0.264579944	0.0318949	0.81548526	0.478112051	0.000193969	-0.427980701	0.001000651	0.58065838	2.71E-06	0.471675332	0.000242911
Stromal_TRPS1	0.325582958	0.014340885	0.216700803	0.108671836	0.38722419	0.003194998	0.481954183	0.00016923	0.568645485	4.83E-06	0.623985433	2.78E-07	-0.274367238	0.040724887	-0.328193443	0.013533941	-0.339901933	0.010376247	0.317356755	0.017158947	0.565477943	5.60E-06	0.125754897	0.355740597	-0.190360131	0.159937214	0.532444098	2.40E-05	0.231396854	0.086174052	0.081115182	0.552311252	0.546772089	1.30E-05	-0.185323398	0.171489721	0.427721663	0.00100853	0.645465609	7.84E-08
Stromal_AMOTL1	0.444630577	0.000596496	0.321147059	0.015806753	0.36047699	0.006350034	0.474028949	0.000223841	0.79451007	2.70E-13	0.681007673	7.66E-09	-0.56663854	5.30E-06	-0.248565925	0.064710496	-0.486046862	0.000146078	0.375980716	0.004293993	0.61803334	3.88E-07	0.009570187	0.944191258	-0.264576773	0.048778169	0.749890731	2.91E-11	0.24950048	0.06367822	0.062711968	0.646118422	0.571912048	4.14E-06	-0.410853652	0.00165887	0.669782243	1.65E-08	0.62285618	2.96E-07
Stromal_STAT2	0.448487649	0.000527126	0.19878021	0.1419181	0.328822961	0.013345287	0.413728712	0.001526707	0.644581394	8.27E-08	0.522810003	3.57E-05	-0.568760689	4.80E-06	-0.223846412	0.09722647	-0.376322973	0.004256161	0.381187159	0.003749371	0.525603828	3.19E-05	0.051870901	0.704192476	-0.256296069	0.056563627	0.602921853	8.77E-07	0.11448915	0.400794902	-0.119312423	0.381112057	0.501213452	8.33E-05	-0.366547146	0.005460282	0.51872615	4.21E-05	0.483131496	0.000162248
Stromal_GPSM1	0.129777194	0.340438531	0.118301204	0.385190116	0.246088953	0.067511489	0.473376315	0.000228987	0.637357786	1.28E-07	0.536732447	2.01E-05	-0.253241266	0.059677902	-0.229589876	0.088724802	-0.219861869	0.103487123	0.053861979	0.693387875	0.545246529	1.39E-05	0.041250178	0.762763134	-0.212582528	0.115723348	0.586882004	2.00E-06	0.134503243	0.322991698	0.08201547	0.547894183	0.483790162	0.000158458	-0.282664503	0.034788231	0.490931327	0.000122255	0.492527183	0.00011528
Stromal_MRVI1	0.516587073	4.59E-05	0.229199517	0.089283527	0.359622361	0.006484972	0.367367532	0.005348844	0.814417247	2.27E-14	0.669840919	1.65E-08	-0.642032483	9.66E-08	-0.224437514	0.096323331	-0.562497156	6.42E-06	0.447314477	0.00054741	0.51918813	4.13E-05	-0.034022604	0.80341377	-0.30056396	0.024397768	0.807327428	5.66E-14	0.17335643	0.201347853	-0.073285209	0.591426663	0.528855542	2.79E-05	-0.422799018	0.001169263	0.690597375	3.87E-09	0.532960473	2.35E-05
Stromal_ZNF521	0.214271096	0.112790971	0.129548913	0.341295848	0.366387128	0.005482254	0.383721239	0.003507091	0.649116789	6.26E-08	0.708188963	1.03E-09	-0.430471962	0.000927654	-0.153193275	0.25965529	-0.522785708	3.57E-05	0.197268633	0.145035958	0.470599541	0.00025211	0.051008236	0.70889196	-0.266973582	0.046695584	0.692131418	3.46E-09	-0.024520097	0.857639357	0.134470653	0.323110033	0.567684806	5.05E-06	-0.414422734	0.001496251	0.470975076	0.000248863	0.579288123	2.90E-06
Stromal_SFMBT2	0.406584407	0.001874018	0.175858297	0.194819852	0.358314036	0.006696401	0.297331239	0.026052134	0.696601367	2.49E-09	0.49942978	8.91E-05	-0.73007127	1.72E-10	-0.011235029	0.934502352	-0.571164992	4.29E-06	0.358991673	0.006586153	0.428361146	0.000989179	-0.050586959	0.711190857	-0.311851357	0.019297924	0.728783162	1.92E-10	0.011523791	0.932822754	-0.026404123	0.846827824	0.418253895	0.001337708	-0.651410996	5.43E-08	0.616083569	4.32E-07	0.401563075	0.002158685
Stromal_SHANK3	0.293957851	0.027877958	-0.164644834	0.225284323	0.032715636	0.810823619	0.21762793	0.107130909	0.324237443	0.014772675	0.532163166	2.43E-05	-0.296562807	0.026458954	-0.46608092	0.000294321	-0.18629568	0.169213659	0.321001833	0.015856831	0.203379609	0.132738858	-0.001521099	0.991122819	-0.089959925	0.509668642	0.343120592	0.009628814	-0.166959394	0.218740388	-0.063915063	0.639793276	0.379831972	0.00388491	-0.076743922	0.573996028	0.203187782	0.133112538	0.342587124	0.009749372
Stromal_PAPPA	0.200818596	0.137793209	0.003548483	0.979292781	0.197274963	0.145022795	0.522472148	3.62E-05	0.473373698	0.000229008	0.618402933	3.80E-07	-0.233460978	0.083331145	-0.095675334	0.483033449	-0.365958674	0.005541468	0.131439399	0.334236559	0.52743327	2.96E-05	-0.000192811	0.998874724	-0.27272092	0.041996787	0.460470547	0.000355642	0.090884068	0.505311883	0.299519642	0.024922247	0.605648239	7.59E-07	-0.339461031	0.010482442	0.290987147	0.029573466	0.646745286	7.25E-08
Stromal_ALPK2	0.367295	0.005358615	0.154448161	0.255725677	0.364349171	0.005768945	0.4036803	0.002034269	0.458774223	0.000376347	0.626971849	2.34E-07	-0.327770908	0.013661847	-0.464780495	0.000307609	-0.234784737	0.08154715	0.381459373	0.003722655	0.464545485	0.000310067	0.215867112	0.110071969	-0.146830377	0.280203892	0.461034831	0.000348988	-0.032390744	0.812668185	-0.060888503	0.655752562	0.458324741	0.000382013	-0.105546048	0.438820715	0.393089102	0.002727236	0.507647178	6.51E-05
Stromal_RUNX1T1	0.439359201	0.000704655	0.25067358	0.062401212	0.420360059	0.001257121	0.402869545	0.002081136	0.791334562	3.91E-13	0.629426721	2.03E-07	-0.631635378	1.79E-07	-0.147634317	0.27754999	-0.510859424	5.75E-05	0.3726979	0.004672183	0.554681752	9.16E-06	0.025732783	0.850677221	-0.346921054	0.008806721	0.770453522	3.83E-12	0.124400315	0.360987266	-0.143033921	0.292962237	0.532344473	2.41E-05	-0.457476335	0.00039292	0.668449359	1.81E-08	0.505383955	7.10E-05
Stromal_ARL10	0.175148554	0.196656219	0.019753869	0.885102207	0.282363493	0.034990286	0.300985282	0.024188818	0.426717062	0.001039618	0.485478565	0.000149109	-0.259624377	0.053321538	-0.063237697	0.643351362	-0.31728909	0.017183955	0.130694101	0.337008584	0.3926996	0.002756302	0.132074702	0.331884958	-0.315404839	0.017892947	0.421863222	0.001202299	0.110178635	0.418877227	0.045706989	0.738002154	0.414639854	0.001486836	-0.293023264	0.028402357	0.282767466	0.034719338	0.46875293	0.000268645
Stromal_CD84	0.603845049	8.35E-07	0.249428511	0.063757241	0.481164971	0.000174063	0.348117489	0.008560858	0.529387858	2.73E-05	0.48776182	0.000137268	-0.581830869	2.56E-06	-0.191946651	0.156419548	-0.364050337	0.00581207	0.565640496	5.55E-06	0.469602902	0.000260915	0.142324872	0.295386397	-0.416977032	0.001388789	0.484891029	0.000152304	0.19866859	0.142146608	-0.31456745	0.018215938	0.391486706	0.00284858	-0.243167488	0.07093882	0.477179964	0.000200448	0.434668069	0.000815473
T_QPRT	-0.186679526	0.168321184	-0.034440307	0.801049186	-0.184566985	0.173275787	-0.187841969	0.165639362	-0.297102753	0.026172546	-0.363313599	0.005919596	0.500815653	8.46E-05	0.375046367	0.004398784	0.100845222	0.459588841	-0.173479718	0.201022575	-0.26718259	0.046517479	-0.046522229	0.733500486	0.264633986	0.048727589	-0.338917783	0.010614577	0.175457511	0.195855326	0.287388464	0.031741993	-0.161708713	0.233779434	0.155037218	0.253895	-0.197593672	0.144361249	-0.229308692	0.089126988
T_OAS2	0.014153523	0.917541114	0.075618674	0.579640856	0.465942752	0.000295708	0.109444415	0.422003042	0.033706111	0.805206579	0.172098797	0.204687255	0.017404991	0.898687945	-0.173496387	0.200978625	0.024581717	0.857285325	0.132490914	0.330349982	0.148962714	0.273201365	0.403931625	0.002019933	-0.090826145	0.505584395	-0.019016179	0.889365603	-0.08727857	0.522416846	0.099006482	0.467855489	0.185245805	0.171672316	0.024544639	0.857498348	0.056926743	0.676875337	0.263942472	0.049341814
T_PLAG1	0.086330107	0.52696402	-0.352611617	0.007689812	-0.193140234	0.153810944	-0.004779823	0.972109758	-0.074141108	0.58709129	0.145073052	0.286063194	0.063216606	0.643462279	0.168187166	0.215323514	-0.108235766	0.427177499	0.019114024	0.888799936	-0.039502309	0.772540224	-0.229373042	0.089034819	-0.255304741	0.057559509	0.036173414	0.791257343	-0.072594148	0.594937478	-0.114912208	0.399045121	0.196306859	0.147046135	-0.105603346	0.438570851	-0.087323753	0.522200717	0.059406296	0.663625007
T_FMR1	-0.245976686	0.067640702	-0.60424277	8.18E-07	-0.160025353	0.238748206	0.102049684	0.454217194	-0.393092064	0.002727016	0.119859351	0.378917173	0.330062137	0.012980523	0.361026096	0.006264636	-0.119789881	0.379195546	-0.263892748	0.049386222	-0.018979517	0.889577569	-0.049056286	0.719565069	-0.274584165	0.040559687	-0.280069549	0.036562324	-0.312441934	0.01905813	0.140893937	0.300318261	0.255097868	0.057769109	-0.072106534	0.59742027	-0.417076001	0.001384769	0.186929577	0.167741644
T_MST4	-0.164479589	0.225756659	-0.415776117	0.00143842	-0.014050613	0.918138613	0.013588556	0.920821885	-0.356379152	0.007020117	-0.13976985	0.304229736	0.350931513	0.008005965	0.3678958	0.005278146	-0.064580527	0.636305533	-0.200745068	0.137940422	-0.056625692	0.678490841	0.026231609	0.847816669	-0.223606894	0.097594294	-0.29637028	0.026561712	-0.189316494	0.162282673	0.047629677	0.727399541	0.035441736	0.795387421	-0.027702171	0.839395096	-0.326471342	0.014061761	0.054579286	0.689510067
