id	S01_CD4	p.value_S01_CD4	S02_CD4	p.value_S02_CD4	S03_CD4	p.value_S03_CD4	S04_CD4	p.value_S04_CD4	S05_CD4	p.value_S05_CD4	S06_CD4	p.value_S06_CD4	S07_CD4	p.value_S07_CD4	S01_CD8	p.value_S01_CD8	S02_CD8	p.value_S02_CD8	S03_CD8	p.value_S03_CD8
B_SIGLEC10	0.321610226	0.015647938	0.55252993	1.01E-05	-0.26581452	0.047693425	0.522721425	3.58E-05	-0.23788187	0.077490851	-0.053537606	0.695144027	-0.235235625	0.080946423	0.400913965	0.002198164	0.573287025	3.87E-06	0.221953942	0.100162256
B_RIMS3	0.005489844	0.967968817	0.236077751	0.079833799	-0.386178641	0.003285469	0.491869946	0.000118107	0.239312078	0.07567245	-0.094814935	0.486995544	-0.105687095	0.438205782	0.177091389	0.19165852	0.280069673	0.036562238	-0.172471087	0.203694659
B_CFD	0.06008772	0.660001211	0.320949189	0.015875019	-0.421752205	0.001206273	0.426142839	0.001057772	0.249909214	0.063230922	-0.117181697	0.389734979	-0.283919958	0.033955906	0.267462583	0.046279755	0.165393434	0.223153117	-0.157320059	0.246884238
B_TP53I3	0.029900244	0.826840759	0.302477752	0.023460734	-0.153326048	0.259237607	0.456133623	0.000410762	0.140539884	0.301546728	-0.133012969	0.328430982	-0.345326621	0.009143886	0.168566531	0.214275344	0.277071387	0.038704693	-0.125384025	0.357172417
B_MUC1	0.141978491	0.296575373	0.242994103	0.071146507	-0.226980701	0.092511828	0.45145912	0.000478758	0.237146987	0.07843856	-0.263749918	0.049513965	-0.155922948	0.251159044	0.301672763	0.023851108	0.231459981	0.086085994	-0.057441745	0.674115069
B_AIF1	0.284663772	0.033470635	0.447949098	0.000536351	-0.169580566	0.21149118	0.482536731	0.000165742	0.106514553	0.434607985	-0.227811553	0.091292464	-0.344090113	0.009413017	0.359139698	0.006562282	0.666510675	2.05E-08	0.111177849	0.414644587
B_PRKCH	0.245680318	0.067982757	0.529472209	2.72E-05	-0.483140242	0.000162198	0.672305947	1.39E-08	-0.120256228	0.377329207	0.010706947	0.93757468	-0.225112495	0.095300027	0.326110312	0.014174627	0.560365272	7.08E-06	0.029919377	0.82673166
B_TRIM36	0.019387972	0.887216472	-0.251121192	0.061919412	0.36010161	0.006408997	-0.48189044	0.000169616	0.002840529	0.983423407	-0.143196045	0.292409779	0.301540516	0.023915761	-0.183562472	0.175668512	-0.183420374	0.17600891	0.187437098	0.166569852
B_SNX24	0.139026573	0.306834087	0.240851819	0.073752787	-0.366505665	0.005465971	0.505527411	7.07E-05	0.141746659	0.297372884	-0.156680133	0.24883606	-0.300574809	0.024392368	0.122506673	0.368400456	0.353198077	0.007582044	-0.047160002	0.729984962
B_PARVG	0.400786205	0.00220601	0.579198081	2.91E-06	-0.415285299	0.001459158	0.546624527	1.31E-05	0.001931278	0.988729137	-0.365439816	0.005613926	-0.05434263	0.690788572	0.534916355	2.17E-05	0.677789086	9.59E-09	0.185024844	0.172193068
B_ITLN1	0.036258381	0.790778097	0.397806302	0.00239622	-0.374133837	0.004503297	0.420869137	0.001238308	-0.021126753	0.877176463	0.006245657	0.963561729	-0.25525713	0.057607693	0.240715939	0.073920623	0.107974134	0.428302309	-0.158171445	0.244303644
B_FKBP5	0.210842899	0.118804947	0.257660922	0.055215357	-0.275706086	0.039714076	0.421405064	0.001218777	-0.113972512	0.402937801	-0.070416275	0.606061798	-0.177709621	0.190087406	0.044327179	0.745641178	0.404765859	0.001972991	0.142621023	0.294372306
B_PARM1	-0.047798688	0.726469921	0.318123162	0.016877848	-0.410404479	0.001680416	0.46639203	0.000291221	0.090535909	0.506950994	0.035710336	0.79387061	-0.321868442	0.015559992	0.195250222	0.149278371	0.120063539	0.37809969	-0.287886915	0.031433951
B_EMB	0.149913606	0.270116495	0.441724736	0.000654101	-0.35411538	0.00741612	0.381625051	0.003706477	-0.102176366	0.453654223	0.069732394	0.609573547	-0.124205334	0.361746345	0.285649496	0.032836435	0.119303648	0.381147332	-0.013787717	0.919665199
B_LINC00261	-0.056902514	0.6770053	0.310898408	0.019690256	-0.312541684	0.019017879	0.471880792	0.000241189	0.061867612	0.650572468	-0.002847702	0.98338155	-0.134799449	0.32191743	0.170592557	0.208738069	0.168744696	0.21378432	-0.200488171	0.138455687
B_FRMD3	-0.058489007	0.66851521	0.300679436	0.024340348	-0.388751263	0.003066825	0.484361133	0.000155238	0.020674155	0.879788054	0.071673972	0.599626577	-0.18574896	0.170490776	0.21394886	0.113346128	0.131602572	0.333631572	-0.271733761	0.042774982
B_FFAR4	0.139915179	0.303722196	0.24612288	0.067472479	-0.347730048	0.008639815	0.40567484	0.001922953	0.173224916	0.201695243	-0.06842521	0.616310298	-0.251381343	0.061640769	0.137685579	0.311568959	0.131437938	0.334241979	-0.06096667	0.655338411
B_LOC643733	0.345462233	0.00911478	0.30648405	0.021597126	-0.229876887	0.08831575	0.329260408	0.013215527	0.083375882	0.541251985	-0.003934416	0.977041236	-0.247719789	0.065656643	0.119732542	0.379425397	0.323396298	0.015048224	0.206151158	0.127427573
B_DENND2A	-0.026346095	0.847160414	0.273732216	0.041211677	-0.216270779	0.109392315	0.329780575	0.013062642	0.169672117	0.211241075	0.010512921	0.938703739	-0.267677929	0.046097595	0.168428138	0.214657304	0.134151804	0.324269228	-0.286267348	0.032444041
Epithelial_GAMT	0.039501981	0.772542064	0.004496309	0.973763466	0.41072397	0.001665065	-0.42695019	0.001032328	0.462724818	0.000329729	-0.467840163	0.000277177	0.308712866	0.020615682	0.227906206	0.09115435	-0.319079553	0.016532584	-0.073644478	0.589605119
Epithelial_KCNH8	-0.070339847	0.606453822	-0.16348381	0.228617543	0.246184294	0.067401912	-0.296351692	0.026571651	-0.144968694	0.286413659	0.248433599	0.064857737	0.090254521	0.508277735	-0.284921577	0.033303792	-0.089777447	0.510531165	0.109719997	0.420828247
Epithelial_LOC284926	0.253264996	0.059653188	0.220250875	0.102862521	0.005220818	0.969537719	0.288318464	0.031169271	0.326892559	0.013931055	-0.54816846	1.22E-05	-0.253416132	0.059495979	0.293848481	0.027938903	0.397792459	0.002397136	0.178126198	0.189033972
Epithelial_FAM201A	-0.092176806	0.499249576	-0.306187232	0.021730763	0.155750458	0.251690279	-0.184801058	0.172721648	0.052261246	0.702069607	0.130900684	0.336238796	0.160298053	0.237938403	-0.262020892	0.051081831	-0.058435426	0.668801283	0.051665844	0.705308565
Epithelial_FAM111B	-0.245439979	0.06826116	-0.283262757	0.034389521	0.334714338	0.011686541	-0.386077065	0.003294378	-0.311736915	0.019344687	0.361241326	0.006231438	0.203349211	0.13279802	-0.23849865	0.076702464	-0.34454156	0.009313972	-0.15632757	0.249915874
Epithelial_LOC283177	-0.100193448	0.462509969	0.112451296	0.409286093	-0.009861957	0.942492618	-0.155925022	0.251152659	0.006385543	0.962746177	-0.098571332	0.46982349	0.660395474	3.06E-08	0.249476913	0.063704087	-0.327182864	0.013841579	-0.168696464	0.213917169
Epithelial_LOC728613	-0.166496818	0.220037496	-0.111429826	0.413581114	0.105521772	0.4389266	-0.115225779	0.397751065	-0.25912385	0.053799231	0.466586236	0.000289301	0.081088801	0.55244094	-0.121032844	0.374233401	-0.163083112	0.229775801	-0.11980676	0.3791279
Epithelial_UPP1	0.074508972	0.58523236	-0.195520719	0.148704545	0.119929951	0.378634401	0.166447997	0.220174706	0.179367826	0.185918991	-0.208708839	0.122670166	-0.301949602	0.023716244	-0.265926054	0.047596654	0.45579989	0.000415309	0.153772962	0.257835011
Epithelial_KDELR3	0.12553	0.356608433	-0.133083809	0.328171128	0.08646714	0.526305837	0.219710002	0.103731761	0.105855363	0.437472808	-0.045201582	0.740797358	-0.251549459	0.06146124	-0.252680965	0.060263837	0.22998562	0.08816117	0.03857499	0.777741776
Epithelial_FGFBP1	0.043530698	0.75006187	-0.02815881	0.836783609	0.033333974	0.80731586	0.023358606	0.864317691	0.21047399	0.119466397	-0.242869618	0.071295919	-0.264655538	0.048708547	0.035956798	0.792479481	-0.001074096	0.99373148	-0.044174508	0.746487918
Epithelial_GNG4	-0.127811937	0.347863041	-0.173061164	0.202128384	0.084061404	0.537919811	-0.297483153	0.025972334	0.001703445	0.990058687	0.109387379	0.42224642	0.213576874	0.113989594	-0.135730632	0.318555036	-0.293327798	0.028230582	-0.056484022	0.679251571
Epithelial_CEACAM8	-0.187764221	0.165817748	-0.300729423	0.024315528	0.359946907	0.006433437	-0.449748987	0.000506078	0.055121221	0.686585573	0.047611056	0.727501989	0.330821743	0.012761189	-0.141286598	0.298959637	-0.333599119	0.011986142	0.018752714	0.890889031
Epithelial_CYP2B6	-0.207047443	0.12574482	-0.0574965	0.673821853	0.04370431	0.749097588	-0.312941842	0.018857134	-0.228191001	0.090739777	0.114089475	0.402452083	0.457714939	0.000389825	0.003547817	0.979296665	-0.297522955	0.02595146	-0.141519198	0.298156713
Epithelial_IRF7	0.255095818	0.057771188	0.179830371	0.184768044	-0.023629117	0.862761445	0.216741985	0.10860303	-0.055877847	0.682510147	-0.308490465	0.020711886	-0.291894905	0.029046461	0.016748148	0.902492418	0.300415188	0.024471912	0.291056109	0.029533151
Epithelial_NEU1	-0.147774664	0.277088398	-0.227112752	0.092317184	0.607175409	7.00E-07	-0.606720629	7.17E-07	0.181332777	0.181064989	-0.045487695	0.73921457	-0.008623762	0.949702856	-0.194347577	0.151205108	-0.382491384	0.00362289	-0.063807572	0.640357376
Epithelial_TSPAN6	-0.132907547	0.328817932	-0.049284831	0.718312607	0.147999988	0.276348389	-0.367922215	0.005274633	-0.026043394	0.848895777	0.240752438	0.073875511	0.286990185	0.031989933	-0.03089179	0.821191374	-0.302415813	0.023490578	-0.090510166	0.507072299
Epithelial_AZGP1	-0.208236498	0.123538434	-0.330707559	0.012793954	0.51815336	4.31E-05	-0.541325058	1.65E-05	0.011314422	0.934040527	0.098936184	0.468173116	0.093602241	0.492608776	-0.28264223	0.034803148	-0.331062093	0.012692456	0.00596655	0.96518906
Epithelial_SLC19A2	-0.396584488	0.002478334	-0.288917634	0.030804869	0.251946322	0.061039103	-0.252948742	0.059983233	-0.479316464	0.00018588	0.497751185	9.49E-05	0.09546338	0.484007903	-0.300643561	0.024358174	-0.235036718	0.081211	-0.137548603	0.312055224
Epithelial_GRB7	0.008980247	0.947626541	-0.19330883	0.15344508	0.347077697	0.008774187	-0.59556123	1.29E-06	0.02341176	0.864011855	-0.002340137	0.986343257	0.389808687	0.002980763	-0.029035826	0.831772952	-0.374546489	0.004455768	0.043169078	0.752071606
Epithelial_GALNT10	0.203485246	0.132533414	0.005012343	0.970753585	-0.250849364	0.062211644	0.248298276	0.065008591	0.277057657	0.038714737	-0.204379705	0.130803434	-0.342098938	0.009860839	-0.11234199	0.409744458	0.307314771	0.021226801	0.081653741	0.549666886
Epithelial_LYPLA1	-0.345910299	0.009019182	-0.330374482	0.012889945	0.342714234	0.009720528	-0.366978641	0.005401418	-0.332281679	0.012348575	0.424964277	0.001095927	0.223648916	0.097529684	-0.315233582	0.017958604	-0.32245431	0.015362018	-0.104982951	0.441280474
Epithelial_C9orf3	0.150720348	0.267517546	-0.010828927	0.936864932	-0.155104909	0.253685198	0.395504904	0.002552962	-0.340260128	0.01029066	0.254193397	0.05869275	-0.25334711	0.059567733	-0.156404566	0.249679781	0.44055199	0.000678739	0.180743733	0.1825104
Epithelial_PRMT3	-0.259793946	0.053160487	-0.42593934	0.001064273	0.330167803	0.01294982	-0.522234964	3.66E-05	-0.360331167	0.006372882	0.465241449	0.000302838	0.234954674	0.081320328	-0.368034427	0.00525973	-0.349206449	0.008342286	0.007918482	0.953811656
Epithelial_MTCL1	0.106314644	0.43547567	-0.114294284	0.401602382	-0.241152869	0.073382018	0.247041516	0.066423061	-0.263562736	0.049681783	0.260792542	0.05222005	-0.068715836	0.614809772	-0.267292638	0.046423925	0.314213351	0.018354004	0.293151873	0.028329708
Epithelial_KAZN	-0.11484069	0.399340607	0.183920339	0.17481335	-0.233287199	0.083567606	0.375236673	0.00437726	0.062391414	0.647807931	-0.116979715	0.390558326	-0.095535724	0.483675189	0.17587682	0.194772089	0.092953845	0.495623795	-0.24455402	0.06929531
Epithelial_MUC1	0.068763158	0.614565592	0.266784793	0.04685694	-0.240770644	0.073853016	0.404678074	0.001977884	0.091840042	0.500825207	-0.106161927	0.436139176	-0.150404693	0.268532443	0.223751407	0.097372239	0.115085798	0.39832844	0.007498044	0.956261606
Epithelial_GPR161	0.161876458	0.233288234	0.155676503	0.251918279	-0.41470418	0.001484056	0.458111667	0.000384726	0.112834871	0.407679943	-0.146559412	0.281102141	-0.422258244	0.001188253	0.070974116	0.603203799	0.427801184	0.001006106	0.046129744	0.735666645
Epithelial_MUC5AC	-0.182288282	0.178737941	-0.088663641	0.515811854	0.138611352	0.308295199	0.007660444	0.955315226	-0.046947521	0.731155588	0.027803938	0.838812944	-0.140458968	0.301827937	-0.126619918	0.352414721	0.035214974	0.796668557	-0.192040685	0.156212858
Epithelial_TOX3	-0.306828994	0.021442696	-0.183613713	0.175545881	-0.049400238	0.717680438	-0.11819428	0.385622831	-0.332403877	0.012314565	0.556516168	8.44E-06	0.231667125	0.085797535	-0.24516107	0.068585382	-0.435281438	0.000800142	-0.189291561	0.162339013
Epithelial_MST4	-0.112575209	0.408766827	-0.278014319	0.038020015	0.081688115	0.549498314	-0.324546472	0.014672531	-0.305462189	0.022060143	0.480613159	0.000177517	0.262561601	0.050587239	-0.249688215	0.063472457	-0.115378225	0.397122838	0.096329893	0.480030675
Epithelial_PARP12	0.265679845	0.047810489	0.014617369	0.914848564	-0.007687911	0.955155174	0.156188026	0.250344138	-0.016668799	0.902952159	0.08907735	0.513847201	-0.399208124	0.002304995	-0.134414785	0.323312956	0.426647167	0.001041812	0.371300184	0.004841901
Epithelial_MOSPD1	-0.233117335	0.08379925	-0.287702687	0.031547512	0.062440085	0.647551293	-0.204610393	0.130360033	-0.302512055	0.023444219	0.518860628	4.19E-05	0.175230339	0.196443985	-0.353692098	0.007492287	-0.011913169	0.930558391	-0.007623161	0.955532485
Epithelial_ASRGL1	0.013897542	0.919027431	0.154858916	0.254448192	0.099863357	0.463993207	0.187969225	0.165347682	0.238638224	0.076524942	-0.126717713	0.352039922	-0.23004077	0.088082846	0.116420099	0.392844876	0.14786875	0.276779242	-0.119246193	0.381378359
Epithelial_USP18	0.269936686	0.044222056	-0.089348635	0.512560958	-0.103769655	0.446606477	-0.037057514	0.786274487	-0.127397112	0.349442894	0.059742624	0.661835462	-0.075853646	0.578460026	-0.166381784	0.220360891	0.275437297	0.039915331	0.458085252	0.000385064
Epithelial_RNF128	-0.351469776	0.007903468	-0.32659265	0.014024011	0.189375649	0.162149058	-0.406753338	0.001865053	-0.287937416	0.031402881	0.388335796	0.003101238	0.250656103	0.062420084	-0.281630969	0.035486072	-0.456563113	0.000404976	-0.284695968	0.033449761
Epithelial_PXMP4	-0.163040488	0.229899249	-0.329788202	0.013060412	0.374992138	0.004404935	-0.552686048	1.00E-05	-0.109081854	0.423551474	0.190626599	0.159342368	0.308945804	0.020515326	-0.238588892	0.07658765	-0.364337556	0.005770616	0.045891097	0.736984756
Epithelial_CEP72	-0.090830659	0.505563153	-0.471878847	0.000241205	0.257703582	0.055173639	-0.4733334	0.000229329	-0.14589154	0.283324243	0.279962374	0.036637179	-0.003045312	0.982228529	-0.407749661	0.001812954	-0.141199892	0.299259301	0.190379084	0.159894852
Epithelial_RNF39	-0.264103366	0.049198342	-0.132408185	0.330654726	0.301870184	0.023754867	-0.287701622	0.031548169	0.033340316	0.807279901	-0.005628585	0.967159754	0.406952863	0.001854514	-0.030981952	0.820678114	-0.261813077	0.051272966	-0.122551163	0.36822524
Epithelial_FAM122B	-0.183666626	0.175419312	-0.192556426	0.155082827	0.076115219	0.577146812	-0.234749989	0.08159359	-0.318820767	0.016625407	0.431144696	0.000908782	0.26596505	0.047562857	-0.158678018	0.242776963	-0.243743301	0.070252555	0.032353389	0.812880331
Epithelial_ANKH	-0.2375305	0.077942842	-0.110587685	0.417141524	-0.074528096	0.585135793	-0.23582563	0.080165629	-0.297985935	0.025709686	0.466008931	0.000295043	0.091316956	0.503277664	-0.070142497	0.607466598	-0.155656338	0.251980472	-0.194445734	0.1509947
Epithelial_FKBP5	0.038108324	0.780363103	0.131803489	0.332887591	-0.358313718	0.006696453	0.424408012	0.001114362	-0.012440029	0.92749539	-0.02227994	0.870528251	-0.16888237	0.213405427	0.0104135	0.939282325	0.348091721	0.00856609	-0.029369272	0.829869601
Epithelial_ELOVL7	-0.079078577	0.562365632	-0.033780906	0.804782802	-0.343332195	0.009581353	0.119932063	0.378625945	0.021871897	0.872879663	0.321279542	0.015761186	0.053673527	0.694407956	-0.023509864	0.863447443	-0.130467118	0.33785566	-0.038680061	0.777151916
Epithelial_S100A16	0.054491243	0.689985607	-0.05485026	0.688047221	0.184469628	0.173506647	0.078068009	0.56738632	0.28483202	0.033361672	-0.275810975	0.039635768	-0.526713557	3.05E-05	-0.080022038	0.55769725	0.275599244	0.039793973	0.119852464	0.378944765
Epithelial_EPB41L5	-0.217170959	0.1078883	-0.264168694	0.049140185	0.356086757	0.007070205	-0.52398674	3.40E-05	-0.232305637	0.084913149	0.393504045	0.002696571	0.148523175	0.274635193	-0.261480459	0.051580097	-0.349816754	0.008221922	0.008106805	0.952714405
Epithelial_PDZD8	-0.207245156	0.125375895	-0.110927665	0.415702044	-0.029136389	0.831198825	-0.07303833	0.592679824	-0.293802833	0.027964373	0.389445679	0.003010063	0.256306056	0.056553666	-0.056217073	0.680685876	-0.338249789	0.010779027	-0.188617716	0.163867136
Epithelial_PARD6B	-0.322317977	0.015407894	-0.344392374	0.009346602	0.296488719	0.026498458	-0.395360467	0.002563097	-0.321456941	0.015700346	0.464097774	0.000314801	0.070005977	0.608167633	-0.356117883	0.007064858	-0.30825669	0.02081342	-0.036223273	0.790976108
Epithelial_SLC19A3	-0.01562195	0.909020439	0.090447967	0.507365452	-0.090442963	0.50738904	-0.269569586	0.044522542	0.024018065	0.860524751	0.267335595	0.046387448	0.214973154	0.111588662	0.098045554	0.472207288	-0.34940073	0.008303805	-0.131210611	0.335085978
Epithelial_CELSR3	-0.031658406	0.816829694	-0.341244376	0.01005862	0.239402574	0.07555854	-0.587215559	1.96E-06	-0.105986567	0.436901759	0.179293277	0.186104971	0.334646733	0.011704517	-0.264746907	0.048627884	-0.374118528	0.004505069	0.21694521	0.108263977
Myeloids_CLEC12A	0.201253644	0.136924593	0.132758693	0.329364786	-0.321408572	0.015716914	0.61646583	4.23E-07	-0.098995124	0.467906797	-0.267076287	0.046607995	-0.178931228	0.187010089	-0.008836082	0.948466178	0.602718249	8.87E-07	0.182091126	0.179216319
Myeloids_WARS	0.567604491	5.07E-06	0.031638483	0.816942978	-0.050423795	0.712081925	-0.067302167	0.622123267	0.26181435	0.051271794	-0.289116387	0.030684779	-0.185243493	0.171677758	0.004101246	0.976068005	0.273415937	0.041455908	0.716780985	5.20E-10
Myeloids_CKAP4	0.076081049	0.577318282	-0.108298315	0.426908839	-0.031932592	0.81527104	0.291153169	0.029476488	0.03703004	0.786429201	0.126196133	0.354041713	-0.433619361	0.000842299	-0.210465134	0.119482309	0.30404547	0.022715934	0.051481027	0.706315018
Myeloids_LGALS1	0.257159998	0.055707139	0.121619122	0.371906483	-0.18512687	0.171952476	0.471502836	0.000244365	-0.093585095	0.49268838	-0.022376118	0.869974173	-0.367052152	0.005391445	0.014358051	0.916353746	0.579124996	2.92E-06	0.282149026	0.035134843
Myeloids_EMP1	0.063995404	0.639371793	-0.185497216	0.171081196	-0.095324434	0.48464727	0.212372918	0.116091385	-0.202403604	0.134648362	0.067485932	0.621170502	-0.267246992	0.046462711	-0.260481446	0.052511566	0.348185264	0.008547111	0.171171775	0.207173717
Myeloids_COL6A3	0.157248057	0.247103327	-0.041505285	0.76133917	-0.286556197	0.032261937	0.484180109	0.000156253	-0.139160769	0.306362824	-0.058374154	0.66912848	-0.341825741	0.009923699	-0.145068804	0.286077458	0.603361577	8.57E-07	0.297529003	0.02594829
Myeloids_PRCP	0.10686233	0.43310081	0.224283939	0.096557347	-0.381634201	0.003705585	0.560455632	7.05E-06	0.027816055	0.838743636	-0.040548589	0.766683306	-0.223362502	0.097970718	0.108117801	0.427684448	0.588025333	1.89E-06	-0.049397503	0.717695414
Myeloids_PPP4R1	0.078409606	0.56568687	0.049866915	0.715126024	-0.317200456	0.017216761	0.557655761	8.01E-06	-0.074184513	0.586871811	0.065428201	0.63187414	-0.242798585	0.071381287	-0.10879743	0.424768455	0.509840049	5.98E-05	0.030823482	0.821580276
Myeloids_SH3BP5	0.135761029	0.318445654	0.379684776	0.003899889	-0.548445579	1.21E-05	0.619077554	3.66E-07	-0.109891914	0.420096313	-0.047711161	0.726951303	-0.242380065	0.071885922	0.215766477	0.110241911	0.551802289	1.04E-05	0.120484995	0.376415689
Myeloids_CTSL	0.283779176	0.034048408	-0.104970892	0.441333236	-0.057066078	0.676128118	0.341529623	0.009992224	-0.003324346	0.980600478	-0.149730116	0.270709955	-0.397642176	0.002407107	-0.217736512	0.106951547	0.672389107	1.39E-08	0.396456989	0.002487046
Myeloids_ARL4C	0.222986444	0.098552138	0.212115406	0.11654475	-0.202681129	0.134103311	0.448106341	0.000533642	-0.06804725	0.618264067	-0.116746294	0.391511109	-0.362974186	0.005969716	0.144412935	0.288284807	0.646869573	7.19E-08	0.159055131	0.241644679
Myeloids_PCOLCE	0.359540479	0.006498031	0.198927925	0.14161612	-0.103840665	0.446293788	0.355881524	0.007105548	0.141673592	0.297624525	-0.424315645	0.00111745	-0.30011932	0.024619928	0.143069394	0.292841299	0.62521911	2.59E-07	0.283016237	0.034553354
Myeloids_UPP1	-0.201398085	0.136637113	0.196831467	0.145947114	-0.079307416	0.561231622	-0.096378196	0.479809478	-0.223698247	0.097453877	0.266374991	0.04720876	0.397744298	0.002400328	0.290056068	0.030122288	-0.44927674	0.000513868	-0.249796087	0.063354468
Myeloids_PLEK	0.339169091	0.010553273	0.18754995	0.166310107	-0.050011484	0.714335331	0.323291652	0.01508281	0.02024575	0.882261224	-0.396654572	0.002473558	-0.285294532	0.033063652	0.164268693	0.226360482	0.648948074	6.32E-08	0.351607736	0.007877382
Myeloids_HMOX1	0.185430215	0.171238584	-0.025561127	0.851662038	0.113912529	0.403187032	0.267321202	0.046399668	0.220878564	0.101860829	-0.282613489	0.034822406	-0.491447003	0.00011996	-0.063460913	0.642177966	0.619477533	3.58E-07	0.189644812	0.161542111
Myeloids_IGFBP6	0.189648472	0.16153387	0.113847523	0.40345723	-0.238494942	0.076707185	0.53571652	2.09E-05	0.157452358	0.246482021	-0.164137703	0.226736089	-0.317226905	0.017206966	0.093545005	0.492874535	0.617526698	3.99E-07	0.227204734	0.092181791
Myeloids_CYBB	0.173043762	0.202174451	0.261292121	0.051754666	-0.450692748	0.000490831	0.5178602	4.36E-05	-0.165703075	0.222275705	0.158441328	0.243489473	-0.343714137	0.009496199	0.07006821	0.607848024	0.59205394	1.54E-06	0.167631541	0.216865153
Myeloids_COL7A1	0.18897794	0.163048928	-0.149331088	0.272003522	-0.100242168	0.46229127	0.334368682	0.011778703	-0.152532571	0.261740497	-0.15246648	0.2619497	-0.162219536	0.23228583	-0.226018257	0.093940166	0.56594917	5.47E-06	0.402077095	0.002127872
Myeloids_FCER1G	0.478484914	0.000191431	0.307193082	0.02128071	-0.063037737	0.644403244	0.372061102	0.004748846	0.072165778	0.597118371	-0.321176759	0.015796528	-0.373027105	0.00463298	0.210714509	0.119034832	0.761355925	9.63E-12	0.388670034	0.003073527
Myeloids_ISG20	0.273766881	0.041184981	0.104465805	0.443546253	0.276025319	0.03947614	0.137494465	0.312247547	0.105684739	0.438216049	-0.206062418	0.127595102	-0.458274983	0.000382645	-0.019941548	0.884018049	0.405918966	0.001909708	0.30984197	0.020133085
Myeloids_EML1	0.104580035	0.443045218	0.182530987	0.178150314	-0.389058494	0.003041596	0.688047721	4.65E-09	-0.082340133	0.546305467	0.057949401	0.671398345	-0.36733517	0.005353201	0.053458679	0.695571582	0.681231304	7.55E-09	0.148335729	0.275248181
Myeloids_TFF1	-0.107298807	0.431213397	0.025204967	0.853706101	0.237045431	0.078570246	0.263358117	0.049865765	-0.177966444	0.189437461	0.096895036	0.47744607	-0.387628541	0.003160606	-0.074072612	0.587437716	0.25718822	0.055679338	-0.029218368	0.830730859
Myeloids_PDGFRL	0.106897362	0.432949154	0.017559105	0.897795636	-0.231212774	0.086431238	0.586613375	2.02E-06	0.007885671	0.954002832	-0.026719758	0.845019232	-0.419490016	0.001289867	-0.133836962	0.325416434	0.595737206	1.27E-06	0.168730628	0.213823062
Myeloids_KCNJ8	0.163973852	0.227206529	0.047390037	0.728718314	-0.247257349	0.066178406	0.448651556	0.000524346	-0.047487107	0.728184028	-0.084817229	0.534257546	-0.081233833	0.551728143	-0.01255454	0.926829796	0.651510392	5.39E-08	0.233470987	0.083317542
Myeloids_OASL	0.16658578	0.219787621	-0.181937725	0.179589167	0.063280939	0.643123982	0.05878396	0.666941268	0.118941998	0.382602912	-0.187191549	0.16713604	-0.153810195	0.257718389	-0.305146045	0.02220508	0.277111104	0.03867565	0.422696387	0.001172846
Myeloids_TFEC	0.452613737	0.000461075	0.417276305	0.001376663	-0.383407678	0.003536299	0.55897489	7.55E-06	-0.230403219	0.087569457	0.012390201	0.92778503	-0.242084202	0.072244374	0.283266457	0.034387067	0.709094099	9.59E-10	0.369431569	0.005077253
Myeloids_PTGFR	0.032340379	0.812954218	0.350542825	0.008080696	-0.401208857	0.00218015	0.633748111	1.58E-07	-0.112356018	0.409685617	-0.028616486	0.834167949	-0.145816042	0.28357616	0.290778165	0.029695917	0.531540635	2.49E-05	-0.033481621	0.806478826
Myeloids_TUBB6	0.264042631	0.04925246	0.216674022	0.108716599	-0.226241619	0.093607159	0.544481787	1.44E-05	-0.032877084	0.809907387	-0.229801095	0.088423627	-0.318512535	0.016736546	0.168288745	0.215042503	0.604256762	8.17E-07	0.245384103	0.068326016
Myeloids_IFI35	-0.448382822	0.00052891	-0.079095249	0.562282979	-0.161905907	0.233202075	0.168109869	0.215537522	-0.349329005	0.008317993	0.306370133	0.021648333	0.279000813	0.037314451	-0.0460489	0.736113085	-0.218063267	0.106413189	-0.379238878	0.003945577
Myeloids_RGL1	-0.137203915	0.313281017	-0.326789239	0.013963019	0.40368246	0.002034145	-0.611119303	5.66E-07	-0.045437242	0.739493602	0.079654127	0.559515547	0.264379396	0.048952994	-0.188083953	0.165085042	-0.666009531	2.12E-08	-0.039743065	0.771191378
Myeloids_BLVRA	0.350623956	0.008065048	0.368863715	0.005150737	-0.035252549	0.796456236	0.297136709	0.026154621	0.136249245	0.31669211	-0.314978301	0.018056854	-0.316090249	0.017632217	0.33781747	0.010886626	0.591240326	1.60E-06	0.287318187	0.031785625
Myeloids_IGFBP5	0.077094909	0.57224049	0.172534869	0.203524947	-0.160143725	0.23839646	0.488150756	0.000135339	0.054638555	0.689190007	-0.107093946	0.432098681	-0.368748318	0.005165784	0.047065729	0.730504266	0.520133188	3.98E-05	-0.029110117	0.831348805
Myeloids_PXDN	-0.052423079	0.70119015	-0.07222437	0.596819863	-0.162339243	0.231936772	0.509683637	6.02E-05	-0.115020122	0.398599499	0.098263743	0.471217268	-0.354311076	0.007381134	-0.160319554	0.237874634	0.618419392	3.79E-07	0.113696195	0.404086638
Myeloids_LHFPL2	-0.23852036	0.076674831	-0.057837271	0.671998055	0.188709912	0.163657437	-0.095361919	0.484474735	-0.165951342	0.221573941	-0.035627854	0.794336317	0.156643193	0.248949049	-0.007126694	0.958425848	0.015470833	0.909896856	-0.146518247	0.281238768
Myeloids_C9orf3	0.170640303	0.208608802	-0.05354133	0.695123859	-0.05770487	0.672706437	0.348917243	0.008399856	-0.254681362	0.058192973	0.178621224	0.187787605	-0.294641032	0.027499777	-0.195153764	0.14948339	0.478635625	0.000190414	0.21817785	0.106224898
Myeloids_AHNAK2	0.126048131	0.354611005	-0.040020518	0.769637773	-0.312652993	0.018973049	0.323675836	0.014956166	-0.087453167	0.521581926	0.04280539	0.754094485	-0.130451047	0.337915685	-0.052669787	0.699850196	0.378317622	0.004041469	0.302843019	0.023285386
Myeloids_ANGPTL2	0.086290327	0.527155163	0.037954939	0.781225214	-0.236361547	0.079461579	0.544061781	1.46E-05	-0.188016386	0.165239681	-0.143270992	0.292154618	-0.201792748	0.135853924	-0.007769651	0.954678868	0.635662406	1.41E-07	0.283196794	0.034433295
Myeloids_LPPR4	0.029979178	0.826390706	0.007801266	0.954494646	-0.52100758	3.84E-05	0.650001846	5.92E-08	-0.194134832	0.151661893	0.085385128	0.531513931	-0.209623502	0.121001995	-0.057284785	0.674955885	0.527904802	2.90E-05	0.026959132	0.843648138
Myeloids_HLX	0.209249547	0.121681922	0.176034285	0.194366403	-0.21497135	0.111591739	0.509165243	6.14E-05	0.174357055	0.198718611	-0.117382553	0.38891724	-0.549879587	1.13E-05	0.054188538	0.6916215	0.607941448	6.72E-07	0.127062117	0.350721943
Myeloids_FCGR1B	0.433650067	0.000841503	0.113779506	0.403740057	-0.189955167	0.16084435	0.437598613	0.000744542	-0.100539285	0.460958743	-0.264623738	0.048736645	-0.241915519	0.072449376	0.044936939	0.742262322	0.772298579	3.16E-12	0.557085381	8.22E-06
Myeloids_CD163	0.373461736	0.004581664	0.303413521	0.023013726	-0.332331262	0.012334765	0.582420774	2.49E-06	0.015924955	0.907263461	-0.191649201	0.15707468	-0.393544131	0.002693625	0.151387171	0.265382005	0.707823035	1.06E-09	0.286534099	0.032275839
Myeloids_AIF1	0.457446989	0.000393303	0.476073199	0.000208397	0.054259446	0.691238169	0.404310703	0.00199848	0.001226163	0.99284402	-0.312705285	0.01895202	-0.249953381	0.063182739	0.386913042	0.003221688	0.58709545	1.97E-06	0.243982361	0.069969199
Myeloids_RAB31	0.293831256	0.027948512	0.016758359	0.902433259	-0.279168712	0.037195451	0.470371091	0.000254104	-0.0384691	0.778336363	-0.189465732	0.16194574	-0.361847947	0.006138697	-0.076928634	0.573071843	0.769416118	4.27E-12	0.389298219	0.003022038
Myeloids_SOBP	0.238137259	0.077163631	0.270862284	0.043471793	-0.462269848	0.000334817	0.594606437	1.35E-06	-0.116192826	0.393775741	0.08954346	0.511638245	-0.262714076	0.050448475	0.149606742	0.271109469	0.543223921	1.52E-05	0.086236151	0.527415536
Myeloids_ADAP2	-0.316571235	0.017451188	-0.334915267	0.011633254	0.300656158	0.024351914	-0.517630017	4.40E-05	-0.044109042	0.746851099	0.142026113	0.296411721	0.445042052	0.000588721	-0.174241948	0.199019818	-0.632364116	1.71E-07	-0.172767569	0.202906618
Myeloids_SLAMF8	0.495827284	0.000101997	0.40315086	0.002064766	-0.208652015	0.122774375	0.490910385	0.000122349	-0.074955647	0.582978752	-0.152252348	0.262628278	-0.337515176	0.010962413	0.24647485	0.067068846	0.703299931	1.50E-09	0.422548456	0.001178027
Myeloids_TMEM45A	0.264753933	0.048621686	0.249217398	0.063989497	-0.375194181	0.004382058	0.614197583	4.79E-07	-0.15696567	0.247963861	-0.009015434	0.947421616	-0.335727951	0.011419858	0.132661011	0.329723957	0.693825375	3.06E-09	0.253431231	0.059480292
Myeloids_AGPAT4	0.237724638	0.077692853	0.07069915	0.604611805	-0.036388996	0.790041533	0.310553939	0.019833731	0.11605303	0.394348963	-0.093065662	0.49510317	-0.368226163	0.005234352	-0.066681078	0.625347979	0.453297359	0.000450887	0.297429346	0.026000575
Myeloids_PILRA	0.421208292	0.001225916	0.232247982	0.08499271	-0.018192915	0.894127238	0.348927374	0.008397833	-0.011792895	0.931257767	-0.328577906	0.013418455	-0.353385627	0.007547859	0.155042659	0.253878132	0.72520976	2.60E-10	0.411269995	0.001639119
Myeloids_MS4A7	0.186695724	0.168283598	0.293751831	0.027992854	-0.326797678	0.013960406	0.508962215	6.19E-05	-0.082185109	0.547063789	0.093986576	0.490826154	-0.278808745	0.037450967	0.161021119	0.235800328	0.515608934	4.77E-05	0.075357856	0.580952859
Myeloids_PARVG	-0.359227781	0.006548114	-0.531056025	2.54E-05	0.380326175	0.00383499	-0.532315733	2.41E-05	0.034073209	0.803127204	0.312494808	0.019036786	0.063509074	0.641924907	-0.495345136	0.000103846	-0.673185706	1.31E-08	-0.157153018	0.247392718
Myeloids_ADAMTS2	0.269010464	0.044983422	-0.081326238	0.551274229	-0.283941606	0.033941701	0.381089618	0.003758985	-0.215145225	0.111295488	-0.160966239	0.235962142	-0.117908902	0.386779147	-0.16360768	0.228260304	0.581368251	2.62E-06	0.449319869	0.000513152
Myeloids_PIK3AP1	0.368315784	0.005222527	0.41433221	0.001500193	-0.406691532	0.001868329	0.474037231	0.000223777	-0.02482937	0.85586275	-0.040306077	0.768039712	-0.225998084	0.093970287	0.31641272	0.017510673	0.523117522	3.53E-05	0.343805593	0.009475907
Myeloids_BCAT1	0.219063993	0.104777387	0.06289927	0.645132051	-0.369042857	0.005127455	0.567267422	5.15E-06	-0.240194355	0.074567688	-0.155176408	0.253463724	-0.236946713	0.078698418	0.007196443	0.958019322	0.726677831	2.29E-10	0.285244492	0.033095788
Myeloids_CD109	0.159946601	0.23898242	0.118513924	0.384330108	-0.433002852	0.000858439	0.658510811	3.46E-08	-0.120869563	0.374883014	0.056639772	0.678415252	-0.425602314	0.00107512	0.015370103	0.910481111	0.631729338	1.78E-07	0.170999526	0.207638062
Myeloids_PRRX1	0.32157347	0.015660491	0.256416621	0.056443478	-0.46279482	0.000328953	0.589830913	1.72E-06	-0.168050525	0.215701924	-0.198105718	0.143303102	-0.225347732	0.094945391	0.123000215	0.366459533	0.716765549	5.21E-10	0.325784332	0.014277202
Myeloids_FAM20C	0.268800362	0.045157614	0.268655933	0.045277678	-0.212611734	0.11567214	0.590285994	1.68E-06	0.090830219	0.505565223	-0.192373316	0.155483343	-0.42820424	0.000993896	0.180582909	0.182906474	0.689357997	4.23E-09	0.264085066	0.049214643
Myeloids_FAM20A	0.308639162	0.020647522	0.189048678	0.162888605	-0.220922398	0.101791159	0.465521856	0.000299968	0.028637258	0.834049278	-0.485763147	0.000147584	0.062388531	0.647823131	0.260355598	0.052629869	0.507222842	6.62E-05	0.311175237	0.019575593
Myeloids_ASPHD2	0.184557789	0.173297585	0.111595617	0.412882249	-0.372617192	0.004681839	0.199842688	0.139756712	-0.053373021	0.696035702	0.154336349	0.256074174	-0.07700562	0.572686852	0.063869873	0.640030404	0.194504073	0.150869748	0.185029108	0.172183008
Myeloids_GPX8	0.117517298	0.388369223	-0.087342825	0.522109502	-0.08656697	0.525826605	0.441505058	0.000658654	-0.114654132	0.400111998	0.062289221	0.648346916	-0.332822009	0.012198803	-0.206340821	0.127070072	0.533745614	2.27E-05	0.126249183	0.353837792
Myeloids_PIK3R5	0.285560009	0.032893595	0.449228959	0.000514662	-0.30482197	0.022354487	0.559791958	7.27E-06	-0.006204121	0.963803893	-0.20919165	0.121787449	-0.151922563	0.263675663	0.309323064	0.020353671	0.703504633	1.48E-09	0.175921064	0.19465804
Myeloids_FAM65C	0.063732666	0.640750589	0.25258714	0.060362406	-0.332072726	0.012406916	0.564367749	5.89E-06	-0.037421854	0.784223499	-0.020213635	0.882446665	-0.177546687	0.190500574	0.131478875	0.334090135	0.436021951	0.00078198	0.048799674	0.720972218
Myeloids_MRGPRF	0.171198786	0.207100969	0.393767649	0.00267725	-0.42605253	0.001060653	0.696554534	2.50E-09	0.098584744	0.469762767	-0.182217761	0.178908947	-0.360144092	0.0064023	0.261872244	0.051218489	0.618074414	3.87E-07	0.01757922	0.897679176
Myeloids_DDX60L	-0.123505816	0.364477629	0.024118309	0.859948457	-0.414480444	0.001493743	0.557199942	8.18E-06	-0.247908111	0.065445109	0.275062386	0.040197447	-0.270704943	0.043598587	-0.227096484	0.092341147	0.3270323	0.013887923	0.030977743	0.820702073
Myeloids_TWIST2	0.185216438	0.171741462	0.359865344	0.006446354	-0.466379119	0.000291349	0.606405891	7.29E-07	0.108061581	0.427926168	-0.221339494	0.101130076	-0.21249535	0.115876309	0.296166706	0.026670731	0.63338917	1.61E-07	0.119015452	0.382307006
Myeloids_IFIT3	0.222129897	0.099886434	-0.089803405	0.510408425	-0.157883014	0.245175823	0.224704911	0.095916926	-0.155254163	0.253223016	-0.030867942	0.821327147	-0.174794107	0.197577904	-0.239629492	0.075273508	0.472840801	0.00023329	0.568370234	4.89E-06
Myeloids_MS4A14	0.387136946	0.003202462	0.267520347	0.046230835	-0.181574847	0.180473391	0.526934577	3.02E-05	0.047286334	0.729289246	-0.262751281	0.050414662	-0.305726565	0.021939554	0.104691168	0.442558073	0.607215226	6.98E-07	0.252167254	0.060805116
Myeloids_GBP5	0.46938292	0.000262896	0.179339545	0.185989528	-0.231634027	0.085843575	0.329331532	0.013194533	-0.191366946	0.15769821	-0.001658993	0.990318098	-0.337187229	0.011045147	-0.014358869	0.916348998	0.552507347	1.01E-05	0.597765397	1.15E-06
Myeloids_GAS2L1	0.162645273	0.23104605	0.106379341	0.435194754	-0.281580537	0.035520418	0.233067571	0.08386721	-0.118180009	0.385680604	-0.030792136	0.821758757	-0.21742343	0.107469343	0.013466651	0.921529968	0.221793213	0.100414726	0.163967434	0.22722497
Myeloids_PI3	0.256276873	0.056582779	0.023851064	0.861484979	0.4070622	0.001848761	-0.085479593	0.531058232	0.181059895	0.181733563	-0.16423703	0.226451236	-0.328593325	0.013413841	-0.026473202	0.846431933	0.081350854	0.551153336	0.142454164	0.294943392
Stromal_NREP	0.185479127	0.171123676	0.06511559	0.633506896	-0.484767017	0.000152986	0.552787746	9.97E-06	-0.181065137	0.181720704	-0.083375489	0.541253897	-0.166246376	0.220741992	0.033354145	0.807201497	0.600233523	1.01E-06	0.202002503	0.135439049
Stromal_PRCP	-0.037738012	0.782444919	-0.207418282	0.125053521	0.314692536	0.018167378	-0.493695209	0.000110407	-0.098236728	0.471339784	0.039515914	0.772463985	0.23554625	0.080534607	-0.117287576	0.389303789	-0.585733897	2.11E-06	0.121724917	0.371487519
Stromal_COL1A2	0.013423531	0.921780442	-0.120738039	0.375406776	-0.269042532	0.044956883	0.415683262	0.001442323	-0.239198316	0.075815839	-0.075193042	0.581782625	-0.178376707	0.188402507	-0.111869485	0.411729287	0.561168241	6.83E-06	0.215742551	0.110282346
Stromal_LOXL1	0.320782725	0.015932644	0.274957402	0.04027674	-0.000827596	0.995170056	0.374558482	0.004454393	-0.08791201	0.519390929	-0.338562977	0.010701653	-0.300634789	0.024362535	0.203516573	0.132472534	0.511097773	5.69E-05	0.235180601	0.081019545
Stromal_PRKAR2B	0.194624926	0.150611144	0.453024876	0.000454923	-0.467898493	0.000276624	0.620911459	3.30E-07	-0.134266504	0.323851925	0.05658479	0.678710443	-0.24074095	0.073889707	0.270288652	0.04393552	0.296520625	0.026481439	0.049819079	0.715387715
Stromal_VASH1	0.277618694	0.038306056	0.310260815	0.019956517	-0.391323849	0.002861177	0.553529142	9.65E-06	0.015922869	0.907275558	-0.26581312	0.047694641	-0.191327052	0.157786487	0.234826703	0.08149109	0.66645882	2.06E-08	0.233105333	0.083815637
Stromal_MAOB	-0.045020982	0.741796996	0.372456426	0.004701125	-0.510193527	5.90E-05	0.644850667	8.14E-08	-0.092546099	0.497524693	0.078315144	0.566156586	-0.077554701	0.569944495	0.279780475	0.036764512	0.453049711	0.000454554	-0.086197814	0.527599823
Stromal_COL16A1	0.088543097	0.516385016	0.228489096	0.090307421	-0.27547267	0.039888797	0.596890314	1.20E-06	-0.115350872	0.397235515	-0.161888646	0.233252574	-0.389248356	0.003026097	0.093205754	0.49445129	0.561648305	6.68E-06	0.138457872	0.308836406
Stromal_LRRC17	0.102273656	0.453222131	0.247223226	0.066217039	-0.407213124	0.001840847	0.599792852	1.03E-06	-0.030660925	0.822505943	-0.087882396	0.519532197	-0.193871891	0.152227862	0.109425101	0.422085448	0.418836315	0.001314972	-0.082070163	0.547626391
Stromal_PCDH17	-0.051532152	0.706036556	-0.071927516	0.598332926	-0.251104114	0.061937739	0.486290085	0.000144798	-0.096853547	0.477635563	-0.111997899	0.411189319	-0.220487426	0.102484133	-0.132381855	0.330751754	0.541353206	1.65E-05	0.059976831	0.660590389
Stromal_FOXF1	0.037481865	0.783885814	0.311361531	0.01949875	-0.287720192	0.031536707	0.493800057	0.000109979	-0.201364897	0.136703126	0.079043544	0.562539333	-0.21885908	0.105110751	0.212832517	0.11528558	0.379254962	0.003943921	-0.046503641	0.733603028
Stromal_CILP	-0.013645127	0.920493318	0.443378776	0.000620724	-0.616540976	4.21E-07	0.647203848	7.04E-08	-0.078034053	0.56755538	-0.030227125	0.824977356	0.000889403	0.994809346	0.374627949	0.004446438	0.363707628	0.005861873	-0.147162375	0.279105903
Stromal_COL6A2	0.378779953	0.003993092	0.21775366	0.106923242	-0.117107194	0.390038562	0.361493823	0.006192688	0.254490947	0.058387588	-0.514587784	4.96E-05	-0.355900916	0.007102202	0.158719954	0.24265087	0.595977224	1.26E-06	0.294762165	0.027433173
Stromal_RGL1	0.131321443	0.334674324	0.341036658	0.010107209	-0.422934843	0.001164536	0.608216792	6.62E-07	0.026442769	0.846606339	-0.049187053	0.718848358	-0.276189571	0.039354176	0.205130571	0.129364369	0.642753743	9.24E-08	0.03435941	0.801506998
Stromal_NFATC1	0.442023401	0.000647957	0.334715398	0.011686259	-0.216632522	0.108785992	0.37031846	0.004964325	0.014894392	0.913240948	-0.270420082	0.043828915	-0.290776673	0.029696792	0.213124695	0.114775539	0.536548349	2.02E-05	0.293160685	0.028324735
Stromal_COL5A1	0.04869006	0.72157357	0.057945849	0.67141734	-0.304845925	0.022343414	0.459935589	0.000362057	-0.169863573	0.210718707	-0.21866143	0.105433075	-0.2038426	0.131840199	0.067010278	0.623637888	0.562686648	6.37E-06	0.190091937	0.160537558
Stromal_C9orf3	-0.121650381	0.371782663	0.018576846	0.891906167	0.13305185	0.328288343	-0.353964684	0.007443159	0.320623793	0.01598783	-0.25932659	0.053605324	0.238981686	0.076089482	0.150970411	0.266715365	-0.393183844	0.002720207	-0.157413197	0.246601032
Stromal_COL6A1	0.156789464	0.248501852	0.157624592	0.24595906	-0.209237938	0.121703075	0.586417911	2.04E-06	-0.029644709	0.828298107	-0.328714986	0.013377484	-0.164624775	0.225341624	0.092332654	0.498521268	0.687191017	4.95E-09	0.199588844	0.140270852
Stromal_COL3A1	0.036618474	0.788747896	0.08128489	0.551477317	-0.113911481	0.403191386	0.437328795	0.000750832	-0.136556682	0.315591046	-0.314818195	0.018118707	-0.198959629	0.14155137	-0.007644689	0.955407034	0.637728752	1.25E-07	0.171857599	0.205332158
Stromal_MAFB	0.266063851	0.047477318	0.418497257	0.001328165	-0.495357651	0.000103798	0.578545192	3.01E-06	-0.241784263	0.072609213	0.057374476	0.674475376	-0.317012718	0.017286423	0.285791811	0.032745704	0.58560982	2.13E-06	0.169814357	0.210852901
Stromal_MICALL2	-0.061048241	0.65490634	-0.059331379	0.66402388	0.164492496	0.225719743	-0.156430675	0.249599758	0.084585373	0.535379676	-0.239558911	0.075362073	0.161411233	0.234652283	0.042269974	0.757075524	-0.032629637	0.811311781	-0.055432141	0.684909781
Stromal_ADAP2	0.32565369	0.014318489	0.365634905	0.005586585	-0.332776127	0.01221146	0.530934706	2.56E-05	0.040269829	0.768242509	-0.134661844	0.322416208	-0.452068712	0.000469347	0.206979666	0.125871478	0.612615574	5.22E-07	0.175522058	0.195688296
Stromal_TRPS1	0.276629247	0.039029227	0.268184854	0.045671107	-0.422029689	0.001196362	0.564793641	5.78E-06	-0.007395517	0.956859107	-0.259125837	0.053797328	-0.186339565	0.169111446	0.181363454	0.18098994	0.665491947	2.20E-08	0.203163625	0.133159653
Stromal_AMOTL1	0.201815809	0.135808265	0.364972592	0.005679882	-0.562813525	6.33E-06	0.686455783	5.21E-09	0.040482456	0.767053127	-0.167311972	0.217755318	-0.309083694	0.020456115	0.248676938	0.064587178	0.679325771	8.62E-09	0.102098011	0.454002385
Stromal_STAT2	0.173560729	0.200809043	0.361018107	0.006265871	-0.472356705	0.000237243	0.59849577	1.11E-06	-0.07709241	0.572252979	-0.154260462	0.25631088	-0.154392693	0.255898522	0.22859764	0.090150391	0.583850993	2.32E-06	0.139856688	0.303926402
Stromal_GPSM1	0.123262416	0.365430915	0.026116862	0.848474522	-0.271901876	0.042641624	0.621287506	3.23E-07	0.212516932	0.115838427	-0.158526758	0.243232136	-0.046722169	0.732397789	0.02010006	0.883102537	0.592405855	1.51E-06	0.074281229	0.586382903
Stromal_MRVI1	0.199523024	0.140404395	0.431133807	0.000909084	-0.626143784	2.46E-07	0.731317712	1.54E-10	-0.075687832	0.579293199	-0.124071736	0.362267015	-0.247065958	0.066395319	0.301278639	0.024044223	0.618638913	3.75E-07	0.114373701	0.401273184
Stromal_ZNF521	0.166818174	0.219135815	0.17528131	0.196311796	-0.38845728	0.00309114	0.625913524	2.49E-07	-0.141892195	0.296872071	-0.086636324	0.525493797	-0.323588136	0.014984996	0.058431178	0.668823965	0.55694852	8.27E-06	0.16524303	0.223580177
Stromal_SFMBT2	0.159482387	0.240366214	0.329818725	0.013051489	-0.57432769	3.69E-06	0.679680321	8.41E-09	-0.134344583	0.323568053	0.089824619	0.510308127	-0.28555982	0.032893715	0.159922443	0.239054298	0.468077261	0.000274937	0.078357423	0.56594633
Stromal_SHANK3	0.0739249	0.588185092	0.251238615	0.061793517	-0.415165121	0.001464276	0.521715556	3.73E-05	-0.204649115	0.130285718	-0.226474864	0.093260399	0.050537668	0.711460006	0.222137184	0.099875025	0.280390545	0.03633889	0.088160502	0.518206295
Stromal_PAPPA	0.060793866	0.656254111	0.169664745	0.211261205	-0.295148829	0.027221475	0.607645576	6.83E-07	-0.170403279	0.209251069	-0.046524264	0.733489261	-0.173129204	0.201948331	-0.0005825	0.996600452	0.586391743	2.05E-06	0.08408643	0.537798354
Stromal_ALPK2	0.265818593	0.047689889	0.301830921	0.023773981	-0.358452184	0.006673795	0.549282424	1.17E-05	-0.052471487	0.700927158	-0.379463039	0.00392255	-0.127943067	0.347364557	0.249664795	0.063498097	0.570109734	4.50E-06	0.289652377	0.030362873
Stromal_RUNX1T1	0.215970714	0.109897226	0.331164116	0.012663376	-0.56112158	6.84E-06	0.715767155	5.64E-10	-0.057735889	0.672540454	-0.073964556	0.587984403	-0.241389188	0.07309201	0.233216945	0.083663351	0.630972108	1.86E-07	0.14248165	0.29484927
Stromal_ARL10	0.153529055	0.258599854	0.14308932	0.292773379	-0.465670674	0.000298456	0.413377412	0.001542334	-0.149702989	0.270797764	0.030604469	0.822827486	0.008547011	0.950149927	0.041826974	0.759544675	0.423144583	0.001157271	0.192408428	0.155406483
Stromal_CD84	0.391055146	0.002882069	0.502701685	7.87E-05	-0.550693551	1.09E-05	0.538231029	1.88E-05	-0.144436929	0.288203858	-0.107547952	0.430138129	-0.063453374	0.642217584	0.449782942	0.000505522	0.580976927	2.67E-06	0.239988206	0.074824668
T_QPRT	-0.125486235	0.356777465	-0.109993863	0.419662613	0.418917346	0.001311837	-0.469848871	0.000258716	0.187059411	0.167441306	0.112036787	0.411025879	-0.036047497	0.791967699	-0.086821607	0.524605197	-0.284740558	0.033420869	-0.125387121	0.357160447
T_OAS2	0.381976934	0.003672323	0.034159482	0.802638717	-0.077556383	0.569936103	-0.009713226	0.943358477	0.050844769	0.709783688	-0.272799526	0.041935325	-0.063038485	0.644399307	-0.001398948	0.99183567	0.240210071	0.074548126	0.568664511	4.82E-06
T_PLAG1	-0.281946295	0.035271945	0.07623216	0.576560155	0.021158372	0.876994066	0.091350775	0.503118917	-0.321064626	0.015835162	0.334033986	0.011868539	0.237307901	0.078230265	0.063490388	0.642023087	-0.023897636	0.861217179	-0.123811781	0.363281443
T_FMR1	-0.22349236	0.097770565	-0.219693832	0.103757834	0.025265302	0.853359759	-0.166159964	0.220985434	-0.474870303	0.000217363	0.430195535	0.00093551	0.192613265	0.154958658	-0.250347638	0.062753941	-0.018939783	0.889807307	0.093895419	0.491248652
T_MST4	-0.061375908	0.653171854	-0.217584879	0.107202087	0.060732991	0.656576809	-0.23698497	0.078648726	-0.310778395	0.019740142	0.385911028	0.003308987	0.245929503	0.067695067	-0.11338497	0.405382888	0.000287816	0.998320262	0.116779597	0.39137509
