GeneSymbol	GSM3374350_response	GSM3374352_response	GSM3374356_response	GSM3374362_response	GSM3374366_response	GSM3374368_response	GSM3374369_response	GSM3374370_response	GSM3374386_response	GSM3374396_response	GSM3374401_response	GSM3374412_response	GSM3374413_response	GSM3374414_response	GSM3374415_response	GSM3374353_non	GSM3374354_non	GSM3374355_non	GSM3374357_non	GSM3374358_non	GSM3374359_non	GSM3374360_non	GSM3374361_non	GSM3374363_non	GSM3374364_non	GSM3374365_non	GSM3374367_non	GSM3374371_non	GSM3374372_non	GSM3374373_non	GSM3374374_non	GSM3374375_non	GSM3374376_non	GSM3374377_non	GSM3374378_non	GSM3374379_non	GSM3374380_non	GSM3374381_non	GSM3374382_non	GSM3374384_non	GSM3374387_non	GSM3374388_non	GSM3374392_non	GSM3374394_non	GSM3374398_non	GSM3374400_non	GSM3374402_non	GSM3374403_non	GSM3374404_non	GSM3374405_non	GSM3374406_non	GSM3374407_non	GSM3374408_non	GSM3374409_non	GSM3374410_non	GSM3374411_non
NEXN	1	1	1	1	1	1	1	1	1	1	1	1	1	1	1	1	1	1	1	1	1	1	1	1	1	1	1	1	1	1	1	1	1	1	1	1	1	1	1	1	1	1	1	1	1	1	1	1	1	1	1	1	1	1	1	1
CLEC12A	NA	NA	NA	NA	NA	NA	NA	NA	NA	NA	NA	NA	NA	NA	NA	NA	NA	NA	NA	NA	NA	NA	NA	NA	NA	NA	NA	NA	NA	NA	NA	NA	NA	NA	NA	NA	NA	NA	NA	NA	NA	NA	NA	NA	NA	NA	NA	NA	NA	NA	NA	NA	NA	NA	NA	NA
GAMT	NA	NA	NA	NA	NA	NA	NA	NA	NA	NA	NA	NA	NA	NA	NA	NA	NA	NA	NA	NA	NA	NA	NA	NA	NA	NA	NA	NA	NA	NA	NA	NA	NA	NA	NA	NA	NA	NA	NA	NA	NA	NA	NA	NA	NA	NA	NA	NA	NA	NA	NA	NA	NA	NA	NA	NA
KCNH8	NA	NA	NA	NA	NA	NA	NA	NA	NA	NA	NA	NA	NA	NA	NA	NA	NA	NA	NA	NA	NA	NA	NA	NA	NA	NA	NA	NA	NA	NA	NA	NA	NA	NA	NA	NA	NA	NA	NA	NA	NA	NA	NA	NA	NA	NA	NA	NA	NA	NA	NA	NA	NA	NA	NA	NA
SIGLEC10	531.87888863352	759.271235430812	486.184859890776	800.238337944234	745.049242635297	896.739131254177	570.356221081607	312.27860586802	872.873351064136	696.351723650251	596.50896152548	751.675915456232	745.450009776414	655.385100640244	422.046492491963	731.193087316033	812.218512643241	759.3372552947	317.586076889805	255.503328447027	308.614716002785	359.060960847514	584.911891876724	870.35262877547	348.454479974875	421.980472628075	604.845666838394	408.159246973677	407.75847983256	347.745604473469	348.69456449622	660.63206401228	349.110403530629	222.157605648702	568.971396677321	318.094337837507	564.295946438772	332.439388771547	592.794091249764	477.590468261757	779.048651216939	811.920871556616	323.341301209543	520.439283360813	533.061865972733	819.805049125975	355.718992032685	250.870963826075	391.118157742782	823.475622693513	685.745242777612	728.408920545519	816.548430816364	686.401166333366	814.881231064495	414.385152653495
PTPRM	1	1	1	1	1	1	1	1	1	1	1	1	1	1	1	1	1	1	1	1	1	1	1	1	1	1	1	1	1	1	1	1	1	1	1	1	1	1	1	1	1	1	1	1	1	1	1	1	1	1	1	1	1	1	1	1
LOC284926	1	1	1	1	1	1	1	1	1	1	1	1	1	1	1	1	1	1	1	1	1	1	1	1	1	1	1	1	1	1	1	1	1	1	1	1	1	1	1	1	1	1	1	1	1	1	1	1	1	1	1	1	1	1	1	1
LINC00528	NA	NA	NA	NA	NA	NA	NA	NA	NA	NA	NA	NA	NA	NA	NA	NA	NA	NA	NA	NA	NA	NA	NA	NA	NA	NA	NA	NA	NA	NA	NA	NA	NA	NA	NA	NA	NA	NA	NA	NA	NA	NA	NA	NA	NA	NA	NA	NA	NA	NA	NA	NA	NA	NA	NA	NA
FAM201A	NA	NA	NA	NA	NA	NA	NA	NA	NA	NA	NA	NA	NA	NA	NA	NA	NA	NA	NA	NA	NA	NA	NA	NA	NA	NA	NA	NA	NA	NA	NA	NA	NA	NA	NA	NA	NA	NA	NA	NA	NA	NA	NA	NA	NA	NA	NA	NA	NA	NA	NA	NA	NA	NA	NA	NA
FAM111B	1	1	1	1	1	1	1	1	1	1	1	1	1	1	1	1	1	1	1	1	1	1	1	1	1	1	1	1	1	1	1	1	1	1	1	1	1	1	1	1	1	1	1	1	1	1	1	1	1	1	1	1	1	1	1	1
LOC283177	269.912226598172	269.912226598172	269.912226598172	269.912226598172	269.912226598172	269.912226598172	269.912226598172	269.912226598172	269.912226598172	269.912226598172	269.912226598172	269.912226598172	269.912226598172	269.912226598172	269.912226598172	269.912226598172	269.912226598172	269.912226598172	269.912226598172	269.912226598172	269.912226598172	269.912226598172	269.912226598172	269.912226598172	269.912226598172	269.912226598172	269.912226598172	269.912226598172	269.912226598172	269.912226598172	269.912226598172	269.912226598172	269.912226598172	269.912226598172	269.912226598172	269.912226598172	269.912226598172	269.912226598172	269.912226598172	269.912226598172	269.912226598172	269.912226598172	269.912226598172	269.912226598172	269.912226598172	269.912226598172	269.912226598172	269.912226598172	269.912226598172	269.912226598172	269.912226598172	269.912226598172	269.912226598172	269.912226598172	269.912226598172	269.912226598172
TRIM69	1025.87155338933	1025.87155338933	1025.87155338933	1025.87155338933	1025.87155338933	1025.87155338933	1025.87155338933	1025.87155338933	1025.87155338933	1025.87155338933	1025.87155338933	1025.87155338933	1025.87155338933	1025.87155338933	1025.87155338933	1025.87155338933	1025.87155338933	1025.87155338933	1025.87155338933	1025.87155338933	1025.87155338933	1025.87155338933	1025.87155338933	1025.87155338933	1025.87155338933	1025.87155338933	1025.87155338933	1025.87155338933	1025.87155338933	1025.87155338933	1025.87155338933	1025.87155338933	1025.87155338933	1025.87155338933	1025.87155338933	1025.87155338933	1025.87155338933	1025.87155338933	1025.87155338933	1025.87155338933	1025.87155338933	1025.87155338933	1025.87155338933	1025.87155338933	1025.87155338933	1025.87155338933	1025.87155338933	1025.87155338933	1025.87155338933	1025.87155338933	1025.87155338933	1025.87155338933	1025.87155338933	1025.87155338933	1025.87155338933	1025.87155338933
LOC728613	NA	NA	NA	NA	NA	NA	NA	NA	NA	NA	NA	NA	NA	NA	NA	NA	NA	NA	NA	NA	NA	NA	NA	NA	NA	NA	NA	NA	NA	NA	NA	NA	NA	NA	NA	NA	NA	NA	NA	NA	NA	NA	NA	NA	NA	NA	NA	NA	NA	NA	NA	NA	NA	NA	NA	NA
WARS	NA	NA	NA	NA	NA	NA	NA	NA	NA	NA	NA	NA	NA	NA	NA	NA	NA	NA	NA	NA	NA	NA	NA	NA	NA	NA	NA	NA	NA	NA	NA	NA	NA	NA	NA	NA	NA	NA	NA	NA	NA	NA	NA	NA	NA	NA	NA	NA	NA	NA	NA	NA	NA	NA	NA	NA
GSN	NA	NA	NA	NA	NA	NA	NA	NA	NA	NA	NA	NA	NA	NA	NA	NA	NA	NA	NA	NA	NA	NA	NA	NA	NA	NA	NA	NA	NA	NA	NA	NA	NA	NA	NA	NA	NA	NA	NA	NA	NA	NA	NA	NA	NA	NA	NA	NA	NA	NA	NA	NA	NA	NA	NA	NA
LAMC1	1	1	1	1	1	1	1	1	1	1	1	1	1	1	1	1	1	1	1	1	1	1	1	1	1	1	1	1	1	1	1	1	1	1	1	1	1	1	1	1	1	1	1	1	1	1	1	1	1	1	1	1	1	1	1	1
CKAP4	4218.91954141821	4218.91954141821	4218.91954141821	4218.91954141821	4218.91954141821	4218.91954141821	4218.91954141821	4218.91954141821	4218.91954141821	4218.91954141821	4218.91954141821	4218.91954141821	4218.91954141821	4218.91954141821	4218.91954141821	4218.91954141821	4218.91954141821	4218.91954141821	4218.91954141821	4218.91954141821	4218.91954141821	4218.91954141821	4218.91954141821	4218.91954141821	4218.91954141821	4218.91954141821	4218.91954141821	4218.91954141821	4218.91954141821	4218.91954141821	4218.91954141821	4218.91954141821	4218.91954141821	4218.91954141821	4218.91954141821	4218.91954141821	4218.91954141821	4218.91954141821	4218.91954141821	4218.91954141821	4218.91954141821	4218.91954141821	4218.91954141821	4218.91954141821	4218.91954141821	4218.91954141821	4218.91954141821	4218.91954141821	4218.91954141821	4218.91954141821	4218.91954141821	4218.91954141821	4218.91954141821	4218.91954141821	4218.91954141821	4218.91954141821
STOM	NA	NA	NA	NA	NA	NA	NA	NA	NA	NA	NA	NA	NA	NA	NA	NA	NA	NA	NA	NA	NA	NA	NA	NA	NA	NA	NA	NA	NA	NA	NA	NA	NA	NA	NA	NA	NA	NA	NA	NA	NA	NA	NA	NA	NA	NA	NA	NA	NA	NA	NA	NA	NA	NA	NA	NA
MMP2	1	1	1	1	1	1	1	1	1	1	1	1	1	1	1	1	1	1	1	1	1	1	1	1	1	1	1	1	1	1	1	1	1	1	1	1	1	1	1	1	1	1	1	1	1	1	1	1	1	1	1	1	1	1	1	1
LGALS1	1	1	1	1	1	1	1	1	1	1	1	1	1	1	1	1	1	1	1	1	1	1	1	1	1	1	1	1	1	1	1	1	1	1	1	1	1	1	1	1	1	1	1	1	1	1	1	1	1	1	1	1	1	1	1	1
GPNMB	NA	NA	NA	NA	NA	NA	NA	NA	NA	NA	NA	NA	NA	NA	NA	NA	NA	NA	NA	NA	NA	NA	NA	NA	NA	NA	NA	NA	NA	NA	NA	NA	NA	NA	NA	NA	NA	NA	NA	NA	NA	NA	NA	NA	NA	NA	NA	NA	NA	NA	NA	NA	NA	NA	NA	NA
NREP	1	1	1	1	1	1	1	1	1	1	1	1	1	1	1	1	1	1	1	1	1	1	1	1	1	1	1	1	1	1	1	1	1	1	1	1	1	1	1	1	1	1	1	1	1	1	1	1	1	1	1	1	1	1	1	1
EMP1	1	1	1	1	1	1	1	1	1	1	1	1	1	1	1	1	1	1	1	1	1	1	1	1	1	1	1	1	1	1	1	1	1	1	1	1	1	1	1	1	1	1	1	1	1	1	1	1	1	1	1	1	1	1	1	1
COL6A3	1	1	1	1	1	1	1	1	1	1	1	1	1	1	1	1	1	1	1	1	1	1	1	1	1	1	1	1	1	1	1	1	1	1	1	1	1	1	1	1	1	1	1	1	1	1	1	1	1	1	1	1	1	1	1	1
PRCP	NA	NA	NA	NA	NA	NA	NA	NA	NA	NA	NA	NA	NA	NA	NA	NA	NA	NA	NA	NA	NA	NA	NA	NA	NA	NA	NA	NA	NA	NA	NA	NA	NA	NA	NA	NA	NA	NA	NA	NA	NA	NA	NA	NA	NA	NA	NA	NA	NA	NA	NA	NA	NA	NA	NA	NA
PPP4R1	NA	NA	NA	NA	NA	NA	NA	NA	NA	NA	NA	NA	NA	NA	NA	NA	NA	NA	NA	NA	NA	NA	NA	NA	NA	NA	NA	NA	NA	NA	NA	NA	NA	NA	NA	NA	NA	NA	NA	NA	NA	NA	NA	NA	NA	NA	NA	NA	NA	NA	NA	NA	NA	NA	NA	NA
TNC	1	1	1	1	1	1	1	1	1	1	1	1	1	1	1	1	1	1	1	1	1	1	1	1	1	1	1	1	1	1	1	1	1	1	1	1	1	1	1	1	1	1	1	1	1	1	1	1	1	1	1	1	1	1	1	1
SGK1	NA	NA	NA	NA	NA	NA	NA	NA	NA	NA	NA	NA	NA	NA	NA	NA	NA	NA	NA	NA	NA	NA	NA	NA	NA	NA	NA	NA	NA	NA	NA	NA	NA	NA	NA	NA	NA	NA	NA	NA	NA	NA	NA	NA	NA	NA	NA	NA	NA	NA	NA	NA	NA	NA	NA	NA
CD14	NA	NA	NA	NA	NA	NA	NA	NA	NA	NA	NA	NA	NA	NA	NA	NA	NA	NA	NA	NA	NA	NA	NA	NA	NA	NA	NA	NA	NA	NA	NA	NA	NA	NA	NA	NA	NA	NA	NA	NA	NA	NA	NA	NA	NA	NA	NA	NA	NA	NA	NA	NA	NA	NA	NA	NA
SH3BP5	1	1	1	1	1	1	1	1	1	1	1	1	1	1	1	1	1	1	1	1	1	1	1	1	1	1	1	1	1	1	1	1	1	1	1	1	1	1	1	1	1	1	1	1	1	1	1	1	1	1	1	1	1	1	1	1
CTSL	1	1	1	1	1	1	1	1	1	1	1	1	1	1	1	1	1	1	1	1	1	1	1	1	1	1	1	1	1	1	1	1	1	1	1	1	1	1	1	1	1	1	1	1	1	1	1	1	1	1	1	1	1	1	1	1
ARL4C	1	1	1	1	1	1	1	1	1	1	1	1	1	1	1	1	1	1	1	1	1	1	1	1	1	1	1	1	1	1	1	1	1	1	1	1	1	1	1	1	1	1	1	1	1	1	1	1	1	1	1	1	1	1	1	1
COL1A2	1	1	1	1	1	1	1	1	1	1	1	1	1	1	1	1	1	1	1	1	1	1	1	1	1	1	1	1	1	1	1	1	1	1	1	1	1	1	1	1	1	1	1	1	1	1	1	1	1	1	1	1	1	1	1	1
PCOLCE	1	1	1	1	1	1	1	1	1	1	1	1	1	1	1	1	1	1	1	1	1	1	1	1	1	1	1	1	1	1	1	1	1	1	1	1	1	1	1	1	1	1	1	1	1	1	1	1	1	1	1	1	1	1	1	1
LTBP1	1	1	1	1	1	1	1	1	1	1	1	1	1	1	1	1	1	1	1	1	1	1	1	1	1	1	1	1	1	1	1	1	1	1	1	1	1	1	1	1	1	1	1	1	1	1	1	1	1	1	1	1	1	1	1	1
GBP2	602.71065962413	602.71065962413	602.71065962413	602.71065962413	602.71065962413	602.71065962413	602.71065962413	602.71065962413	602.71065962413	602.71065962413	602.71065962413	602.71065962413	602.71065962413	602.71065962413	602.71065962413	602.71065962413	602.71065962413	602.71065962413	602.71065962413	602.71065962413	602.71065962413	602.71065962413	602.71065962413	602.71065962413	602.71065962413	602.71065962413	602.71065962413	602.71065962413	602.71065962413	602.71065962413	602.71065962413	602.71065962413	602.71065962413	602.71065962413	602.71065962413	602.71065962413	602.71065962413	602.71065962413	602.71065962413	602.71065962413	602.71065962413	602.71065962413	602.71065962413	602.71065962413	602.71065962413	602.71065962413	602.71065962413	602.71065962413	602.71065962413	602.71065962413	602.71065962413	602.71065962413	602.71065962413	602.71065962413	602.71065962413	602.71065962413
C1QB	NA	NA	NA	NA	NA	NA	NA	NA	NA	NA	NA	NA	NA	NA	NA	NA	NA	NA	NA	NA	NA	NA	NA	NA	NA	NA	NA	NA	NA	NA	NA	NA	NA	NA	NA	NA	NA	NA	NA	NA	NA	NA	NA	NA	NA	NA	NA	NA	NA	NA	NA	NA	NA	NA	NA	NA
THBS2	1	1	1	1	1	1	1	1	1	1	1	1	1	1	1	1	1	1	1	1	1	1	1	1	1	1	1	1	1	1	1	1	1	1	1	1	1	1	1	1	1	1	1	1	1	1	1	1	1	1	1	1	1	1	1	1
IFIT1	1	1	1	1	1	1	1	1	1	1	1	1	1	1	1	1	1	1	1	1	1	1	1	1	1	1	1	1	1	1	1	1	1	1	1	1	1	1	1	1	1	1	1	1	1	1	1	1	1	1	1	1	1	1	1	1
UPP1	NA	NA	NA	NA	NA	NA	NA	NA	NA	NA	NA	NA	NA	NA	NA	NA	NA	NA	NA	NA	NA	NA	NA	NA	NA	NA	NA	NA	NA	NA	NA	NA	NA	NA	NA	NA	NA	NA	NA	NA	NA	NA	NA	NA	NA	NA	NA	NA	NA	NA	NA	NA	NA	NA	NA	NA
PLEK	1	1	1	1	1	1	1	1	1	1	1	1	1	1	1	1	1	1	1	1	1	1	1	1	1	1	1	1	1	1	1	1	1	1	1	1	1	1	1	1	1	1	1	1	1	1	1	1	1	1	1	1	1	1	1	1
LOXL1	1	1	1	1	1	1	1	1	1	1	1	1	1	1	1	1	1	1	1	1	1	1	1	1	1	1	1	1	1	1	1	1	1	1	1	1	1	1	1	1	1	1	1	1	1	1	1	1	1	1	1	1	1	1	1	1
IFIT5	NA	NA	NA	NA	NA	NA	NA	NA	NA	NA	NA	NA	NA	NA	NA	NA	NA	NA	NA	NA	NA	NA	NA	NA	NA	NA	NA	NA	NA	NA	NA	NA	NA	NA	NA	NA	NA	NA	NA	NA	NA	NA	NA	NA	NA	NA	NA	NA	NA	NA	NA	NA	NA	NA	NA	NA
HMOX1	1	1	1	1	1	1	1	1	1	1	1	1	1	1	1	1	1	1	1	1	1	1	1	1	1	1	1	1	1	1	1	1	1	1	1	1	1	1	1	1	1	1	1	1	1	1	1	1	1	1	1	1	1	1	1	1
PRKAR2B	931.635618803104	931.317230244314	931.384828367255	931.712108617508	932.052434645812	931.984346415247	931.159740123315	932.155777232394	930.679700238197	930.245978643367	931.496424316496	932.250315326196	930.584225752347	933.739765721716	931.506347953681	930.516498621192	931.944800746369	930.936470384228	930.942934326218	931.204877286565	931.025381365842	934.066128227896	933.452361101974	931.072619178185	932.136830016854	932.462761991788	932.810823050024	932.699227100782	931.75357452555	934.293722561314	930.85475190019	931.898624485874	932.387017911712	934.879112793251	933.36683337934	933.390817205193	932.474138856843	931.004933785508	932.375936155657	932.339780099369	930.841378498867	930.762573529697	933.864315278935	930.822431283327	934.043129636264	931.245507122782	932.06379707546	931.560377376894	932.39780905762	930.630402012842	930.321220069576	931.083410324093	930.749398341933	932.900886521575	930.439175792022	930.643333107007
ST3GAL4	NA	NA	NA	NA	NA	NA	NA	NA	NA	NA	NA	NA	NA	NA	NA	NA	NA	NA	NA	NA	NA	NA	NA	NA	NA	NA	NA	NA	NA	NA	NA	NA	NA	NA	NA	NA	NA	NA	NA	NA	NA	NA	NA	NA	NA	NA	NA	NA	NA	NA	NA	NA	NA	NA	NA	NA
IGFBP6	1	1	1	1	1	1	1	1	1	1	1	1	1	1	1	1	1	1	1	1	1	1	1	1	1	1	1	1	1	1	1	1	1	1	1	1	1	1	1	1	1	1	1	1	1	1	1	1	1	1	1	1	1	1	1	1
CYBB	NA	NA	NA	NA	NA	NA	NA	NA	NA	NA	NA	NA	NA	NA	NA	NA	NA	NA	NA	NA	NA	NA	NA	NA	NA	NA	NA	NA	NA	NA	NA	NA	NA	NA	NA	NA	NA	NA	NA	NA	NA	NA	NA	NA	NA	NA	NA	NA	NA	NA	NA	NA	NA	NA	NA	NA
VASH1	NA	NA	NA	NA	NA	NA	NA	NA	NA	NA	NA	NA	NA	NA	NA	NA	NA	NA	NA	NA	NA	NA	NA	NA	NA	NA	NA	NA	NA	NA	NA	NA	NA	NA	NA	NA	NA	NA	NA	NA	NA	NA	NA	NA	NA	NA	NA	NA	NA	NA	NA	NA	NA	NA	NA	NA
KDELR3	2048.86932634972	2048.86932634972	2048.86932634972	2048.86932634972	2048.86932634972	2048.86932634972	2048.86932634972	2048.86932634972	2048.86932634972	2048.86932634972	2048.86932634972	2048.86932634972	2048.86932634972	2048.86932634972	2048.86932634972	2048.86932634972	2048.86932634972	2048.86932634972	2048.86932634972	2048.86932634972	2048.86932634972	2048.86932634972	2048.86932634972	2048.86932634972	2048.86932634972	2048.86932634972	2048.86932634972	2048.86932634972	2048.86932634972	2048.86932634972	2048.86932634972	2048.86932634972	2048.86932634972	2048.86932634972	2048.86932634972	2048.86932634972	2048.86932634972	2048.86932634972	2048.86932634972	2048.86932634972	2048.86932634972	2048.86932634972	2048.86932634972	2048.86932634972	2048.86932634972	2048.86932634972	2048.86932634972	2048.86932634972	2048.86932634972	2048.86932634972	2048.86932634972	2048.86932634972	2048.86932634972	2048.86932634972	2048.86932634972	2048.86932634972
MAOB	317.483788390487	317.483788390487	317.483788390487	317.483788390487	317.483788390487	317.483788390487	317.483788390487	317.483788390487	317.483788390487	317.483788390487	317.483788390487	317.483788390487	317.483788390487	317.483788390487	317.483788390487	317.483788390487	317.483788390487	317.483788390487	317.483788390487	317.483788390487	317.483788390487	317.483788390487	317.483788390487	317.483788390487	317.483788390487	317.483788390487	317.483788390487	317.483788390487	317.483788390487	317.483788390487	317.483788390487	317.483788390487	317.483788390487	317.483788390487	317.483788390487	317.483788390487	317.483788390487	317.483788390487	317.483788390487	317.483788390487	317.483788390487	317.483788390487	317.483788390487	317.483788390487	317.483788390487	317.483788390487	317.483788390487	317.483788390487	317.483788390487	317.483788390487	317.483788390487	317.483788390487	317.483788390487	317.483788390487	317.483788390487	317.483788390487
QPRT	1	1	1	1	1	1	1	1	1	1	1	1	1	1	1	1	1	1	1	1	1	1	1	1	1	1	1	1	1	1	1	1	1	1	1	1	1	1	1	1	1	1	1	1	1	1	1	1	1	1	1	1	1	1	1	1
CCL4	1	1	1	1	1	1	1	1	1	1	1	1	1	1	1	1	1	1	1	1	1	1	1	1	1	1	1	1	1	1	1	1	1	1	1	1	1	1	1	1	1	1	1	1	1	1	1	1	1	1	1	1	1	1	1	1
TYROBP	NA	NA	NA	NA	NA	NA	NA	NA	NA	NA	NA	NA	NA	NA	NA	NA	NA	NA	NA	NA	NA	NA	NA	NA	NA	NA	NA	NA	NA	NA	NA	NA	NA	NA	NA	NA	NA	NA	NA	NA	NA	NA	NA	NA	NA	NA	NA	NA	NA	NA	NA	NA	NA	NA	NA	NA
COL7A1	1	1	1	1	1	1	1	1	1	1	1	1	1	1	1	1	1	1	1	1	1	1	1	1	1	1	1	1	1	1	1	1	1	1	1	1	1	1	1	1	1	1	1	1	1	1	1	1	1	1	1	1	1	1	1	1
GCH1	NA	NA	NA	NA	NA	NA	NA	NA	NA	NA	NA	NA	NA	NA	NA	NA	NA	NA	NA	NA	NA	NA	NA	NA	NA	NA	NA	NA	NA	NA	NA	NA	NA	NA	NA	NA	NA	NA	NA	NA	NA	NA	NA	NA	NA	NA	NA	NA	NA	NA	NA	NA	NA	NA	NA	NA
FCER1G	NA	NA	NA	NA	NA	NA	NA	NA	NA	NA	NA	NA	NA	NA	NA	NA	NA	NA	NA	NA	NA	NA	NA	NA	NA	NA	NA	NA	NA	NA	NA	NA	NA	NA	NA	NA	NA	NA	NA	NA	NA	NA	NA	NA	NA	NA	NA	NA	NA	NA	NA	NA	NA	NA	NA	NA
COL16A1	1	1	1	1	1	1	1	1	1	1	1	1	1	1	1	1	1	1	1	1	1	1	1	1	1	1	1	1	1	1	1	1	1	1	1	1	1	1	1	1	1	1	1	1	1	1	1	1	1	1	1	1	1	1	1	1
IFI44L	1	1	1	1	1	1	1	1	1	1	1	1	1	1	1	1	1	1	1	1	1	1	1	1	1	1	1	1	1	1	1	1	1	1	1	1	1	1	1	1	1	1	1	1	1	1	1	1	1	1	1	1	1	1	1	1
TIE1	1	1	1	1	1	1	1	1	1	1	1	1	1	1	1	1	1	1	1	1	1	1	1	1	1	1	1	1	1	1	1	1	1	1	1	1	1	1	1	1	1	1	1	1	1	1	1	1	1	1	1	1	1	1	1	1
EVPL	1	1	1	1	1	1	1	1	1	1	1	1	1	1	1	1	1	1	1	1	1	1	1	1	1	1	1	1	1	1	1	1	1	1	1	1	1	1	1	1	1	1	1	1	1	1	1	1	1	1	1	1	1	1	1	1
ISG20	1416.34999602247	1416.34999602247	1416.34999602247	1416.34999602247	1416.34999602247	1416.34999602247	1416.34999602247	1416.34999602247	1416.34999602247	1416.34999602247	1416.34999602247	1416.34999602247	1416.34999602247	1416.34999602247	1416.34999602247	1416.34999602247	1416.34999602247	1416.34999602247	1416.34999602247	1416.34999602247	1416.34999602247	1416.34999602247	1416.34999602247	1416.34999602247	1416.34999602247	1416.34999602247	1416.34999602247	1416.34999602247	1416.34999602247	1416.34999602247	1416.34999602247	1416.34999602247	1416.34999602247	1416.34999602247	1416.34999602247	1416.34999602247	1416.34999602247	1416.34999602247	1416.34999602247	1416.34999602247	1416.34999602247	1416.34999602247	1416.34999602247	1416.34999602247	1416.34999602247	1416.34999602247	1416.34999602247	1416.34999602247	1416.34999602247	1416.34999602247	1416.34999602247	1416.34999602247	1416.34999602247	1416.34999602247	1416.34999602247	1416.34999602247
RIMS3	1175.77423280434	1355.39937215752	1148.10462442519	783.613064839211	914.010557234204	980.699493416044	1089.00838948345	1146.66955768554	1149.51413182314	1273.02355048384	1091.44260747748	1275.57941047398	1174.07068289271	759.056513769646	947.215087429886	1287.79548621025	1160.55939155686	1410.08665196539	846.606701054949	1195.30209674197	1084.18647627936	629.171415858403	693.728858225865	885.460067595688	756.211939632043	1090.17173482232	698.550771429953	644.356065719244	709.787004765618	644.929155170426	712.580571289711	744.736786111185	682.559522920739	749.665547440937	773.028302016186	770.101773503362	700.984989423985	1135.19440416468	1087.31275901568	855.793247470346	699.714116768827	685.547377526593	658.06018067212	1163.48592006968	699.648048577901	693.82057085795	780.639415204536	757.647006371695	1155.91238339719	891.857366622315	950.72597521909	1140.12316549443	1198.9058292445	1076.00499558009	696.85514096218	1237.06431910844
FAS	4139.62463132493	6331.31391833639	4876.39467266414	4154.8670414002	5844.84523896023	5726.70777102666	5834.03001340579	4167.50494626344	4933.36611793271	6268.82932761666	5346.20762839989	5163.60739672338	5754.58808596517	3387.81094287731	4071.83865803461	4458.21444836837	4176.92310889208	5899.10408900199	4946.95135868312	5380.84454660434	5089.67945250674	3408.7675689507	3220.12519402055	5810.13323645919	3389.41802652491	5076.16444435107	3489.08130464934	3814.39880654028	3682.99823829421	4061.23829616623	3947.92999517303	3826.46486240969	3846.33689835755	3759.12448869816	3721.5213622968	3948.56901665988	5601.60291299002	5658.92179773634	5401.48194624201	3157.14763893293	3194.93463116118	4260.83708898571	5574.54679336087	5813.02720047812	5472.03557978713	3576.52425702165	3502.59631280501	3987.46365365913	4014.51977328829	5648.32143586796	5413.54800211142	5741.95018110193	5535.65215636161	4772.79747306534	3793.76140690261	5533.34294464943
EML1	1	1	1	1	1	1	1	1	1	1	1	1	1	1	1	1	1	1	1	1	1	1	1	1	1	1	1	1	1	1	1	1	1	1	1	1	1	1	1	1	1	1	1	1	1	1	1	1	1	1	1	1	1	1	1	1
NAV3	1	1	1	1	1	1	1	1	1	1	1	1	1	1	1	1	1	1	1	1	1	1	1	1	1	1	1	1	1	1	1	1	1	1	1	1	1	1	1	1	1	1	1	1	1	1	1	1	1	1	1	1	1	1	1	1
IL10RA	517.472324503004	517.472324503004	517.472324503004	517.472324503004	517.472324503004	517.472324503004	517.472324503004	517.472324503004	517.472324503004	517.472324503004	517.472324503004	517.472324503004	517.472324503004	517.472324503004	517.472324503004	517.472324503004	517.472324503004	517.472324503004	517.472324503004	517.472324503004	517.472324503004	517.472324503004	517.472324503004	517.472324503004	517.472324503004	517.472324503004	517.472324503004	517.472324503004	517.472324503004	517.472324503004	517.472324503004	517.472324503004	517.472324503004	517.472324503004	517.472324503004	517.472324503004	517.472324503004	517.472324503004	517.472324503004	517.472324503004	517.472324503004	517.472324503004	517.472324503004	517.472324503004	517.472324503004	517.472324503004	517.472324503004	517.472324503004	517.472324503004	517.472324503004	517.472324503004	517.472324503004	517.472324503004	517.472324503004	517.472324503004	517.472324503004
VAMP5	NA	NA	NA	NA	NA	NA	NA	NA	NA	NA	NA	NA	NA	NA	NA	NA	NA	NA	NA	NA	NA	NA	NA	NA	NA	NA	NA	NA	NA	NA	NA	NA	NA	NA	NA	NA	NA	NA	NA	NA	NA	NA	NA	NA	NA	NA	NA	NA	NA	NA	NA	NA	NA	NA	NA	NA
OAS2	NA	NA	NA	NA	NA	NA	NA	NA	NA	NA	NA	NA	NA	NA	NA	NA	NA	NA	NA	NA	NA	NA	NA	NA	NA	NA	NA	NA	NA	NA	NA	NA	NA	NA	NA	NA	NA	NA	NA	NA	NA	NA	NA	NA	NA	NA	NA	NA	NA	NA	NA	NA	NA	NA	NA	NA
MX2	1	1	1	1	1	1	1	1	1	1	1	1	1	1	1	1	1	1	1	1	1	1	1	1	1	1	1	1	1	1	1	1	1	1	1	1	1	1	1	1	1	1	1	1	1	1	1	1	1	1	1	1	1	1	1	1
TFF1	NA	NA	NA	NA	NA	NA	NA	NA	NA	NA	NA	NA	NA	NA	NA	NA	NA	NA	NA	NA	NA	NA	NA	NA	NA	NA	NA	NA	NA	NA	NA	NA	NA	NA	NA	NA	NA	NA	NA	NA	NA	NA	NA	NA	NA	NA	NA	NA	NA	NA	NA	NA	NA	NA	NA	NA
FGFBP1	NA	NA	NA	NA	NA	NA	NA	NA	NA	NA	NA	NA	NA	NA	NA	NA	NA	NA	NA	NA	NA	NA	NA	NA	NA	NA	NA	NA	NA	NA	NA	NA	NA	NA	NA	NA	NA	NA	NA	NA	NA	NA	NA	NA	NA	NA	NA	NA	NA	NA	NA	NA	NA	NA	NA	NA
KIT	NA	NA	NA	NA	NA	NA	NA	NA	NA	NA	NA	NA	NA	NA	NA	NA	NA	NA	NA	NA	NA	NA	NA	NA	NA	NA	NA	NA	NA	NA	NA	NA	NA	NA	NA	NA	NA	NA	NA	NA	NA	NA	NA	NA	NA	NA	NA	NA	NA	NA	NA	NA	NA	NA	NA	NA
CCR1	NA	NA	NA	NA	NA	NA	NA	NA	NA	NA	NA	NA	NA	NA	NA	NA	NA	NA	NA	NA	NA	NA	NA	NA	NA	NA	NA	NA	NA	NA	NA	NA	NA	NA	NA	NA	NA	NA	NA	NA	NA	NA	NA	NA	NA	NA	NA	NA	NA	NA	NA	NA	NA	NA	NA	NA
PTGS1	NA	NA	NA	NA	NA	NA	NA	NA	NA	NA	NA	NA	NA	NA	NA	NA	NA	NA	NA	NA	NA	NA	NA	NA	NA	NA	NA	NA	NA	NA	NA	NA	NA	NA	NA	NA	NA	NA	NA	NA	NA	NA	NA	NA	NA	NA	NA	NA	NA	NA	NA	NA	NA	NA	NA	NA
GNG4	1	1	1	1	1	1	1	1	1	1	1	1	1	1	1	1	1	1	1	1	1	1	1	1	1	1	1	1	1	1	1	1	1	1	1	1	1	1	1	1	1	1	1	1	1	1	1	1	1	1	1	1	1	1	1	1
SPINK5	NA	NA	NA	NA	NA	NA	NA	NA	NA	NA	NA	NA	NA	NA	NA	NA	NA	NA	NA	NA	NA	NA	NA	NA	NA	NA	NA	NA	NA	NA	NA	NA	NA	NA	NA	NA	NA	NA	NA	NA	NA	NA	NA	NA	NA	NA	NA	NA	NA	NA	NA	NA	NA	NA	NA	NA
PDGFRL	NA	NA	NA	NA	NA	NA	NA	NA	NA	NA	NA	NA	NA	NA	NA	NA	NA	NA	NA	NA	NA	NA	NA	NA	NA	NA	NA	NA	NA	NA	NA	NA	NA	NA	NA	NA	NA	NA	NA	NA	NA	NA	NA	NA	NA	NA	NA	NA	NA	NA	NA	NA	NA	NA	NA	NA
KCNJ8	1	1	1	1	1	1	1	1	1	1	1	1	1	1	1	1	1	1	1	1	1	1	1	1	1	1	1	1	1	1	1	1	1	1	1	1	1	1	1	1	1	1	1	1	1	1	1	1	1	1	1	1	1	1	1	1
SERPINI1	135.300447666984	135.300447666984	135.300447666984	135.300447666984	135.300447666984	135.300447666984	135.300447666984	135.300447666984	135.300447666984	135.300447666984	135.300447666984	135.300447666984	135.300447666984	135.300447666984	135.300447666984	135.300447666984	135.300447666984	135.300447666984	135.300447666984	135.300447666984	135.300447666984	135.300447666984	135.300447666984	135.300447666984	135.300447666984	135.300447666984	135.300447666984	135.300447666984	135.300447666984	135.300447666984	135.300447666984	135.300447666984	135.300447666984	135.300447666984	135.300447666984	135.300447666984	135.300447666984	135.300447666984	135.300447666984	135.300447666984	135.300447666984	135.300447666984	135.300447666984	135.300447666984	135.300447666984	135.300447666984	135.300447666984	135.300447666984	135.300447666984	135.300447666984	135.300447666984	135.300447666984	135.300447666984	135.300447666984	135.300447666984	135.300447666984
PLAG1	NA	NA	NA	NA	NA	NA	NA	NA	NA	NA	NA	NA	NA	NA	NA	NA	NA	NA	NA	NA	NA	NA	NA	NA	NA	NA	NA	NA	NA	NA	NA	NA	NA	NA	NA	NA	NA	NA	NA	NA	NA	NA	NA	NA	NA	NA	NA	NA	NA	NA	NA	NA	NA	NA	NA	NA
LRRC17	1	1	1	1	1	1	1	1	1	1	1	1	1	1	1	1	1	1	1	1	1	1	1	1	1	1	1	1	1	1	1	1	1	1	1	1	1	1	1	1	1	1	1	1	1	1	1	1	1	1	1	1	1	1	1	1
CFD	5623.87579516137	6446.18503523072	5837.48009358852	3561.8185128776	5902.01428795531	3678.11689258618	6285.98408525262	4413.57906043533	5449.72259389069	6144.78964058322	4146.14687279212	4934.25430296847	5653.54612196139	5014.81466589502	2370.43677916399	6505.33099805294	3863.73043335918	6833.46267992708	5234.067181317	5521.09764174574	5707.21441513402	4531.14344439551	2059.7693744877	5931.44971645891	2345.86774368222	3413.17594084965	3348.64174648286	1855.78598571575	3032.25929464007	2115.56673397927	2317.22253818243	3218.37606802836	2445.41595586281	2525.97631878936	2769.76537057348	5258.60371767914	2528.51842961716	6092.78803220132	5812.92533197205	1974.9931292401	1974.32799205443	3025.539612209	3164.70777485573	5813.04395240726	3135.0374480557	2960.88424678502	4447.42844609153	3859.93468224951	3324.08698486639	6048.41323335317	5514.37795931466	5017.35677672282	3324.20560530159	2204.78712036091	2745.22883421133	6440.98085507431
ISG15	NA	NA	NA	NA	NA	NA	NA	NA	NA	NA	NA	NA	NA	NA	NA	NA	NA	NA	NA	NA	NA	NA	NA	NA	NA	NA	NA	NA	NA	NA	NA	NA	NA	NA	NA	NA	NA	NA	NA	NA	NA	NA	NA	NA	NA	NA	NA	NA	NA	NA	NA	NA	NA	NA	NA	NA
MEOX1	NA	NA	NA	NA	NA	NA	NA	NA	NA	NA	NA	NA	NA	NA	NA	NA	NA	NA	NA	NA	NA	NA	NA	NA	NA	NA	NA	NA	NA	NA	NA	NA	NA	NA	NA	NA	NA	NA	NA	NA	NA	NA	NA	NA	NA	NA	NA	NA	NA	NA	NA	NA	NA	NA	NA	NA
PCDH17	1	1	1	1	1	1	1	1	1	1	1	1	1	1	1	1	1	1	1	1	1	1	1	1	1	1	1	1	1	1	1	1	1	1	1	1	1	1	1	1	1	1	1	1	1	1	1	1	1	1	1	1	1	1	1	1
HDAC9	221.539384216202	221.539384216202	221.539384216202	221.539384216202	221.539384216202	221.539384216202	221.539384216202	221.539384216202	221.539384216202	221.539384216202	221.539384216202	221.539384216202	221.539384216202	221.539384216202	221.539384216202	221.539384216202	221.539384216202	221.539384216202	221.539384216202	221.539384216202	221.539384216202	221.539384216202	221.539384216202	221.539384216202	221.539384216202	221.539384216202	221.539384216202	221.539384216202	221.539384216202	221.539384216202	221.539384216202	221.539384216202	221.539384216202	221.539384216202	221.539384216202	221.539384216202	221.539384216202	221.539384216202	221.539384216202	221.539384216202	221.539384216202	221.539384216202	221.539384216202	221.539384216202	221.539384216202	221.539384216202	221.539384216202	221.539384216202	221.539384216202	221.539384216202	221.539384216202	221.539384216202	221.539384216202	221.539384216202	221.539384216202	221.539384216202
OASL	1	1	1	1	1	1	1	1	1	1	1	1	1	1	1	1	1	1	1	1	1	1	1	1	1	1	1	1	1	1	1	1	1	1	1	1	1	1	1	1	1	1	1	1	1	1	1	1	1	1	1	1	1	1	1	1
FMO1	NA	NA	NA	NA	NA	NA	NA	NA	NA	NA	NA	NA	NA	NA	NA	NA	NA	NA	NA	NA	NA	NA	NA	NA	NA	NA	NA	NA	NA	NA	NA	NA	NA	NA	NA	NA	NA	NA	NA	NA	NA	NA	NA	NA	NA	NA	NA	NA	NA	NA	NA	NA	NA	NA	NA	NA
ITGAM	1	1	1	1	1	1	1	1	1	1	1	1	1	1	1	1	1	1	1	1	1	1	1	1	1	1	1	1	1	1	1	1	1	1	1	1	1	1	1	1	1	1	1	1	1	1	1	1	1	1	1	1	1	1	1	1
GAS2	1	1	1	1	1	1	1	1	1	1	1	1	1	1	1	1	1	1	1	1	1	1	1	1	1	1	1	1	1	1	1	1	1	1	1	1	1	1	1	1	1	1	1	1	1	1	1	1	1	1	1	1	1	1	1	1
CTSE	NA	NA	NA	NA	NA	NA	NA	NA	NA	NA	NA	NA	NA	NA	NA	NA	NA	NA	NA	NA	NA	NA	NA	NA	NA	NA	NA	NA	NA	NA	NA	NA	NA	NA	NA	NA	NA	NA	NA	NA	NA	NA	NA	NA	NA	NA	NA	NA	NA	NA	NA	NA	NA	NA	NA	NA
FOXF1	NA	NA	NA	NA	NA	NA	NA	NA	NA	NA	NA	NA	NA	NA	NA	NA	NA	NA	NA	NA	NA	NA	NA	NA	NA	NA	NA	NA	NA	NA	NA	NA	NA	NA	NA	NA	NA	NA	NA	NA	NA	NA	NA	NA	NA	NA	NA	NA	NA	NA	NA	NA	NA	NA	NA	NA
ISL1	NA	NA	NA	NA	NA	NA	NA	NA	NA	NA	NA	NA	NA	NA	NA	NA	NA	NA	NA	NA	NA	NA	NA	NA	NA	NA	NA	NA	NA	NA	NA	NA	NA	NA	NA	NA	NA	NA	NA	NA	NA	NA	NA	NA	NA	NA	NA	NA	NA	NA	NA	NA	NA	NA	NA	NA
CILP	NA	NA	NA	NA	NA	NA	NA	NA	NA	NA	NA	NA	NA	NA	NA	NA	NA	NA	NA	NA	NA	NA	NA	NA	NA	NA	NA	NA	NA	NA	NA	NA	NA	NA	NA	NA	NA	NA	NA	NA	NA	NA	NA	NA	NA	NA	NA	NA	NA	NA	NA	NA	NA	NA	NA	NA
TAC1	NA	NA	NA	NA	NA	NA	NA	NA	NA	NA	NA	NA	NA	NA	NA	NA	NA	NA	NA	NA	NA	NA	NA	NA	NA	NA	NA	NA	NA	NA	NA	NA	NA	NA	NA	NA	NA	NA	NA	NA	NA	NA	NA	NA	NA	NA	NA	NA	NA	NA	NA	NA	NA	NA	NA	NA
AKR1B10	NA	NA	NA	NA	NA	NA	NA	NA	NA	NA	NA	NA	NA	NA	NA	NA	NA	NA	NA	NA	NA	NA	NA	NA	NA	NA	NA	NA	NA	NA	NA	NA	NA	NA	NA	NA	NA	NA	NA	NA	NA	NA	NA	NA	NA	NA	NA	NA	NA	NA	NA	NA	NA	NA	NA	NA
PTGER2	978.232248682948	948.683800571098	977.515529821488	832.331443296229	971.291328003888	957.151117102011	921.269863338286	972.526415018556	975.256252319189	950.323356018524	809.170864559044	992.035909845372	987.626519627746	812.508615575294	897.732303478269	943.59998808035	840.462717688982	978.37214439854	988.345039793776	1041.10189125911	1013.01834650812	867.481513493864	871.274162352877	960.036288559037	867.125804486733	875.211457682027	907.894395347206	842.732359711218	896.66598923325	924.749533984241	790.858721693492	871.992682518906	872.914340367192	759.331195295633	937.305580137035	875.54365685491	860.946511128019	977.298868402888	968.950370407091	980.284742024798	851.52920542488	1014.08466075314	853.550907471758	925.523221833913	833.970998743655	854.938970729018	883.179863150757	960.392622323322	946.354800145965	959.084716986087	967.881562699749	967.054213242551	840.798759827142	839.977959837359	804.917506063417	969.903264746627
CEACAM8	1	1	1	1	1	1	1	1	1	1	1	1	1	1	1	1	1	1	1	1	1	1	1	1	1	1	1	1	1	1	1	1	1	1	1	1	1	1	1	1	1	1	1	1	1	1	1	1	1	1	1	1	1	1	1	1
TEK	1	1	1	1	1	1	1	1	1	1	1	1	1	1	1	1	1	1	1	1	1	1	1	1	1	1	1	1	1	1	1	1	1	1	1	1	1	1	1	1	1	1	1	1	1	1	1	1	1	1	1	1	1	1	1	1
TFEC	NA	NA	NA	NA	NA	NA	NA	NA	NA	NA	NA	NA	NA	NA	NA	NA	NA	NA	NA	NA	NA	NA	NA	NA	NA	NA	NA	NA	NA	NA	NA	NA	NA	NA	NA	NA	NA	NA	NA	NA	NA	NA	NA	NA	NA	NA	NA	NA	NA	NA	NA	NA	NA	NA	NA	NA
CYP2B6	NA	NA	NA	NA	NA	NA	NA	NA	NA	NA	NA	NA	NA	NA	NA	NA	NA	NA	NA	NA	NA	NA	NA	NA	NA	NA	NA	NA	NA	NA	NA	NA	NA	NA	NA	NA	NA	NA	NA	NA	NA	NA	NA	NA	NA	NA	NA	NA	NA	NA	NA	NA	NA	NA	NA	NA
CCR2	624.754760050819	689.707853623554	642.859495281584	623.150742271502	644.447480802063	639.759375212755	677.047580868897	386.161485400033	627.185983755986	573.047607753117	600.918511196676	537.651910287567	630.835660760429	468.302431225659	526.12576410539	694.072727803405	541.983280776484	687.926046515574	479.766925869073	423.313239634545	478.954640577703	482.989882062186	477.568295304647	623.963027562872	405.680524415807	557.2899498002	524.191581273822	429.620726581365	408.060866542642	420.372711184995	438.396307951459	480.020417335241	451.671023969558	663.771379345974	399.602489881599	433.216380239169	481.653916634832	567.509341328344	582.592409645258	416.350567646384	470.162222031033	614.358323724832	398.954809346099	621.764396998446	534.267464421363	456.722409502876	495.563273518956	486.63955906663	595.867125663357	612.498532919459	643.735558044814	625.850018328632	690.816008263423	480.55865835702	498.663393587784	683.799040343448
SLC18A1	NA	NA	NA	NA	NA	NA	NA	NA	NA	NA	NA	NA	NA	NA	NA	NA	NA	NA	NA	NA	NA	NA	NA	NA	NA	NA	NA	NA	NA	NA	NA	NA	NA	NA	NA	NA	NA	NA	NA	NA	NA	NA	NA	NA	NA	NA	NA	NA	NA	NA	NA	NA	NA	NA	NA	NA
PTGFR	NA	NA	NA	NA	NA	NA	NA	NA	NA	NA	NA	NA	NA	NA	NA	NA	NA	NA	NA	NA	NA	NA	NA	NA	NA	NA	NA	NA	NA	NA	NA	NA	NA	NA	NA	NA	NA	NA	NA	NA	NA	NA	NA	NA	NA	NA	NA	NA	NA	NA	NA	NA	NA	NA	NA	NA
ID3	NA	NA	NA	NA	NA	NA	NA	NA	NA	NA	NA	NA	NA	NA	NA	NA	NA	NA	NA	NA	NA	NA	NA	NA	NA	NA	NA	NA	NA	NA	NA	NA	NA	NA	NA	NA	NA	NA	NA	NA	NA	NA	NA	NA	NA	NA	NA	NA	NA	NA	NA	NA	NA	NA	NA	NA
OSBPL1A	599.55319611627	599.55319611627	599.55319611627	599.55319611627	599.55319611627	599.55319611627	599.55319611627	599.55319611627	599.55319611627	599.55319611627	599.55319611627	599.55319611627	599.55319611627	599.55319611627	599.55319611627	599.55319611627	599.55319611627	599.55319611627	599.55319611627	599.55319611627	599.55319611627	599.55319611627	599.55319611627	599.55319611627	599.55319611627	599.55319611627	599.55319611627	599.55319611627	599.55319611627	599.55319611627	599.55319611627	599.55319611627	599.55319611627	599.55319611627	599.55319611627	599.55319611627	599.55319611627	599.55319611627	599.55319611627	599.55319611627	599.55319611627	599.55319611627	599.55319611627	599.55319611627	599.55319611627	599.55319611627	599.55319611627	599.55319611627	599.55319611627	599.55319611627	599.55319611627	599.55319611627	599.55319611627	599.55319611627	599.55319611627	599.55319611627
ESM1	1	1	1	1	1	1	1	1	1	1	1	1	1	1	1	1	1	1	1	1	1	1	1	1	1	1	1	1	1	1	1	1	1	1	1	1	1	1	1	1	1	1	1	1	1	1	1	1	1	1	1	1	1	1	1	1
PDE1A	NA	NA	NA	NA	NA	NA	NA	NA	NA	NA	NA	NA	NA	NA	NA	NA	NA	NA	NA	NA	NA	NA	NA	NA	NA	NA	NA	NA	NA	NA	NA	NA	NA	NA	NA	NA	NA	NA	NA	NA	NA	NA	NA	NA	NA	NA	NA	NA	NA	NA	NA	NA	NA	NA	NA	NA
IRF7	NA	NA	NA	NA	NA	NA	NA	NA	NA	NA	NA	NA	NA	NA	NA	NA	NA	NA	NA	NA	NA	NA	NA	NA	NA	NA	NA	NA	NA	NA	NA	NA	NA	NA	NA	NA	NA	NA	NA	NA	NA	NA	NA	NA	NA	NA	NA	NA	NA	NA	NA	NA	NA	NA	NA	NA
PTRF	1	1	1	1	1	1	1	1	1	1	1	1	1	1	1	1	1	1	1	1	1	1	1	1	1	1	1	1	1	1	1	1	1	1	1	1	1	1	1	1	1	1	1	1	1	1	1	1	1	1	1	1	1	1	1	1
NEU1	1	1	1	1	1	1	1	1	1	1	1	1	1	1	1	1	1	1	1	1	1	1	1	1	1	1	1	1	1	1	1	1	1	1	1	1	1	1	1	1	1	1	1	1	1	1	1	1	1	1	1	1	1	1	1	1
JAG1	NA	NA	NA	NA	NA	NA	NA	NA	NA	NA	NA	NA	NA	NA	NA	NA	NA	NA	NA	NA	NA	NA	NA	NA	NA	NA	NA	NA	NA	NA	NA	NA	NA	NA	NA	NA	NA	NA	NA	NA	NA	NA	NA	NA	NA	NA	NA	NA	NA	NA	NA	NA	NA	NA	NA	NA
TSPAN6	NA	NA	NA	NA	NA	NA	NA	NA	NA	NA	NA	NA	NA	NA	NA	NA	NA	NA	NA	NA	NA	NA	NA	NA	NA	NA	NA	NA	NA	NA	NA	NA	NA	NA	NA	NA	NA	NA	NA	NA	NA	NA	NA	NA	NA	NA	NA	NA	NA	NA	NA	NA	NA	NA	NA	NA
COL6A2	NA	NA	NA	NA	NA	NA	NA	NA	NA	NA	NA	NA	NA	NA	NA	NA	NA	NA	NA	NA	NA	NA	NA	NA	NA	NA	NA	NA	NA	NA	NA	NA	NA	NA	NA	NA	NA	NA	NA	NA	NA	NA	NA	NA	NA	NA	NA	NA	NA	NA	NA	NA	NA	NA	NA	NA
TUBB6	1	1	1	1	1	1	1	1	1	1	1	1	1	1	1	1	1	1	1	1	1	1	1	1	1	1	1	1	1	1	1	1	1	1	1	1	1	1	1	1	1	1	1	1	1	1	1	1	1	1	1	1	1	1	1	1
AZGP1	1	1	1	1	1	1	1	1	1	1	1	1	1	1	1	1	1	1	1	1	1	1	1	1	1	1	1	1	1	1	1	1	1	1	1	1	1	1	1	1	1	1	1	1	1	1	1	1	1	1	1	1	1	1	1	1
IFI35	NA	NA	NA	NA	NA	NA	NA	NA	NA	NA	NA	NA	NA	NA	NA	NA	NA	NA	NA	NA	NA	NA	NA	NA	NA	NA	NA	NA	NA	NA	NA	NA	NA	NA	NA	NA	NA	NA	NA	NA	NA	NA	NA	NA	NA	NA	NA	NA	NA	NA	NA	NA	NA	NA	NA	NA
RGL1	NA	NA	NA	NA	NA	NA	NA	NA	NA	NA	NA	NA	NA	NA	NA	NA	NA	NA	NA	NA	NA	NA	NA	NA	NA	NA	NA	NA	NA	NA	NA	NA	NA	NA	NA	NA	NA	NA	NA	NA	NA	NA	NA	NA	NA	NA	NA	NA	NA	NA	NA	NA	NA	NA	NA	NA
SLC19A2	1	1	1	1	1	1	1	1	1	1	1	1	1	1	1	1	1	1	1	1	1	1	1	1	1	1	1	1	1	1	1	1	1	1	1	1	1	1	1	1	1	1	1	1	1	1	1	1	1	1	1	1	1	1	1	1
MFAP5	NA	NA	NA	NA	NA	NA	NA	NA	NA	NA	NA	NA	NA	NA	NA	NA	NA	NA	NA	NA	NA	NA	NA	NA	NA	NA	NA	NA	NA	NA	NA	NA	NA	NA	NA	NA	NA	NA	NA	NA	NA	NA	NA	NA	NA	NA	NA	NA	NA	NA	NA	NA	NA	NA	NA	NA
CD69	NA	NA	NA	NA	NA	NA	NA	NA	NA	NA	NA	NA	NA	NA	NA	NA	NA	NA	NA	NA	NA	NA	NA	NA	NA	NA	NA	NA	NA	NA	NA	NA	NA	NA	NA	NA	NA	NA	NA	NA	NA	NA	NA	NA	NA	NA	NA	NA	NA	NA	NA	NA	NA	NA	NA	NA
C3AR1	NA	NA	NA	NA	NA	NA	NA	NA	NA	NA	NA	NA	NA	NA	NA	NA	NA	NA	NA	NA	NA	NA	NA	NA	NA	NA	NA	NA	NA	NA	NA	NA	NA	NA	NA	NA	NA	NA	NA	NA	NA	NA	NA	NA	NA	NA	NA	NA	NA	NA	NA	NA	NA	NA	NA	NA
CREM	NA	NA	NA	NA	NA	NA	NA	NA	NA	NA	NA	NA	NA	NA	NA	NA	NA	NA	NA	NA	NA	NA	NA	NA	NA	NA	NA	NA	NA	NA	NA	NA	NA	NA	NA	NA	NA	NA	NA	NA	NA	NA	NA	NA	NA	NA	NA	NA	NA	NA	NA	NA	NA	NA	NA	NA
NFATC1	NA	NA	NA	NA	NA	NA	NA	NA	NA	NA	NA	NA	NA	NA	NA	NA	NA	NA	NA	NA	NA	NA	NA	NA	NA	NA	NA	NA	NA	NA	NA	NA	NA	NA	NA	NA	NA	NA	NA	NA	NA	NA	NA	NA	NA	NA	NA	NA	NA	NA	NA	NA	NA	NA	NA	NA
TP53I3	3682.026962467	4072.40223784622	3888.69366927227	2623.31937746661	3783.26829733953	3642.62715219501	3656.47709059657	2726.38491153362	3803.89662490079	3870.99239395026	3787.04261896966	3428.03112479921	3553.53784276131	2554.17135286865	2711.77300314313	3762.93889210366	3801.65452736015	3947.99736542407	3350.08305515338	3750.94263146599	3698.58899329313	2399.80154008803	2283.08162932409	3726.80078355277	2761.02083101085	4011.70634568633	2651.53116772624	2637.15469795479	2606.75734664047	2426.19272364196	2665.18966828323	3402.09796366322	1921.86300619316	2567.35753636848	2449.77199672108	2510.53691641064	2719.22150319893	3740.45928410976	3710.06097921828	3684.44889754608	2367.16194766188	2687.66927627713	2581.20747477004	3794.49111902546	3710.12840342167	3440.7664473086	2675.67301563946	2478.26822693478	3069.21730464393	3054.47822318826	3400.63674012546	3270.54320772893	3867.87428966059	2728.62700907426	2634.85878759514	3836.29044683738
GRB7	NA	NA	NA	NA	NA	NA	NA	NA	NA	NA	NA	NA	NA	NA	NA	NA	NA	NA	NA	NA	NA	NA	NA	NA	NA	NA	NA	NA	NA	NA	NA	NA	NA	NA	NA	NA	NA	NA	NA	NA	NA	NA	NA	NA	NA	NA	NA	NA	NA	NA	NA	NA	NA	NA	NA	NA
CD86	NA	NA	NA	NA	NA	NA	NA	NA	NA	NA	NA	NA	NA	NA	NA	NA	NA	NA	NA	NA	NA	NA	NA	NA	NA	NA	NA	NA	NA	NA	NA	NA	NA	NA	NA	NA	NA	NA	NA	NA	NA	NA	NA	NA	NA	NA	NA	NA	NA	NA	NA	NA	NA	NA	NA	NA
CLEC11A	1	1	1	1	1	1	1	1	1	1	1	1	1	1	1	1	1	1	1	1	1	1	1	1	1	1	1	1	1	1	1	1	1	1	1	1	1	1	1	1	1	1	1	1	1	1	1	1	1	1	1	1	1	1	1	1
BLVRA	NA	NA	NA	NA	NA	NA	NA	NA	NA	NA	NA	NA	NA	NA	NA	NA	NA	NA	NA	NA	NA	NA	NA	NA	NA	NA	NA	NA	NA	NA	NA	NA	NA	NA	NA	NA	NA	NA	NA	NA	NA	NA	NA	NA	NA	NA	NA	NA	NA	NA	NA	NA	NA	NA	NA	NA
IGFBP5	1	1	1	1	1	1	1	1	1	1	1	1	1	1	1	1	1	1	1	1	1	1	1	1	1	1	1	1	1	1	1	1	1	1	1	1	1	1	1	1	1	1	1	1	1	1	1	1	1	1	1	1	1	1	1	1
AHNAK	1811.04342110642	1811.04342110642	1811.04342110642	1811.04342110642	1811.04342110642	1811.04342110642	1811.04342110642	1811.04342110642	1811.04342110642	1811.04342110642	1811.04342110642	1811.04342110642	1811.04342110642	1811.04342110642	1811.04342110642	1811.04342110642	1811.04342110642	1811.04342110642	1811.04342110642	1811.04342110642	1811.04342110642	1811.04342110642	1811.04342110642	1811.04342110642	1811.04342110642	1811.04342110642	1811.04342110642	1811.04342110642	1811.04342110642	1811.04342110642	1811.04342110642	1811.04342110642	1811.04342110642	1811.04342110642	1811.04342110642	1811.04342110642	1811.04342110642	1811.04342110642	1811.04342110642	1811.04342110642	1811.04342110642	1811.04342110642	1811.04342110642	1811.04342110642	1811.04342110642	1811.04342110642	1811.04342110642	1811.04342110642	1811.04342110642	1811.04342110642	1811.04342110642	1811.04342110642	1811.04342110642	1811.04342110642	1811.04342110642	1811.04342110642
PXDN	1	1	1	1	1	1	1	1	1	1	1	1	1	1	1	1	1	1	1	1	1	1	1	1	1	1	1	1	1	1	1	1	1	1	1	1	1	1	1	1	1	1	1	1	1	1	1	1	1	1	1	1	1	1	1	1
GALNT10	NA	NA	NA	NA	NA	NA	NA	NA	NA	NA	NA	NA	NA	NA	NA	NA	NA	NA	NA	NA	NA	NA	NA	NA	NA	NA	NA	NA	NA	NA	NA	NA	NA	NA	NA	NA	NA	NA	NA	NA	NA	NA	NA	NA	NA	NA	NA	NA	NA	NA	NA	NA	NA	NA	NA	NA
LYPLA1	1	1	1	1	1	1	1	1	1	1	1	1	1	1	1	1	1	1	1	1	1	1	1	1	1	1	1	1	1	1	1	1	1	1	1	1	1	1	1	1	1	1	1	1	1	1	1	1	1	1	1	1	1	1	1	1
COL5A1	1	1	1	1	1	1	1	1	1	1	1	1	1	1	1	1	1	1	1	1	1	1	1	1	1	1	1	1	1	1	1	1	1	1	1	1	1	1	1	1	1	1	1	1	1	1	1	1	1	1	1	1	1	1	1	1
LHFPL2	NA	NA	NA	NA	NA	NA	NA	NA	NA	NA	NA	NA	NA	NA	NA	NA	NA	NA	NA	NA	NA	NA	NA	NA	NA	NA	NA	NA	NA	NA	NA	NA	NA	NA	NA	NA	NA	NA	NA	NA	NA	NA	NA	NA	NA	NA	NA	NA	NA	NA	NA	NA	NA	NA	NA	NA
GM2A	NA	NA	NA	NA	NA	NA	NA	NA	NA	NA	NA	NA	NA	NA	NA	NA	NA	NA	NA	NA	NA	NA	NA	NA	NA	NA	NA	NA	NA	NA	NA	NA	NA	NA	NA	NA	NA	NA	NA	NA	NA	NA	NA	NA	NA	NA	NA	NA	NA	NA	NA	NA	NA	NA	NA	NA
C9orf3	NA	NA	NA	NA	NA	NA	NA	NA	NA	NA	NA	NA	NA	NA	NA	NA	NA	NA	NA	NA	NA	NA	NA	NA	NA	NA	NA	NA	NA	NA	NA	NA	NA	NA	NA	NA	NA	NA	NA	NA	NA	NA	NA	NA	NA	NA	NA	NA	NA	NA	NA	NA	NA	NA	NA	NA
APOE	NA	NA	NA	NA	NA	NA	NA	NA	NA	NA	NA	NA	NA	NA	NA	NA	NA	NA	NA	NA	NA	NA	NA	NA	NA	NA	NA	NA	NA	NA	NA	NA	NA	NA	NA	NA	NA	NA	NA	NA	NA	NA	NA	NA	NA	NA	NA	NA	NA	NA	NA	NA	NA	NA	NA	NA
AHNAK2	1	1	1	1	1	1	1	1	1	1	1	1	1	1	1	1	1	1	1	1	1	1	1	1	1	1	1	1	1	1	1	1	1	1	1	1	1	1	1	1	1	1	1	1	1	1	1	1	1	1	1	1	1	1	1	1
ANGPTL2	1	1	1	1	1	1	1	1	1	1	1	1	1	1	1	1	1	1	1	1	1	1	1	1	1	1	1	1	1	1	1	1	1	1	1	1	1	1	1	1	1	1	1	1	1	1	1	1	1	1	1	1	1	1	1	1
PRMT3	1	1	1	1	1	1	1	1	1	1	1	1	1	1	1	1	1	1	1	1	1	1	1	1	1	1	1	1	1	1	1	1	1	1	1	1	1	1	1	1	1	1	1	1	1	1	1	1	1	1	1	1	1	1	1	1
MTCL1	1	1	1	1	1	1	1	1	1	1	1	1	1	1	1	1	1	1	1	1	1	1	1	1	1	1	1	1	1	1	1	1	1	1	1	1	1	1	1	1	1	1	1	1	1	1	1	1	1	1	1	1	1	1	1	1
COL6A1	1	1	1	1	1	1	1	1	1	1	1	1	1	1	1	1	1	1	1	1	1	1	1	1	1	1	1	1	1	1	1	1	1	1	1	1	1	1	1	1	1	1	1	1	1	1	1	1	1	1	1	1	1	1	1	1
KAZN	NA	NA	NA	NA	NA	NA	NA	NA	NA	NA	NA	NA	NA	NA	NA	NA	NA	NA	NA	NA	NA	NA	NA	NA	NA	NA	NA	NA	NA	NA	NA	NA	NA	NA	NA	NA	NA	NA	NA	NA	NA	NA	NA	NA	NA	NA	NA	NA	NA	NA	NA	NA	NA	NA	NA	NA
LPPR4	1	1	1	1	1	1	1	1	1	1	1	1	1	1	1	1	1	1	1	1	1	1	1	1	1	1	1	1	1	1	1	1	1	1	1	1	1	1	1	1	1	1	1	1	1	1	1	1	1	1	1	1	1	1	1	1
LAMA2	1	1	1	1	1	1	1	1	1	1	1	1	1	1	1	1	1	1	1	1	1	1	1	1	1	1	1	1	1	1	1	1	1	1	1	1	1	1	1	1	1	1	1	1	1	1	1	1	1	1	1	1	1	1	1	1
ERG	1	1	1	1	1	1	1	1	1	1	1	1	1	1	1	1	1	1	1	1	1	1	1	1	1	1	1	1	1	1	1	1	1	1	1	1	1	1	1	1	1	1	1	1	1	1	1	1	1	1	1	1	1	1	1	1
SLC1A1	885.096190870239	885.096190870239	885.096190870239	885.096190870239	885.096190870239	885.096190870239	885.096190870239	885.096190870239	885.096190870239	885.096190870239	885.096190870239	885.096190870239	885.096190870239	885.096190870239	885.096190870239	885.096190870239	885.096190870239	885.096190870239	885.096190870239	885.096190870239	885.096190870239	885.096190870239	885.096190870239	885.096190870239	885.096190870239	885.096190870239	885.096190870239	885.096190870239	885.096190870239	885.096190870239	885.096190870239	885.096190870239	885.096190870239	885.096190870239	885.096190870239	885.096190870239	885.096190870239	885.096190870239	885.096190870239	885.096190870239	885.096190870239	885.096190870239	885.096190870239	885.096190870239	885.096190870239	885.096190870239	885.096190870239	885.096190870239	885.096190870239	885.096190870239	885.096190870239	885.096190870239	885.096190870239	885.096190870239	885.096190870239	885.096190870239
MUC1	4062.83251213593	8216.28084868096	3381.79257919979	6851.57761847236	6318.87953626128	5282.60217096121	6860.42324904123	6303.81679289793	5748.02467968024	6916.69574791876	5335.46778649747	6980.41230073461	6971.79921094452	3401.01471314895	4618.57138340675	7971.83864035798	4092.62357146276	7045.48833265846	5972.64301276157	6842.82718216328	6844.82734820527	2531.5009995977	4634.16728424271	3746.38704796305	4077.56082809941	6289.08847693445	3491.36898890288	4754.15633593609	3109.21182169894	3233.34974120352	4524.88309571136	5608.04854399831	3763.76891908391	3037.8601403778	6452.68860917827	3385.09731629807	3180.97002543262	5611.3532810966	6353.17945665359	3586.96444837373	2292.50013099377	3521.76871488171	2946.73570026404	3274.27445805585	3047.20326602889	4226.43264437975	4418.03985293921	3897.72013382017	3808.28843485396	4616.57121736476	6751.13906050988	4363.63839175566	6654.39527649909	5273.45923082741	3300.78841448567	7172.69325020549
RSAD2	NA	NA	NA	NA	NA	NA	NA	NA	NA	NA	NA	NA	NA	NA	NA	NA	NA	NA	NA	NA	NA	NA	NA	NA	NA	NA	NA	NA	NA	NA	NA	NA	NA	NA	NA	NA	NA	NA	NA	NA	NA	NA	NA	NA	NA	NA	NA	NA	NA	NA	NA	NA	NA	NA	NA	NA
CCL8	1	1	1	1	1	1	1	1	1	1	1	1	1	1	1	1	1	1	1	1	1	1	1	1	1	1	1	1	1	1	1	1	1	1	1	1	1	1	1	1	1	1	1	1	1	1	1	1	1	1	1	1	1	1	1	1
GPR161	NA	NA	NA	NA	NA	NA	NA	NA	NA	NA	NA	NA	NA	NA	NA	NA	NA	NA	NA	NA	NA	NA	NA	NA	NA	NA	NA	NA	NA	NA	NA	NA	NA	NA	NA	NA	NA	NA	NA	NA	NA	NA	NA	NA	NA	NA	NA	NA	NA	NA	NA	NA	NA	NA	NA	NA
MUC5AC	NA	NA	NA	NA	NA	NA	NA	NA	NA	NA	NA	NA	NA	NA	NA	NA	NA	NA	NA	NA	NA	NA	NA	NA	NA	NA	NA	NA	NA	NA	NA	NA	NA	NA	NA	NA	NA	NA	NA	NA	NA	NA	NA	NA	NA	NA	NA	NA	NA	NA	NA	NA	NA	NA	NA	NA
HLX	NA	NA	NA	NA	NA	NA	NA	NA	NA	NA	NA	NA	NA	NA	NA	NA	NA	NA	NA	NA	NA	NA	NA	NA	NA	NA	NA	NA	NA	NA	NA	NA	NA	NA	NA	NA	NA	NA	NA	NA	NA	NA	NA	NA	NA	NA	NA	NA	NA	NA	NA	NA	NA	NA	NA	NA
TFF2	1	1	1	1	1	1	1	1	1	1	1	1	1	1	1	1	1	1	1	1	1	1	1	1	1	1	1	1	1	1	1	1	1	1	1	1	1	1	1	1	1	1	1	1	1	1	1	1	1	1	1	1	1	1	1	1
FCGR1B	1	1	1	1	1	1	1	1	1	1	1	1	1	1	1	1	1	1	1	1	1	1	1	1	1	1	1	1	1	1	1	1	1	1	1	1	1	1	1	1	1	1	1	1	1	1	1	1	1	1	1	1	1	1	1	1
TOX3	NA	NA	NA	NA	NA	NA	NA	NA	NA	NA	NA	NA	NA	NA	NA	NA	NA	NA	NA	NA	NA	NA	NA	NA	NA	NA	NA	NA	NA	NA	NA	NA	NA	NA	NA	NA	NA	NA	NA	NA	NA	NA	NA	NA	NA	NA	NA	NA	NA	NA	NA	NA	NA	NA	NA	NA
CD163	1	1	1	1	1	1	1	1	1	1	1	1	1	1	1	1	1	1	1	1	1	1	1	1	1	1	1	1	1	1	1	1	1	1	1	1	1	1	1	1	1	1	1	1	1	1	1	1	1	1	1	1	1	1	1	1
AIF1	3072.90122884662	3271.98393221034	3069.92899840672	3068.63518134518	3083.69111268052	3058.74045084348	3077.90834620466	2902.8188233319	3154.15418531871	3035.92344579234	2951.97124551134	2988.70905974918	3150.40821828111	2957.28602064872	2935.27460764776	3123.80034840122	3211.44528314099	3271.92610812084	2811.9312649299	3186.03698099019	2951.50325417286	2871.89028384172	2932.33535881167	3147.61092902399	2862.30396771738	2821.01967835339	2909.51835376054	2955.38202153208	2854.11117004972	2864.86167033663	2946.49613681482	3043.27678599214	2946.93735948317	2916.87169396033	3073.34245151497	2901.3440012551	3029.2239153637	2963.49149067274	2954.95051423053	3179.5094465712	2953.47928366469	3159.72837840308	2843.62965493566	2942.23008931337	2905.8862249254	2991.26676236844	2711.61778509412	2859.33076641776	2966.71202842703	3078.37633754314	3032.2913169572	3081.35560626233	3137.15098654617	2941.85996615625	3079.88437569649	3003.8695689579
COL3A1	1	1	1	1	1	1	1	1	1	1	1	1	1	1	1	1	1	1	1	1	1	1	1	1	1	1	1	1	1	1	1	1	1	1	1	1	1	1	1	1	1	1	1	1	1	1	1	1	1	1	1	1	1	1	1	1
FMR1	NA	NA	NA	NA	NA	NA	NA	NA	NA	NA	NA	NA	NA	NA	NA	NA	NA	NA	NA	NA	NA	NA	NA	NA	NA	NA	NA	NA	NA	NA	NA	NA	NA	NA	NA	NA	NA	NA	NA	NA	NA	NA	NA	NA	NA	NA	NA	NA	NA	NA	NA	NA	NA	NA	NA	NA
ZNF93	NA	NA	NA	NA	NA	NA	NA	NA	NA	NA	NA	NA	NA	NA	NA	NA	NA	NA	NA	NA	NA	NA	NA	NA	NA	NA	NA	NA	NA	NA	NA	NA	NA	NA	NA	NA	NA	NA	NA	NA	NA	NA	NA	NA	NA	NA	NA	NA	NA	NA	NA	NA	NA	NA	NA	NA
IL17A	NA	NA	NA	NA	NA	NA	NA	NA	NA	NA	NA	NA	NA	NA	NA	NA	NA	NA	NA	NA	NA	NA	NA	NA	NA	NA	NA	NA	NA	NA	NA	NA	NA	NA	NA	NA	NA	NA	NA	NA	NA	NA	NA	NA	NA	NA	NA	NA	NA	NA	NA	NA	NA	NA	NA	NA
XPNPEP2	NA	NA	NA	NA	NA	NA	NA	NA	NA	NA	NA	NA	NA	NA	NA	NA	NA	NA	NA	NA	NA	NA	NA	NA	NA	NA	NA	NA	NA	NA	NA	NA	NA	NA	NA	NA	NA	NA	NA	NA	NA	NA	NA	NA	NA	NA	NA	NA	NA	NA	NA	NA	NA	NA	NA	NA
FCGR1A	NA	NA	NA	NA	NA	NA	NA	NA	NA	NA	NA	NA	NA	NA	NA	NA	NA	NA	NA	NA	NA	NA	NA	NA	NA	NA	NA	NA	NA	NA	NA	NA	NA	NA	NA	NA	NA	NA	NA	NA	NA	NA	NA	NA	NA	NA	NA	NA	NA	NA	NA	NA	NA	NA	NA	NA
RAB31	1	1	1	1	1	1	1	1	1	1	1	1	1	1	1	1	1	1	1	1	1	1	1	1	1	1	1	1	1	1	1	1	1	1	1	1	1	1	1	1	1	1	1	1	1	1	1	1	1	1	1	1	1	1	1	1
C1QA	1235.85313845036	1235.85313845036	1235.85313845036	1235.85313845036	1235.85313845036	1235.85313845036	1235.85313845036	1235.85313845036	1235.85313845036	1235.85313845036	1235.85313845036	1235.85313845036	1235.85313845036	1235.85313845036	1235.85313845036	1235.85313845036	1235.85313845036	1235.85313845036	1235.85313845036	1235.85313845036	1235.85313845036	1235.85313845036	1235.85313845036	1235.85313845036	1235.85313845036	1235.85313845036	1235.85313845036	1235.85313845036	1235.85313845036	1235.85313845036	1235.85313845036	1235.85313845036	1235.85313845036	1235.85313845036	1235.85313845036	1235.85313845036	1235.85313845036	1235.85313845036	1235.85313845036	1235.85313845036	1235.85313845036	1235.85313845036	1235.85313845036	1235.85313845036	1235.85313845036	1235.85313845036	1235.85313845036	1235.85313845036	1235.85313845036	1235.85313845036	1235.85313845036	1235.85313845036	1235.85313845036	1235.85313845036	1235.85313845036	1235.85313845036
MAP4K3	NA	NA	NA	NA	NA	NA	NA	NA	NA	NA	NA	NA	NA	NA	NA	NA	NA	NA	NA	NA	NA	NA	NA	NA	NA	NA	NA	NA	NA	NA	NA	NA	NA	NA	NA	NA	NA	NA	NA	NA	NA	NA	NA	NA	NA	NA	NA	NA	NA	NA	NA	NA	NA	NA	NA	NA
KANK2	NA	NA	NA	NA	NA	NA	NA	NA	NA	NA	NA	NA	NA	NA	NA	NA	NA	NA	NA	NA	NA	NA	NA	NA	NA	NA	NA	NA	NA	NA	NA	NA	NA	NA	NA	NA	NA	NA	NA	NA	NA	NA	NA	NA	NA	NA	NA	NA	NA	NA	NA	NA	NA	NA	NA	NA
MST4	NA	NA	NA	NA	NA	NA	NA	NA	NA	NA	NA	NA	NA	NA	NA	NA	NA	NA	NA	NA	NA	NA	NA	NA	NA	NA	NA	NA	NA	NA	NA	NA	NA	NA	NA	NA	NA	NA	NA	NA	NA	NA	NA	NA	NA	NA	NA	NA	NA	NA	NA	NA	NA	NA	NA	NA
PARP12	NA	NA	NA	NA	NA	NA	NA	NA	NA	NA	NA	NA	NA	NA	NA	NA	NA	NA	NA	NA	NA	NA	NA	NA	NA	NA	NA	NA	NA	NA	NA	NA	NA	NA	NA	NA	NA	NA	NA	NA	NA	NA	NA	NA	NA	NA	NA	NA	NA	NA	NA	NA	NA	NA	NA	NA
MAFB	NA	NA	NA	NA	NA	NA	NA	NA	NA	NA	NA	NA	NA	NA	NA	NA	NA	NA	NA	NA	NA	NA	NA	NA	NA	NA	NA	NA	NA	NA	NA	NA	NA	NA	NA	NA	NA	NA	NA	NA	NA	NA	NA	NA	NA	NA	NA	NA	NA	NA	NA	NA	NA	NA	NA	NA
PRKCH	559.994110698063	584.941473150738	560.6508974101	558.042822183767	582.283481804341	580.472398168745	547.499450014974	524.676450192525	591.592556146828	567.096683453213	547.889152693569	568.606577243199	566.145077473025	523.391256222982	523.077831561223	572.637236584703	566.783258791454	583.729851149937	522.209112646913	567.658434142513	513.492799805824	528.589409973694	520.820877132484	595.335006306873	529.239488408917	523.729522263736	516.288683467831	546.95922031502	521.044853604729	504.181701686365	510.59494479349	518.23557079064	519.666588783962	508.105069343436	567.434949493967	515.03608011946	524.901150012967	568.381877422757	564.526304362715	532.632123144562	554.024098987221	587.302549246494	510.445105780832	540.690338595584	559.08200911386	538.46700279599	522.439650242794	523.953006912281	576.337550374794	572.294837203926	572.944915639148	561.940998020871	586.875147784358	516.945470179868	582.172430026222	556.887575838069
MOSPD1	NA	NA	NA	NA	NA	NA	NA	NA	NA	NA	NA	NA	NA	NA	NA	NA	NA	NA	NA	NA	NA	NA	NA	NA	NA	NA	NA	NA	NA	NA	NA	NA	NA	NA	NA	NA	NA	NA	NA	NA	NA	NA	NA	NA	NA	NA	NA	NA	NA	NA	NA	NA	NA	NA	NA	NA
ASRGL1	1525.38855273139	1525.38855273139	1525.38855273139	1525.38855273139	1525.38855273139	1525.38855273139	1525.38855273139	1525.38855273139	1525.38855273139	1525.38855273139	1525.38855273139	1525.38855273139	1525.38855273139	1525.38855273139	1525.38855273139	1525.38855273139	1525.38855273139	1525.38855273139	1525.38855273139	1525.38855273139	1525.38855273139	1525.38855273139	1525.38855273139	1525.38855273139	1525.38855273139	1525.38855273139	1525.38855273139	1525.38855273139	1525.38855273139	1525.38855273139	1525.38855273139	1525.38855273139	1525.38855273139	1525.38855273139	1525.38855273139	1525.38855273139	1525.38855273139	1525.38855273139	1525.38855273139	1525.38855273139	1525.38855273139	1525.38855273139	1525.38855273139	1525.38855273139	1525.38855273139	1525.38855273139	1525.38855273139	1525.38855273139	1525.38855273139	1525.38855273139	1525.38855273139	1525.38855273139	1525.38855273139	1525.38855273139	1525.38855273139	1525.38855273139
SOBP	NA	NA	NA	NA	NA	NA	NA	NA	NA	NA	NA	NA	NA	NA	NA	NA	NA	NA	NA	NA	NA	NA	NA	NA	NA	NA	NA	NA	NA	NA	NA	NA	NA	NA	NA	NA	NA	NA	NA	NA	NA	NA	NA	NA	NA	NA	NA	NA	NA	NA	NA	NA	NA	NA	NA	NA
USP18	NA	NA	NA	NA	NA	NA	NA	NA	NA	NA	NA	NA	NA	NA	NA	NA	NA	NA	NA	NA	NA	NA	NA	NA	NA	NA	NA	NA	NA	NA	NA	NA	NA	NA	NA	NA	NA	NA	NA	NA	NA	NA	NA	NA	NA	NA	NA	NA	NA	NA	NA	NA	NA	NA	NA	NA
RNF128	NA	NA	NA	NA	NA	NA	NA	NA	NA	NA	NA	NA	NA	NA	NA	NA	NA	NA	NA	NA	NA	NA	NA	NA	NA	NA	NA	NA	NA	NA	NA	NA	NA	NA	NA	NA	NA	NA	NA	NA	NA	NA	NA	NA	NA	NA	NA	NA	NA	NA	NA	NA	NA	NA	NA	NA
ECHDC3	NA	NA	NA	NA	NA	NA	NA	NA	NA	NA	NA	NA	NA	NA	NA	NA	NA	NA	NA	NA	NA	NA	NA	NA	NA	NA	NA	NA	NA	NA	NA	NA	NA	NA	NA	NA	NA	NA	NA	NA	NA	NA	NA	NA	NA	NA	NA	NA	NA	NA	NA	NA	NA	NA	NA	NA
MICALL2	1	1	1	1	1	1	1	1	1	1	1	1	1	1	1	1	1	1	1	1	1	1	1	1	1	1	1	1	1	1	1	1	1	1	1	1	1	1	1	1	1	1	1	1	1	1	1	1	1	1	1	1	1	1	1	1
HERC6	NA	NA	NA	NA	NA	NA	NA	NA	NA	NA	NA	NA	NA	NA	NA	NA	NA	NA	NA	NA	NA	NA	NA	NA	NA	NA	NA	NA	NA	NA	NA	NA	NA	NA	NA	NA	NA	NA	NA	NA	NA	NA	NA	NA	NA	NA	NA	NA	NA	NA	NA	NA	NA	NA	NA	NA
ADAP2	NA	NA	NA	NA	NA	NA	NA	NA	NA	NA	NA	NA	NA	NA	NA	NA	NA	NA	NA	NA	NA	NA	NA	NA	NA	NA	NA	NA	NA	NA	NA	NA	NA	NA	NA	NA	NA	NA	NA	NA	NA	NA	NA	NA	NA	NA	NA	NA	NA	NA	NA	NA	NA	NA	NA	NA
SLAMF8	NA	NA	NA	NA	NA	NA	NA	NA	NA	NA	NA	NA	NA	NA	NA	NA	NA	NA	NA	NA	NA	NA	NA	NA	NA	NA	NA	NA	NA	NA	NA	NA	NA	NA	NA	NA	NA	NA	NA	NA	NA	NA	NA	NA	NA	NA	NA	NA	NA	NA	NA	NA	NA	NA	NA	NA
HPSE	764.528754269678	764.528754269678	764.528754269678	764.528754269678	764.528754269678	764.528754269678	764.528754269678	764.528754269678	764.528754269678	764.528754269678	764.528754269678	764.528754269678	764.528754269678	764.528754269678	764.528754269678	764.528754269678	764.528754269678	764.528754269678	764.528754269678	764.528754269678	764.528754269678	764.528754269678	764.528754269678	764.528754269678	764.528754269678	764.528754269678	764.528754269678	764.528754269678	764.528754269678	764.528754269678	764.528754269678	764.528754269678	764.528754269678	764.528754269678	764.528754269678	764.528754269678	764.528754269678	764.528754269678	764.528754269678	764.528754269678	764.528754269678	764.528754269678	764.528754269678	764.528754269678	764.528754269678	764.528754269678	764.528754269678	764.528754269678	764.528754269678	764.528754269678	764.528754269678	764.528754269678	764.528754269678	764.528754269678	764.528754269678	764.528754269678
TMEM45A	NA	NA	NA	NA	NA	NA	NA	NA	NA	NA	NA	NA	NA	NA	NA	NA	NA	NA	NA	NA	NA	NA	NA	NA	NA	NA	NA	NA	NA	NA	NA	NA	NA	NA	NA	NA	NA	NA	NA	NA	NA	NA	NA	NA	NA	NA	NA	NA	NA	NA	NA	NA	NA	NA	NA	NA
PXMP4	1	1	1	1	1	1	1	1	1	1	1	1	1	1	1	1	1	1	1	1	1	1	1	1	1	1	1	1	1	1	1	1	1	1	1	1	1	1	1	1	1	1	1	1	1	1	1	1	1	1	1	1	1	1	1	1
CEP72	1	1	1	1	1	1	1	1	1	1	1	1	1	1	1	1	1	1	1	1	1	1	1	1	1	1	1	1	1	1	1	1	1	1	1	1	1	1	1	1	1	1	1	1	1	1	1	1	1	1	1	1	1	1	1	1
KCNJ16	NA	NA	NA	NA	NA	NA	NA	NA	NA	NA	NA	NA	NA	NA	NA	NA	NA	NA	NA	NA	NA	NA	NA	NA	NA	NA	NA	NA	NA	NA	NA	NA	NA	NA	NA	NA	NA	NA	NA	NA	NA	NA	NA	NA	NA	NA	NA	NA	NA	NA	NA	NA	NA	NA	NA	NA
AGPAT4	NA	NA	NA	NA	NA	NA	NA	NA	NA	NA	NA	NA	NA	NA	NA	NA	NA	NA	NA	NA	NA	NA	NA	NA	NA	NA	NA	NA	NA	NA	NA	NA	NA	NA	NA	NA	NA	NA	NA	NA	NA	NA	NA	NA	NA	NA	NA	NA	NA	NA	NA	NA	NA	NA	NA	NA
TRIM36	311.093742534469	200.25337317063	207.276494837709	325.369327736315	259.955084689856	246.610749984113	237.01654727752	315.941414433367	323.665579528801	203.102900421167	222.740962075674	221.354813619619	211.843291075312	348.307865148651	302.249368692152	200.812154977423	296.16678211496	202.473659212831	261.524904727029	261.454279600983	241.421816510621	382.303116681007	349.877685185824	300.14114787109	299.748255864597	349.807060059779	328.377224739706	380.237743085528	369.55873179064	364.434431423382	358.673980976619	282.337946544922	373.617649689879	375.703081238357	373.97639027458	352.815776245432	329.106873680732	207.455261071464	196.912088772289	290.691585177903	273.402086755757	264.462995786637	365.129156563175	235.312799070006	240.754093221937	309.707594078414	296.137153634867	302.241773677384	334.963530442908	240.024444280911	227.588633974572	211.395475405802	270.321200517824	329.774596969416	386.694487931045	194.232524563459
DHRS9	NA	NA	NA	NA	NA	NA	NA	NA	NA	NA	NA	NA	NA	NA	NA	NA	NA	NA	NA	NA	NA	NA	NA	NA	NA	NA	NA	NA	NA	NA	NA	NA	NA	NA	NA	NA	NA	NA	NA	NA	NA	NA	NA	NA	NA	NA	NA	NA	NA	NA	NA	NA	NA	NA	NA	NA
HERC5	NA	NA	NA	NA	NA	NA	NA	NA	NA	NA	NA	NA	NA	NA	NA	NA	NA	NA	NA	NA	NA	NA	NA	NA	NA	NA	NA	NA	NA	NA	NA	NA	NA	NA	NA	NA	NA	NA	NA	NA	NA	NA	NA	NA	NA	NA	NA	NA	NA	NA	NA	NA	NA	NA	NA	NA
RNF39	1	1	1	1	1	1	1	1	1	1	1	1	1	1	1	1	1	1	1	1	1	1	1	1	1	1	1	1	1	1	1	1	1	1	1	1	1	1	1	1	1	1	1	1	1	1	1	1	1	1	1	1	1	1	1	1
FHL5	NA	NA	NA	NA	NA	NA	NA	NA	NA	NA	NA	NA	NA	NA	NA	NA	NA	NA	NA	NA	NA	NA	NA	NA	NA	NA	NA	NA	NA	NA	NA	NA	NA	NA	NA	NA	NA	NA	NA	NA	NA	NA	NA	NA	NA	NA	NA	NA	NA	NA	NA	NA	NA	NA	NA	NA
HRASLS2	NA	NA	NA	NA	NA	NA	NA	NA	NA	NA	NA	NA	NA	NA	NA	NA	NA	NA	NA	NA	NA	NA	NA	NA	NA	NA	NA	NA	NA	NA	NA	NA	NA	NA	NA	NA	NA	NA	NA	NA	NA	NA	NA	NA	NA	NA	NA	NA	NA	NA	NA	NA	NA	NA	NA	NA
VCAN	1	1	1	1	1	1	1	1	1	1	1	1	1	1	1	1	1	1	1	1	1	1	1	1	1	1	1	1	1	1	1	1	1	1	1	1	1	1	1	1	1	1	1	1	1	1	1	1	1	1	1	1	1	1	1	1
PILRA	NA	NA	NA	NA	NA	NA	NA	NA	NA	NA	NA	NA	NA	NA	NA	NA	NA	NA	NA	NA	NA	NA	NA	NA	NA	NA	NA	NA	NA	NA	NA	NA	NA	NA	NA	NA	NA	NA	NA	NA	NA	NA	NA	NA	NA	NA	NA	NA	NA	NA	NA	NA	NA	NA	NA	NA
TRPS1	NA	NA	NA	NA	NA	NA	NA	NA	NA	NA	NA	NA	NA	NA	NA	NA	NA	NA	NA	NA	NA	NA	NA	NA	NA	NA	NA	NA	NA	NA	NA	NA	NA	NA	NA	NA	NA	NA	NA	NA	NA	NA	NA	NA	NA	NA	NA	NA	NA	NA	NA	NA	NA	NA	NA	NA
FAM122B	NA	NA	NA	NA	NA	NA	NA	NA	NA	NA	NA	NA	NA	NA	NA	NA	NA	NA	NA	NA	NA	NA	NA	NA	NA	NA	NA	NA	NA	NA	NA	NA	NA	NA	NA	NA	NA	NA	NA	NA	NA	NA	NA	NA	NA	NA	NA	NA	NA	NA	NA	NA	NA	NA	NA	NA
SNX24	1278.20531232405	1485.77675817388	1507.55815985797	1150.56033275167	1479.53846266609	1356.09522061064	1300.67270788716	1314.50472574511	1216.36843184077	1393.10599683991	1412.84570971888	1237.70977860027	1305.61132738983	871.387477313742	995.502042625689	1551.27542790057	1406.75342273131	1494.79405020469	1264.81960436788	1329.77382941307	1405.98627137386	910.463396008657	898.852349574519	1210.68496126409	1057.14622185319	1086.3123354218	958.544207879459	937.221390053895	912.067585927977	974.13933359009	1274.97183871458	938.286230070809	841.727301610549	1003.240455116	806.878262087136	1063.25671211551	1029.56184631356	1330.59468662347	1263.75476435097	951.671938026976	963.694051956115	1383.67959615027	990.405452677638	1421.10173568041	1094.56836138334	1004.0613123264	962.699441111706	979.077953092755	931.489973752169	1316.93882697471	1495.50705849923	1356.88445644617	1289.23281540878	1066.57262254284	825.531116649272	1285.07758217653
IL18BP	1218.01373276985	1483.76596959208	1467.82234369862	1619.14758485186	1479.57639295407	1568.47354032874	1467.25065343618	1061.73069818753	1510.51276388252	1548.07531202831	1218.5854230323	1502.36538703463	1557.7563729869	1556.21511861139	1347.67531152307	1494.96466465883	1435.64546931105	1556.12745206667	1249.5764069889	1512.67379775058	1596.9122321894	1234.52904892575	1190.73592449138	1560.20453952018	1349.27691260528	1478.06172483526	1259.22445297776	1313.43923800193	1425.10125889783	1228.82480416893	1504.38428619058	1275.47641033482	1298.83839136198	1229.33735444527	1263.43687708425	1144.83046390171	1481.57839696701	1253.12846636831	1232.34147630068	1324.33773020416	1250.38000201294	1200.8050443027	1149.73176757662	1217.62695672097	1091.82599711516	1186.40854864472	1581.84365167905	1401.62400252595	1197.837851491	1450.04196496902	1447.07477215732	1494.61803207351	1499.61692267926	1179.8537591403	1439.9728451577	1478.5742751116
FAM107B	4393.0294535175	5542.98531334333	4354.87366735188	5669.2022319264	5694.36711479474	6239.75903266187	4981.07977155477	4998.48451680333	5853.48294502745	5582.72302757572	4293.17561881748	5710.6044470614	5576.90092387484	4372.83346640895	4727.00394610266	5267.41629899017	4822.88636889931	5566.13541177117	5740.53938851241	6064.75872192829	5749.44001119922	4437.90974571404	4704.08385500777	5942.66342696706	4419.39253740055	5784.53966495961	5959.80547785412	4102.23125997392	4472.94759766511	3933.44465807298	3880.68871381394	4490.72969398656	3740.13964361015	3967.51327303944	4192.60691519788	4796.97826496442	4534.72997043376	4327.09122934899	5722.75729219096	4332.91333304987	4292.72765572269	6026.03425118048	3944.9948585103	5587.95196759468	5953.89354953363	4451.65448335157	4585.10649047267	5262.5837954408	5701.46417787743	5604.68336187773	5622.6431609348	5642.83914804335	5687.7194402399	4045.77042797227	4316.32571724531	4338.14227306882
ANKH	NA	NA	NA	NA	NA	NA	NA	NA	NA	NA	NA	NA	NA	NA	NA	NA	NA	NA	NA	NA	NA	NA	NA	NA	NA	NA	NA	NA	NA	NA	NA	NA	NA	NA	NA	NA	NA	NA	NA	NA	NA	NA	NA	NA	NA	NA	NA	NA	NA	NA	NA	NA	NA	NA	NA	NA
PARP9	NA	NA	NA	NA	NA	NA	NA	NA	NA	NA	NA	NA	NA	NA	NA	NA	NA	NA	NA	NA	NA	NA	NA	NA	NA	NA	NA	NA	NA	NA	NA	NA	NA	NA	NA	NA	NA	NA	NA	NA	NA	NA	NA	NA	NA	NA	NA	NA	NA	NA	NA	NA	NA	NA	NA	NA
MS4A7	NA	NA	NA	NA	NA	NA	NA	NA	NA	NA	NA	NA	NA	NA	NA	NA	NA	NA	NA	NA	NA	NA	NA	NA	NA	NA	NA	NA	NA	NA	NA	NA	NA	NA	NA	NA	NA	NA	NA	NA	NA	NA	NA	NA	NA	NA	NA	NA	NA	NA	NA	NA	NA	NA	NA	NA
TNFSF13B	NA	NA	NA	NA	NA	NA	NA	NA	NA	NA	NA	NA	NA	NA	NA	NA	NA	NA	NA	NA	NA	NA	NA	NA	NA	NA	NA	NA	NA	NA	NA	NA	NA	NA	NA	NA	NA	NA	NA	NA	NA	NA	NA	NA	NA	NA	NA	NA	NA	NA	NA	NA	NA	NA	NA	NA
PARVG	436.799030453714	627.749362713142	577.885899782332	402.413301796575	609.635154673224	593.046392825318	590.468742995231	11.9373450013294	702.065028156009	294.993996095017	205.859604519354	419.364493827671	646.767698563901	395.704859191741	411.578566458023	656.165929267495	579.252013053889	663.246536411264	186.994946103144	136.600514434546	7.43869193523545	229.849215873333	35.0853320698427	697.896047178416	58.2289610691593	260.685413483225	56.2800730894767	339.763638457244	217.266372660434	1	43.0699665543123	263.002663557868	191.129507125108	338.630350728884	363.066857392282	76.1795033318159	452.388467601924	14.0111681693388	41.7937746746769	1	30.3642439772115	551.749034247006	1	91.7689404800255	232.426865703419	58.7449667057721	297.914542440728	323.918693559037	218.632485931991	642.326918962034	623.622190679766	547.614473225043	707.386061909362	418.848488191058	566.479131641252	497.220041556444
ITLN1	51882.4824673594	60047.3718069509	37608.7992897357	20268.0695856848	54151.4546030228	43184.0392151625	38897.9208193164	20668.6826307522	40324.5006607638	51097.43063806	46340.9192553361	57494.1909054308	41872.5322196059	2318.6487047814	51481.8694222921	48190.4318409338	26745.4104490849	52941.0720645386	48652.4419484901	48512.3521092871	47248.5253606777	10658.7323829987	4929.39047844939	63473.8083949447	19883.6308014527	25804.6604351278	28836.6798629956	1201.48017358827	12192.0235124287	11705.82992288	5327.87586323009	17438.6421118829	2851.89488580764	1859.79151755971	9110.70082415657	16034.7255240704	24054.8232976086	43405.823349036	42919.6297594873	63629.0798468028	3255.41559483513	7839.39243456721	3312.37007729069	57939.5897959005	15127.1194187288	17298.5522726799	22385.5835719028	20905.9579174263	30008.3013736846	55368.0455595157	55905.2748644454	52119.7577540335	16976.6320043266	6394.99945312846	11970.2393785553	32959.9676599854
C1QTNF2	NA	NA	NA	NA	NA	NA	NA	NA	NA	NA	NA	NA	NA	NA	NA	NA	NA	NA	NA	NA	NA	NA	NA	NA	NA	NA	NA	NA	NA	NA	NA	NA	NA	NA	NA	NA	NA	NA	NA	NA	NA	NA	NA	NA	NA	NA	NA	NA	NA	NA	NA	NA	NA	NA	NA	NA
MS4A6A	2890.75906140256	3738.19607967676	3616.88222894104	3605.45595774631	3564.03206214821	3663.30598916724	3552.34325031469	2886.2093733532	3378.99439937431	3387.56059141128	2945.67168517229	2846.22138419684	3329.1539505231	2707.16827212905	2444.36843925388	3483.31773763348	3747.41462792674	3631.24730061167	2752.485545686	3121.1385912243	2936.6152370314	2543.97826248827	2470.29609083246	3425.18862719014	2574.72452838546	3052.66966356091	3103.36606132206	3093.02456885586	2518.24009777332	2489.9911535275	2620.08573745202	2902.13215444687	3110.79877400424	3042.81306226893	2816.88740288312	2815.83486605852	3415.33202589817	3318.19064880153	3046.10045901826	2857.55397074124	3006.47543574507	3513.45255197613	2688.44691667106	3015.04162778205	2961.89248712275	2949.76383352678	2485.035007112	2357.53509325254	3023.34338354288	3475.8850249513	3395.86234717212	2992.60470108125	3309.13420066064	2956.63498689386	2921.45214914933	2862.51011715673
AGPAT9	510.900530692588	510.900530692588	510.900530692588	510.900530692588	510.900530692588	510.900530692588	510.900530692588	510.900530692588	510.900530692588	510.900530692588	510.900530692588	510.900530692588	510.900530692588	510.900530692588	510.900530692588	510.900530692588	510.900530692588	510.900530692588	510.900530692588	510.900530692588	510.900530692588	510.900530692588	510.900530692588	510.900530692588	510.900530692588	510.900530692588	510.900530692588	510.900530692588	510.900530692588	510.900530692588	510.900530692588	510.900530692588	510.900530692588	510.900530692588	510.900530692588	510.900530692588	510.900530692588	510.900530692588	510.900530692588	510.900530692588	510.900530692588	510.900530692588	510.900530692588	510.900530692588	510.900530692588	510.900530692588	510.900530692588	510.900530692588	510.900530692588	510.900530692588	510.900530692588	510.900530692588	510.900530692588	510.900530692588	510.900530692588	510.900530692588
FKBP5	2409.70703862861	2830.35534981417	2797.99877911363	1706.01524585213	3089.03251591872	4241.98541419305	2433.4522975466	1208.15531844024	3200.28920732873	3732.03963948147	2384.03172946938	3297.5326612162	976.570801227338	1928.90279084368	1291.14144978834	1283.1869667232	1413.58201427718	2780.97341504634	2393.85999000236	1384.08197549584	2883.88082507475	1743.93992286812	1466.97816150427	2477.14271233098	1375.71293939051	1042.34896616864	3139.1514832534	1428.77657062537	2791.50248196883	1238.6908247401	1277.08239663618	1027.45912085331	2610.8194501218	1417.92617294721	1005.71232815399	2573.60729228555	2671.82706214137	1418.89915139026	2475.48520356991	1255.2564384437	1223.88406224093	2439.73645260708	1006.60021520581	1298.58856965857	960.723752601084	1177.68321272053	1347.83717764507	1358.36624456756	1000.31606014533	2724.27768718961	1140.47105488428	2998.54712882803	2725.95299078335	1044.00647492971	1655.89627851745	950.895492068106
SMAD5	NA	NA	NA	NA	NA	NA	NA	NA	NA	NA	NA	NA	NA	NA	NA	NA	NA	NA	NA	NA	NA	NA	NA	NA	NA	NA	NA	NA	NA	NA	NA	NA	NA	NA	NA	NA	NA	NA	NA	NA	NA	NA	NA	NA	NA	NA	NA	NA	NA	NA	NA	NA	NA	NA	NA	NA
C1QC	NA	NA	NA	NA	NA	NA	NA	NA	NA	NA	NA	NA	NA	NA	NA	NA	NA	NA	NA	NA	NA	NA	NA	NA	NA	NA	NA	NA	NA	NA	NA	NA	NA	NA	NA	NA	NA	NA	NA	NA	NA	NA	NA	NA	NA	NA	NA	NA	NA	NA	NA	NA	NA	NA	NA	NA
AMOTL1	NA	NA	NA	NA	NA	NA	NA	NA	NA	NA	NA	NA	NA	NA	NA	NA	NA	NA	NA	NA	NA	NA	NA	NA	NA	NA	NA	NA	NA	NA	NA	NA	NA	NA	NA	NA	NA	NA	NA	NA	NA	NA	NA	NA	NA	NA	NA	NA	NA	NA	NA	NA	NA	NA	NA	NA
ANTXR2	NA	NA	NA	NA	NA	NA	NA	NA	NA	NA	NA	NA	NA	NA	NA	NA	NA	NA	NA	NA	NA	NA	NA	NA	NA	NA	NA	NA	NA	NA	NA	NA	NA	NA	NA	NA	NA	NA	NA	NA	NA	NA	NA	NA	NA	NA	NA	NA	NA	NA	NA	NA	NA	NA	NA	NA
STAT2	NA	NA	NA	NA	NA	NA	NA	NA	NA	NA	NA	NA	NA	NA	NA	NA	NA	NA	NA	NA	NA	NA	NA	NA	NA	NA	NA	NA	NA	NA	NA	NA	NA	NA	NA	NA	NA	NA	NA	NA	NA	NA	NA	NA	NA	NA	NA	NA	NA	NA	NA	NA	NA	NA	NA	NA
PARM1	19021.239244694	23492.1643578168	20677.2272638176	8810.43974898008	20478.7691261413	19290.8005671028	16457.3550167104	11750.2094850771	17607.8744827375	21962.9572821011	19817.3805024005	18459.9314949596	19203.0370056911	8222.43632715841	16733.1236826812	24402.236130258	10498.4713656641	23397.9022852186	19425.4891444046	18529.2252298663	21372.7132271375	14615.2393955333	8717.74451991324	18649.6513201375	10276.0192269506	14739.2482632012	18412.828351798	10094.2214659535	9665.66049841504	8370.77213215509	8251.50933261758	11331.8656350622	6548.200572777	7409.23775895596	7633.65100820215	9806.2548879023	9937.96658815949	22808.6303808769	21676.1926335525	10363.7827883623	9485.8105730575	9532.91371621913	12412.7885335798	20933.7974327884	9602.20745112575	13092.2300894731	10890.36272366	9722.63354139702	14423.4106091934	18592.6782771555	20258.8834138027	18864.9843669	15704.1841615145	8680.85670399703	8440.40901041111	18733.2726666428
RNF213	NA	NA	NA	NA	NA	NA	NA	NA	NA	NA	NA	NA	NA	NA	NA	NA	NA	NA	NA	NA	NA	NA	NA	NA	NA	NA	NA	NA	NA	NA	NA	NA	NA	NA	NA	NA	NA	NA	NA	NA	NA	NA	NA	NA	NA	NA	NA	NA	NA	NA	NA	NA	NA	NA	NA	NA
GPSM1	NA	NA	NA	NA	NA	NA	NA	NA	NA	NA	NA	NA	NA	NA	NA	NA	NA	NA	NA	NA	NA	NA	NA	NA	NA	NA	NA	NA	NA	NA	NA	NA	NA	NA	NA	NA	NA	NA	NA	NA	NA	NA	NA	NA	NA	NA	NA	NA	NA	NA	NA	NA	NA	NA	NA	NA
MRVI1	NA	NA	NA	NA	NA	NA	NA	NA	NA	NA	NA	NA	NA	NA	NA	NA	NA	NA	NA	NA	NA	NA	NA	NA	NA	NA	NA	NA	NA	NA	NA	NA	NA	NA	NA	NA	NA	NA	NA	NA	NA	NA	NA	NA	NA	NA	NA	NA	NA	NA	NA	NA	NA	NA	NA	NA
MAP1B	NA	NA	NA	NA	NA	NA	NA	NA	NA	NA	NA	NA	NA	NA	NA	NA	NA	NA	NA	NA	NA	NA	NA	NA	NA	NA	NA	NA	NA	NA	NA	NA	NA	NA	NA	NA	NA	NA	NA	NA	NA	NA	NA	NA	NA	NA	NA	NA	NA	NA	NA	NA	NA	NA	NA	NA
ADAMTS2	1	1	1	1	1	1	1	1	1	1	1	1	1	1	1	1	1	1	1	1	1	1	1	1	1	1	1	1	1	1	1	1	1	1	1	1	1	1	1	1	1	1	1	1	1	1	1	1	1	1	1	1	1	1	1	1
FUT11	NA	NA	NA	NA	NA	NA	NA	NA	NA	NA	NA	NA	NA	NA	NA	NA	NA	NA	NA	NA	NA	NA	NA	NA	NA	NA	NA	NA	NA	NA	NA	NA	NA	NA	NA	NA	NA	NA	NA	NA	NA	NA	NA	NA	NA	NA	NA	NA	NA	NA	NA	NA	NA	NA	NA	NA
PIK3AP1	NA	NA	NA	NA	NA	NA	NA	NA	NA	NA	NA	NA	NA	NA	NA	NA	NA	NA	NA	NA	NA	NA	NA	NA	NA	NA	NA	NA	NA	NA	NA	NA	NA	NA	NA	NA	NA	NA	NA	NA	NA	NA	NA	NA	NA	NA	NA	NA	NA	NA	NA	NA	NA	NA	NA	NA
GGT7	306.385796971634	306.385796971634	306.385796971634	306.385796971634	306.385796971634	306.385796971634	306.385796971634	306.385796971634	306.385796971634	306.385796971634	306.385796971634	306.385796971634	306.385796971634	306.385796971634	306.385796971634	306.385796971634	306.385796971634	306.385796971634	306.385796971634	306.385796971634	306.385796971634	306.385796971634	306.385796971634	306.385796971634	306.385796971634	306.385796971634	306.385796971634	306.385796971634	306.385796971634	306.385796971634	306.385796971634	306.385796971634	306.385796971634	306.385796971634	306.385796971634	306.385796971634	306.385796971634	306.385796971634	306.385796971634	306.385796971634	306.385796971634	306.385796971634	306.385796971634	306.385796971634	306.385796971634	306.385796971634	306.385796971634	306.385796971634	306.385796971634	306.385796971634	306.385796971634	306.385796971634	306.385796971634	306.385796971634	306.385796971634	306.385796971634
BCAT1	1	1	1	1	1	1	1	1	1	1	1	1	1	1	1	1	1	1	1	1	1	1	1	1	1	1	1	1	1	1	1	1	1	1	1	1	1	1	1	1	1	1	1	1	1	1	1	1	1	1	1	1	1	1	1	1
CD109	1	1	1	1	1	1	1	1	1	1	1	1	1	1	1	1	1	1	1	1	1	1	1	1	1	1	1	1	1	1	1	1	1	1	1	1	1	1	1	1	1	1	1	1	1	1	1	1	1	1	1	1	1	1	1	1
SAMD9L	702.958710597705	702.958710597705	702.958710597705	702.958710597705	702.958710597705	702.958710597705	702.958710597705	702.958710597705	702.958710597705	702.958710597705	702.958710597705	702.958710597705	702.958710597705	702.958710597705	702.958710597705	702.958710597705	702.958710597705	702.958710597705	702.958710597705	702.958710597705	702.958710597705	702.958710597705	702.958710597705	702.958710597705	702.958710597705	702.958710597705	702.958710597705	702.958710597705	702.958710597705	702.958710597705	702.958710597705	702.958710597705	702.958710597705	702.958710597705	702.958710597705	702.958710597705	702.958710597705	702.958710597705	702.958710597705	702.958710597705	702.958710597705	702.958710597705	702.958710597705	702.958710597705	702.958710597705	702.958710597705	702.958710597705	702.958710597705	702.958710597705	702.958710597705	702.958710597705	702.958710597705	702.958710597705	702.958710597705	702.958710597705	702.958710597705
ZNF521	1	1	1	1	1	1	1	1	1	1	1	1	1	1	1	1	1	1	1	1	1	1	1	1	1	1	1	1	1	1	1	1	1	1	1	1	1	1	1	1	1	1	1	1	1	1	1	1	1	1	1	1	1	1	1	1
PRRX1	1	1	1	1	1	1	1	1	1	1	1	1	1	1	1	1	1	1	1	1	1	1	1	1	1	1	1	1	1	1	1	1	1	1	1	1	1	1	1	1	1	1	1	1	1	1	1	1	1	1	1	1	1	1	1	1
CMPK2	NA	NA	NA	NA	NA	NA	NA	NA	NA	NA	NA	NA	NA	NA	NA	NA	NA	NA	NA	NA	NA	NA	NA	NA	NA	NA	NA	NA	NA	NA	NA	NA	NA	NA	NA	NA	NA	NA	NA	NA	NA	NA	NA	NA	NA	NA	NA	NA	NA	NA	NA	NA	NA	NA	NA	NA
FAM20C	NA	NA	NA	NA	NA	NA	NA	NA	NA	NA	NA	NA	NA	NA	NA	NA	NA	NA	NA	NA	NA	NA	NA	NA	NA	NA	NA	NA	NA	NA	NA	NA	NA	NA	NA	NA	NA	NA	NA	NA	NA	NA	NA	NA	NA	NA	NA	NA	NA	NA	NA	NA	NA	NA	NA	NA
MBOAT2	NA	NA	NA	NA	NA	NA	NA	NA	NA	NA	NA	NA	NA	NA	NA	NA	NA	NA	NA	NA	NA	NA	NA	NA	NA	NA	NA	NA	NA	NA	NA	NA	NA	NA	NA	NA	NA	NA	NA	NA	NA	NA	NA	NA	NA	NA	NA	NA	NA	NA	NA	NA	NA	NA	NA	NA
EMB	3734.98481502841	3799.11439034885	3374.05153979967	3377.22263627746	3426.57311246259	3915.00610969722	3016.96832172018	3143.2747540125	3493.06755906698	3315.14138390657	3385.70427371536	3833.5135549443	3077.02189036404	2301.49366656707	2710.37879124492	3813.40992075035	2523.91833628825	2794.38592022099	2583.60267814272	2763.27476130973	3588.277400021	3146.74407740539	2639.76325907777	3971.34319978041	2447.90373305334	3647.69022021021	2461.83708391735	2520.74723981046	2529.79816216818	2427.35391863238	3616.57906129894	2434.56944691927	2418.50376617706	2264.73459980198	3395.87823548561	2527.28515835988	2441.91435967224	3288.79243901721	3563.68309123413	2644.22847286225	2734.97310003178	3494.07808845168	2573.26881247338	3520.71370232359	4079.34768835754	2697.11087854565	3010.18271845479	2667.40940233437	3108.42940919004	3709.71785206893	3436.90697813193	3497.53277285147	2532.39997372615	2435.48813902799	3667.77563179535	3295.21865966145
FAM20A	NA	NA	NA	NA	NA	NA	NA	NA	NA	NA	NA	NA	NA	NA	NA	NA	NA	NA	NA	NA	NA	NA	NA	NA	NA	NA	NA	NA	NA	NA	NA	NA	NA	NA	NA	NA	NA	NA	NA	NA	NA	NA	NA	NA	NA	NA	NA	NA	NA	NA	NA	NA	NA	NA	NA	NA
LATS2	NA	NA	NA	NA	NA	NA	NA	NA	NA	NA	NA	NA	NA	NA	NA	NA	NA	NA	NA	NA	NA	NA	NA	NA	NA	NA	NA	NA	NA	NA	NA	NA	NA	NA	NA	NA	NA	NA	NA	NA	NA	NA	NA	NA	NA	NA	NA	NA	NA	NA	NA	NA	NA	NA	NA	NA
ASPHD2	488.503803925268	488.503803925268	488.503803925268	488.503803925268	488.503803925268	488.503803925268	488.503803925268	488.503803925268	488.503803925268	488.503803925268	488.503803925268	488.503803925268	488.503803925268	488.503803925268	488.503803925268	488.503803925268	488.503803925268	488.503803925268	488.503803925268	488.503803925268	488.503803925268	488.503803925268	488.503803925268	488.503803925268	488.503803925268	488.503803925268	488.503803925268	488.503803925268	488.503803925268	488.503803925268	488.503803925268	488.503803925268	488.503803925268	488.503803925268	488.503803925268	488.503803925268	488.503803925268	488.503803925268	488.503803925268	488.503803925268	488.503803925268	488.503803925268	488.503803925268	488.503803925268	488.503803925268	488.503803925268	488.503803925268	488.503803925268	488.503803925268	488.503803925268	488.503803925268	488.503803925268	488.503803925268	488.503803925268	488.503803925268	488.503803925268
ELOVL7	930.012421472013	930.012421472013	930.012421472013	930.012421472013	930.012421472013	930.012421472013	930.012421472013	930.012421472013	930.012421472013	930.012421472013	930.012421472013	930.012421472013	930.012421472013	930.012421472013	930.012421472013	930.012421472013	930.012421472013	930.012421472013	930.012421472013	930.012421472013	930.012421472013	930.012421472013	930.012421472013	930.012421472013	930.012421472013	930.012421472013	930.012421472013	930.012421472013	930.012421472013	930.012421472013	930.012421472013	930.012421472013	930.012421472013	930.012421472013	930.012421472013	930.012421472013	930.012421472013	930.012421472013	930.012421472013	930.012421472013	930.012421472013	930.012421472013	930.012421472013	930.012421472013	930.012421472013	930.012421472013	930.012421472013	930.012421472013	930.012421472013	930.012421472013	930.012421472013	930.012421472013	930.012421472013	930.012421472013	930.012421472013	930.012421472013
SFMBT2	78.2284309091279	78.2284309091279	78.2284309091279	78.2284309091279	78.2284309091279	78.2284309091279	78.2284309091279	78.2284309091279	78.2284309091279	78.2284309091279	78.2284309091279	78.2284309091279	78.2284309091279	78.2284309091279	78.2284309091279	78.2284309091279	78.2284309091279	78.2284309091279	78.2284309091279	78.2284309091279	78.2284309091279	78.2284309091279	78.2284309091279	78.2284309091279	78.2284309091279	78.2284309091279	78.2284309091279	78.2284309091279	78.2284309091279	78.2284309091279	78.2284309091279	78.2284309091279	78.2284309091279	78.2284309091279	78.2284309091279	78.2284309091279	78.2284309091279	78.2284309091279	78.2284309091279	78.2284309091279	78.2284309091279	78.2284309091279	78.2284309091279	78.2284309091279	78.2284309091279	78.2284309091279	78.2284309091279	78.2284309091279	78.2284309091279	78.2284309091279	78.2284309091279	78.2284309091279	78.2284309091279	78.2284309091279	78.2284309091279	78.2284309091279
CCNYL1	1008.87105294996	1006.0298938029	1004.98302263183	1010.10905981345	1003.27164371699	1006.60171923445	1003.4888891924	1005.34745215843	1003.18296171992	1006.20486200221	1005.19918542566	1008.91485121194	1006.70004468185	1006.57665798642	1007.20951628816	1008.88763960941	1002.22829353041	1007.81535726367	1008.00181832594	1002.6120247641	1004.53209698096	1007.93567158407	1008.3162533748	1003.58938744589	1008.13742211681	1006.58237280373	1003.84819727887	1009.01089042962	1008.26521197446	1008.66065678	1005.64434899555	1009.48196797893	1007.2654576328	1007.63806849003	1008.47741060097	1010.13709856097	1005.83255792995	1006.03479374719	1006.9428139596	1006.07179080595	1007.12748649224	1006.61725190535	1004.28966579326	1006.87997589778	1009.05336412716	1008.42627229264	1006.19987554429	1007.67294759164	1006.40314784472	1009.9433352957	1009.08140287468	1004.93329446103	1004.77686224366	1006.97860650679	1009.97054689823	1005.9229108205
ZBTB46	NA	NA	NA	NA	NA	NA	NA	NA	NA	NA	NA	NA	NA	NA	NA	NA	NA	NA	NA	NA	NA	NA	NA	NA	NA	NA	NA	NA	NA	NA	NA	NA	NA	NA	NA	NA	NA	NA	NA	NA	NA	NA	NA	NA	NA	NA	NA	NA	NA	NA	NA	NA	NA	NA	NA	NA
CD274	1	1	1	1	1	1	1	1	1	1	1	1	1	1	1	1	1	1	1	1	1	1	1	1	1	1	1	1	1	1	1	1	1	1	1	1	1	1	1	1	1	1	1	1	1	1	1	1	1	1	1	1	1	1	1	1
SLC16A9	NA	NA	NA	NA	NA	NA	NA	NA	NA	NA	NA	NA	NA	NA	NA	NA	NA	NA	NA	NA	NA	NA	NA	NA	NA	NA	NA	NA	NA	NA	NA	NA	NA	NA	NA	NA	NA	NA	NA	NA	NA	NA	NA	NA	NA	NA	NA	NA	NA	NA	NA	NA	NA	NA	NA	NA
GPX8	NA	NA	NA	NA	NA	NA	NA	NA	NA	NA	NA	NA	NA	NA	NA	NA	NA	NA	NA	NA	NA	NA	NA	NA	NA	NA	NA	NA	NA	NA	NA	NA	NA	NA	NA	NA	NA	NA	NA	NA	NA	NA	NA	NA	NA	NA	NA	NA	NA	NA	NA	NA	NA	NA	NA	NA
PIK3R5	NA	NA	NA	NA	NA	NA	NA	NA	NA	NA	NA	NA	NA	NA	NA	NA	NA	NA	NA	NA	NA	NA	NA	NA	NA	NA	NA	NA	NA	NA	NA	NA	NA	NA	NA	NA	NA	NA	NA	NA	NA	NA	NA	NA	NA	NA	NA	NA	NA	NA	NA	NA	NA	NA	NA	NA
FAM65C	NA	NA	NA	NA	NA	NA	NA	NA	NA	NA	NA	NA	NA	NA	NA	NA	NA	NA	NA	NA	NA	NA	NA	NA	NA	NA	NA	NA	NA	NA	NA	NA	NA	NA	NA	NA	NA	NA	NA	NA	NA	NA	NA	NA	NA	NA	NA	NA	NA	NA	NA	NA	NA	NA	NA	NA
MRGPRF	NA	NA	NA	NA	NA	NA	NA	NA	NA	NA	NA	NA	NA	NA	NA	NA	NA	NA	NA	NA	NA	NA	NA	NA	NA	NA	NA	NA	NA	NA	NA	NA	NA	NA	NA	NA	NA	NA	NA	NA	NA	NA	NA	NA	NA	NA	NA	NA	NA	NA	NA	NA	NA	NA	NA	NA
ACER3	946.253761767187	946.253761767187	946.253761767187	946.253761767187	946.253761767187	946.253761767187	946.253761767187	946.253761767187	946.253761767187	946.253761767187	946.253761767187	946.253761767187	946.253761767187	946.253761767187	946.253761767187	946.253761767187	946.253761767187	946.253761767187	946.253761767187	946.253761767187	946.253761767187	946.253761767187	946.253761767187	946.253761767187	946.253761767187	946.253761767187	946.253761767187	946.253761767187	946.253761767187	946.253761767187	946.253761767187	946.253761767187	946.253761767187	946.253761767187	946.253761767187	946.253761767187	946.253761767187	946.253761767187	946.253761767187	946.253761767187	946.253761767187	946.253761767187	946.253761767187	946.253761767187	946.253761767187	946.253761767187	946.253761767187	946.253761767187	946.253761767187	946.253761767187	946.253761767187	946.253761767187	946.253761767187	946.253761767187	946.253761767187	946.253761767187
CPXM1	1	1	1	1	1	1	1	1	1	1	1	1	1	1	1	1	1	1	1	1	1	1	1	1	1	1	1	1	1	1	1	1	1	1	1	1	1	1	1	1	1	1	1	1	1	1	1	1	1	1	1	1	1	1	1	1
SHANK3	NA	NA	NA	NA	NA	NA	NA	NA	NA	NA	NA	NA	NA	NA	NA	NA	NA	NA	NA	NA	NA	NA	NA	NA	NA	NA	NA	NA	NA	NA	NA	NA	NA	NA	NA	NA	NA	NA	NA	NA	NA	NA	NA	NA	NA	NA	NA	NA	NA	NA	NA	NA	NA	NA	NA	NA
S100A16	NA	NA	NA	NA	NA	NA	NA	NA	NA	NA	NA	NA	NA	NA	NA	NA	NA	NA	NA	NA	NA	NA	NA	NA	NA	NA	NA	NA	NA	NA	NA	NA	NA	NA	NA	NA	NA	NA	NA	NA	NA	NA	NA	NA	NA	NA	NA	NA	NA	NA	NA	NA	NA	NA	NA	NA
LINC00261	5206.5780801602	8447.5923093353	6916.65260859072	3084.52676206248	7970.11246743581	7418.20544357085	4341.61937455291	8220.07192395645	6674.51364545825	7743.53869888331	6920.68102418224	9216.72130718758	6569.72110026441	1620.77899320573	3327.25871417523	9361.27719646876	3713.34915404159	8875.67715392684	7858.53505277681	7549.50341616136	6991.46225715878	4098.74700091472	1752.07395218491	6721.46845480069	3080.49834647096	6018.96914243801	3582.05118145109	3225.69594989702	2779.30063933956	2885.31419268093	2733.56683814465	3155.30799503902	2523.85903357898	1544.41278294805	2891.93383484133	1999.8522425058	2754.49738951137	5381.56152003238	4802.55259206028	8702.95480974472	2059.17375535548	2659.7478461406	1963.04771317165	7694.60514746737	6728.08809696109	2838.35938333849	4313.89034490535	3907.38443676355	7163.41297629499	6615.45490145932	7061.85021201678	6590.65165163114	6640.45799754154	2139.55281589271	2477.38875121141	6313.54301333117
PAPPA	1	1	1	1	1	1	1	1	1	1	1	1	1	1	1	1	1	1	1	1	1	1	1	1	1	1	1	1	1	1	1	1	1	1	1	1	1	1	1	1	1	1	1	1	1	1	1	1	1	1	1	1	1	1	1	1
DDX60L	NA	NA	NA	NA	NA	NA	NA	NA	NA	NA	NA	NA	NA	NA	NA	NA	NA	NA	NA	NA	NA	NA	NA	NA	NA	NA	NA	NA	NA	NA	NA	NA	NA	NA	NA	NA	NA	NA	NA	NA	NA	NA	NA	NA	NA	NA	NA	NA	NA	NA	NA	NA	NA	NA	NA	NA
ALPK2	1	1	1	1	1	1	1	1	1	1	1	1	1	1	1	1	1	1	1	1	1	1	1	1	1	1	1	1	1	1	1	1	1	1	1	1	1	1	1	1	1	1	1	1	1	1	1	1	1	1	1	1	1	1	1	1
XAF1	1	1	1	1	1	1	1	1	1	1	1	1	1	1	1	1	1	1	1	1	1	1	1	1	1	1	1	1	1	1	1	1	1	1	1	1	1	1	1	1	1	1	1	1	1	1	1	1	1	1	1	1	1	1	1	1
RUNX1T1	NA	NA	NA	NA	NA	NA	NA	NA	NA	NA	NA	NA	NA	NA	NA	NA	NA	NA	NA	NA	NA	NA	NA	NA	NA	NA	NA	NA	NA	NA	NA	NA	NA	NA	NA	NA	NA	NA	NA	NA	NA	NA	NA	NA	NA	NA	NA	NA	NA	NA	NA	NA	NA	NA	NA	NA
ARL10	1	1	1	1	1	1	1	1	1	1	1	1	1	1	1	1	1	1	1	1	1	1	1	1	1	1	1	1	1	1	1	1	1	1	1	1	1	1	1	1	1	1	1	1	1	1	1	1	1	1	1	1	1	1	1	1
CMKLR1	188.052244451145	188.052244451145	188.052244451145	188.052244451145	188.052244451145	188.052244451145	188.052244451145	188.052244451145	188.052244451145	188.052244451145	188.052244451145	188.052244451145	188.052244451145	188.052244451145	188.052244451145	188.052244451145	188.052244451145	188.052244451145	188.052244451145	188.052244451145	188.052244451145	188.052244451145	188.052244451145	188.052244451145	188.052244451145	188.052244451145	188.052244451145	188.052244451145	188.052244451145	188.052244451145	188.052244451145	188.052244451145	188.052244451145	188.052244451145	188.052244451145	188.052244451145	188.052244451145	188.052244451145	188.052244451145	188.052244451145	188.052244451145	188.052244451145	188.052244451145	188.052244451145	188.052244451145	188.052244451145	188.052244451145	188.052244451145	188.052244451145	188.052244451145	188.052244451145	188.052244451145	188.052244451145	188.052244451145	188.052244451145	188.052244451145
EPB41L5	1	1	1	1	1	1	1	1	1	1	1	1	1	1	1	1	1	1	1	1	1	1	1	1	1	1	1	1	1	1	1	1	1	1	1	1	1	1	1	1	1	1	1	1	1	1	1	1	1	1	1	1	1	1	1	1
LINC00920	1	1	1	1	1	1	1	1	1	1	1	1	1	1	1	1	1	1	1	1	1	1	1	1	1	1	1	1	1	1	1	1	1	1	1	1	1	1	1	1	1	1	1	1	1	1	1	1	1	1	1	1	1	1	1	1
TWIST2	NA	NA	NA	NA	NA	NA	NA	NA	NA	NA	NA	NA	NA	NA	NA	NA	NA	NA	NA	NA	NA	NA	NA	NA	NA	NA	NA	NA	NA	NA	NA	NA	NA	NA	NA	NA	NA	NA	NA	NA	NA	NA	NA	NA	NA	NA	NA	NA	NA	NA	NA	NA	NA	NA	NA	NA
IFIT3	1	1	1	1	1	1	1	1	1	1	1	1	1	1	1	1	1	1	1	1	1	1	1	1	1	1	1	1	1	1	1	1	1	1	1	1	1	1	1	1	1	1	1	1	1	1	1	1	1	1	1	1	1	1	1	1
MS4A14	1	1	1	1	1	1	1	1	1	1	1	1	1	1	1	1	1	1	1	1	1	1	1	1	1	1	1	1	1	1	1	1	1	1	1	1	1	1	1	1	1	1	1	1	1	1	1	1	1	1	1	1	1	1	1	1
GBP5	NA	NA	NA	NA	NA	NA	NA	NA	NA	NA	NA	NA	NA	NA	NA	NA	NA	NA	NA	NA	NA	NA	NA	NA	NA	NA	NA	NA	NA	NA	NA	NA	NA	NA	NA	NA	NA	NA	NA	NA	NA	NA	NA	NA	NA	NA	NA	NA	NA	NA	NA	NA	NA	NA	NA	NA
TRIM13	372.438263149974	370.329084245857	379.555492707785	375.014620657295	378.949180324374	376.460778299347	374.953611175358	369.69276222214	370.821172023603	374.747518927701	379.965301803928	369.844153982637	374.035596445027	371.30985334851	380.951149984294	368.895818757486	374.60699663357	373.224055623078	370.896907014652	374.778253521279	371.870051167309	377.692379555332	375.445097562837	371.04550909095	370.004272231565	371.358773315591	371.788694893158	375.652687571397	376.631711783665	374.725060604167	369.813429524477	371.946175372227	376.364610054072	373.487142293679	379.886860846337	370.512909883856	382.048948755185	375.657439222494	374.525319342234	373.238755799929	378.291308086073	379.309470681703	372.662600217321	378.596918188493	377.719830486839	377.274530348865	379.908399212443	377.52914329809	381.664070221636	380.946183296644	375.912052171719	378.429887968894	375.561574097968	371.430520650848	369.741682189221	379.993786178153
THSD7A	NA	NA	NA	NA	NA	NA	NA	NA	NA	NA	NA	NA	NA	NA	NA	NA	NA	NA	NA	NA	NA	NA	NA	NA	NA	NA	NA	NA	NA	NA	NA	NA	NA	NA	NA	NA	NA	NA	NA	NA	NA	NA	NA	NA	NA	NA	NA	NA	NA	NA	NA	NA	NA	NA	NA	NA
AC006026.13	157.783360523616	117.83185769678	150.845153117371	187.349524798499	138.054842872614	125.948137022864	79.1601788874589	143.02247236229	159.672809287197	198.887343385393	127.683400023631	138.80534371729	130.232162117533	173.252430803733	134.979412230197	87.2175547349292	143.718921970191	124.616174084112	163.954552116795	140.696020244927	150.344371226395	128.765100180858	144.087992060628	167.878586732953	146.88249904244	142.25931239451	123.310660400312	101.733857424506	116.831020779152	151.595653962046	148.97129067922	187.475060564605	137.406484328869	171.742251395749	127.90571000017	151.164241872038	149.333094832085	111.460081046691	144.993050278859	148.536780121969	131.297681815872	161.761600923977	131.916869197725	185.069767751856	127.838928827461	207.071728083356	111.54568356658	155.088276488196	161.768904308986	140.629239072218	103.040641174515	103.915174768289	122.18910198544	119.126558952968	114.893089778875	133.208368772077
CD84	295.545340997467	295.545340997467	295.545340997467	295.545340997467	295.545340997467	295.545340997467	295.545340997467	295.545340997467	295.545340997467	295.545340997467	295.545340997467	295.545340997467	295.545340997467	295.545340997467	295.545340997467	295.545340997467	295.545340997467	295.545340997467	295.545340997467	295.545340997467	295.545340997467	295.545340997467	295.545340997467	295.545340997467	295.545340997467	295.545340997467	295.545340997467	295.545340997467	295.545340997467	295.545340997467	295.545340997467	295.545340997467	295.545340997467	295.545340997467	295.545340997467	295.545340997467	295.545340997467	295.545340997467	295.545340997467	295.545340997467	295.545340997467	295.545340997467	295.545340997467	295.545340997467	295.545340997467	295.545340997467	295.545340997467	295.545340997467	295.545340997467	295.545340997467	295.545340997467	295.545340997467	295.545340997467	295.545340997467	295.545340997467	295.545340997467
PDZD8	1134.3476506019	1134.3476506019	1134.3476506019	1134.3476506019	1134.3476506019	1134.3476506019	1134.3476506019	1134.3476506019	1134.3476506019	1134.3476506019	1134.3476506019	1134.3476506019	1134.3476506019	1134.3476506019	1134.3476506019	1134.3476506019	1134.3476506019	1134.3476506019	1134.3476506019	1134.3476506019	1134.3476506019	1134.3476506019	1134.3476506019	1134.3476506019	1134.3476506019	1134.3476506019	1134.3476506019	1134.3476506019	1134.3476506019	1134.3476506019	1134.3476506019	1134.3476506019	1134.3476506019	1134.3476506019	1134.3476506019	1134.3476506019	1134.3476506019	1134.3476506019	1134.3476506019	1134.3476506019	1134.3476506019	1134.3476506019	1134.3476506019	1134.3476506019	1134.3476506019	1134.3476506019	1134.3476506019	1134.3476506019	1134.3476506019	1134.3476506019	1134.3476506019	1134.3476506019	1134.3476506019	1134.3476506019	1134.3476506019	1134.3476506019
FPR3	NA	NA	NA	NA	NA	NA	NA	NA	NA	NA	NA	NA	NA	NA	NA	NA	NA	NA	NA	NA	NA	NA	NA	NA	NA	NA	NA	NA	NA	NA	NA	NA	NA	NA	NA	NA	NA	NA	NA	NA	NA	NA	NA	NA	NA	NA	NA	NA	NA	NA	NA	NA	NA	NA	NA	NA
FRMD3	2290.96514014431	4382.24675348969	3899.35929089361	1820.22587459237	4155.76524783197	3955.82979560795	3134.58275287579	2394.12061821959	4052.35885165407	4216.94296915026	3817.8986250924	4024.45561123707	4206.40223838006	2154.83722443056	3939.38077447661	4935.38203864022	2063.6566232071	4338.18493376619	4253.13395766282	4285.43687879781	3808.92810303935	2035.75338279009	1727.51797126668	3359.53959027453	2008.24744762461	4148.61580622329	1967.12756716097	1820.71663315923	2217.70000993309	1185.44630810528	1663.05760929475	2198.08088862355	1081.87970250558	957.977581746264	1950.67854602964	1829.19639664542	1552.61419076828	3996.94967607159	4528.64837230075	2264.43172921585	1363.61903123684	2159.91357777631	1123.85745926258	4643.16179117302	4713.49325058163	3494.33141165507	2132.69104702162	2576.95143167823	2702.37609984141	4143.53945287753	3809.41886160621	4186.78311707053	2846.64814655095	1910.65706244663	1411.0812032545	4121.3932754686
SH3PXD2B	1	1	1	1	1	1	1	1	1	1	1	1	1	1	1	1	1	1	1	1	1	1	1	1	1	1	1	1	1	1	1	1	1	1	1	1	1	1	1	1	1	1	1	1	1	1	1	1	1	1	1	1	1	1	1	1
MASP1	NA	NA	NA	NA	NA	NA	NA	NA	NA	NA	NA	NA	NA	NA	NA	NA	NA	NA	NA	NA	NA	NA	NA	NA	NA	NA	NA	NA	NA	NA	NA	NA	NA	NA	NA	NA	NA	NA	NA	NA	NA	NA	NA	NA	NA	NA	NA	NA	NA	NA	NA	NA	NA	NA	NA	NA
KIF26A	NA	NA	NA	NA	NA	NA	NA	NA	NA	NA	NA	NA	NA	NA	NA	NA	NA	NA	NA	NA	NA	NA	NA	NA	NA	NA	NA	NA	NA	NA	NA	NA	NA	NA	NA	NA	NA	NA	NA	NA	NA	NA	NA	NA	NA	NA	NA	NA	NA	NA	NA	NA	NA	NA	NA	NA
PARD6B	1	1	1	1	1	1	1	1	1	1	1	1	1	1	1	1	1	1	1	1	1	1	1	1	1	1	1	1	1	1	1	1	1	1	1	1	1	1	1	1	1	1	1	1	1	1	1	1	1	1	1	1	1	1	1	1
ITGA8	NA	NA	NA	NA	NA	NA	NA	NA	NA	NA	NA	NA	NA	NA	NA	NA	NA	NA	NA	NA	NA	NA	NA	NA	NA	NA	NA	NA	NA	NA	NA	NA	NA	NA	NA	NA	NA	NA	NA	NA	NA	NA	NA	NA	NA	NA	NA	NA	NA	NA	NA	NA	NA	NA	NA	NA
TNFSF8	NA	NA	NA	NA	NA	NA	NA	NA	NA	NA	NA	NA	NA	NA	NA	NA	NA	NA	NA	NA	NA	NA	NA	NA	NA	NA	NA	NA	NA	NA	NA	NA	NA	NA	NA	NA	NA	NA	NA	NA	NA	NA	NA	NA	NA	NA	NA	NA	NA	NA	NA	NA	NA	NA	NA	NA
AF070581	NA	NA	NA	NA	NA	NA	NA	NA	NA	NA	NA	NA	NA	NA	NA	NA	NA	NA	NA	NA	NA	NA	NA	NA	NA	NA	NA	NA	NA	NA	NA	NA	NA	NA	NA	NA	NA	NA	NA	NA	NA	NA	NA	NA	NA	NA	NA	NA	NA	NA	NA	NA	NA	NA	NA	NA
SDR16C5	NA	NA	NA	NA	NA	NA	NA	NA	NA	NA	NA	NA	NA	NA	NA	NA	NA	NA	NA	NA	NA	NA	NA	NA	NA	NA	NA	NA	NA	NA	NA	NA	NA	NA	NA	NA	NA	NA	NA	NA	NA	NA	NA	NA	NA	NA	NA	NA	NA	NA	NA	NA	NA	NA	NA	NA
SLC19A3	NA	NA	NA	NA	NA	NA	NA	NA	NA	NA	NA	NA	NA	NA	NA	NA	NA	NA	NA	NA	NA	NA	NA	NA	NA	NA	NA	NA	NA	NA	NA	NA	NA	NA	NA	NA	NA	NA	NA	NA	NA	NA	NA	NA	NA	NA	NA	NA	NA	NA	NA	NA	NA	NA	NA	NA
FFAR4	939.442104279877	1296.97275106918	1145.87918657986	1098.22716169951	1183.74102856487	1251.78353820959	1105.23538378125	1288.67700851002	834.059791264644	1294.09275318217	1239.37999887714	1066.19637797755	1183.23604199355	565.534029489275	925.494398134336	1379.90997799514	818.108459973377	1340.92840402403	1102.77008400726	1249.0953428415	1256.35171605834	623.133622123995	696.345246316868	992.584878454577	584.094616320292	1144.54787026332	766.993581184239	495.763498403679	656.360306651451	616.125400042247	757.278237219878	620.668322350003	511.580571081061	705.111706404136	462.926503043449	596.512450164189	581.380149462945	1178.44700797413	1421.0125579095	701.639266907607	606.967461808696	590.567270682794	456.809034594985	1298.8711648973	662.446108606058	813.204418209772	824.453313038405	663.777424922597	701.134280336286	1078.61421182145	1022.9399476107	1187.2134680614	1089.06922346596	581.940765867806	484.293579006867	1138.46206830871
LOC643733	679.577179492089	863.212171951725	760.538697234161	711.408499054801	782.776823035083	832.968918315064	726.786183498127	704.397747985905	728.477918004106	776.570786939214	690.796096250708	484.153338041827	482.461603535848	374.563012027167	493.493074421782	672.639178249094	681.262470622667	793.146061407274	389.20191549689	549.676851870568	439.867396524289	441.627694536186	457.478610167845	737.817654384061	467.083919092522	670.887981217885	469.276221389566	428.314598286816	416.448877696008	391.9936569208	701.803190130123	552.457379069063	378.198909651234	409.243205690531	563.221727391522	435.25259952981	820.887498132261	713.600801351845	868.185159421595	611.243111833346	460.073168023626	665.746445128156	381.946341698432	685.952274498465	426.563401255606	684.191976486568	446.471516288429	436.516258497076	863.633804115037	516.214117271882	715.403780688136	553.091146542526	619.160538629954	405.079212304337	471.079200725857	800.162977682536
LOC344887	461.557929994032	807.035945807588	547.921978356558	618.095455598746	798.850215059291	715.053420020202	329.18945959833	566.773334433916	475.994112810533	810.905263284735	710.356315770029	504.75328043617	824.55617467883	527.13409437252	782.09976858994	764.564995140521	486.781421668799	697.879858865006	716.604512379363	787.173118214761	842.031668958445	362.38064623248	318.951945278748	687.277166791205	509.948281612975	733.709416970998	425.72837188804	758.932908645765	417.706579794596	442.901933043237	627.58146891257	565.162906853424	297.728695004514	494.118993013447	682.686883441409	474.101982641509	410.535396464444	748.145599787499	689.858066771562	329.617570607807	316.108219966793	377.070374295491	291.251627686714	783.381834730936	313.386774047197	508.071587206238	444.453025402397	438.204828793063	372.90547621522	766.270479990412	634.532133209445	746.253469618475	601.340946575295	347.869970620143	415.12567981424	780.906056387208
SCNN1G	NA	NA	NA	NA	NA	NA	NA	NA	NA	NA	NA	NA	NA	NA	NA	NA	NA	NA	NA	NA	NA	NA	NA	NA	NA	NA	NA	NA	NA	NA	NA	NA	NA	NA	NA	NA	NA	NA	NA	NA	NA	NA	NA	NA	NA	NA	NA	NA	NA	NA	NA	NA	NA	NA	NA	NA
AL132709.8	NA	NA	NA	NA	NA	NA	NA	NA	NA	NA	NA	NA	NA	NA	NA	NA	NA	NA	NA	NA	NA	NA	NA	NA	NA	NA	NA	NA	NA	NA	NA	NA	NA	NA	NA	NA	NA	NA	NA	NA	NA	NA	NA	NA	NA	NA	NA	NA	NA	NA	NA	NA	NA	NA	NA	NA
GAS2L1	244.800658060207	244.800658060207	244.800658060207	244.800658060207	244.800658060207	244.800658060207	244.800658060207	244.800658060207	244.800658060207	244.800658060207	244.800658060207	244.800658060207	244.800658060207	244.800658060207	244.800658060207	244.800658060207	244.800658060207	244.800658060207	244.800658060207	244.800658060207	244.800658060207	244.800658060207	244.800658060207	244.800658060207	244.800658060207	244.800658060207	244.800658060207	244.800658060207	244.800658060207	244.800658060207	244.800658060207	244.800658060207	244.800658060207	244.800658060207	244.800658060207	244.800658060207	244.800658060207	244.800658060207	244.800658060207	244.800658060207	244.800658060207	244.800658060207	244.800658060207	244.800658060207	244.800658060207	244.800658060207	244.800658060207	244.800658060207	244.800658060207	244.800658060207	244.800658060207	244.800658060207	244.800658060207	244.800658060207	244.800658060207	244.800658060207
CELSR3	1	1	1	1	1	1	1	1	1	1	1	1	1	1	1	1	1	1	1	1	1	1	1	1	1	1	1	1	1	1	1	1	1	1	1	1	1	1	1	1	1	1	1	1	1	1	1	1	1	1	1	1	1	1	1	1
PI3	NA	NA	NA	NA	NA	NA	NA	NA	NA	NA	NA	NA	NA	NA	NA	NA	NA	NA	NA	NA	NA	NA	NA	NA	NA	NA	NA	NA	NA	NA	NA	NA	NA	NA	NA	NA	NA	NA	NA	NA	NA	NA	NA	NA	NA	NA	NA	NA	NA	NA	NA	NA	NA	NA	NA	NA
DENND2A	2827.69701419426	3588.3522469543	3031.09733277141	1253.45060196853	1917.34610067708	1773.70574734452	2979.45010577353	2679.15381472383	2577.64517862124	2716.52341624385	2657.16480440399	2197.185609362	2718.49240963624	1547.36613578378	1837.46155219799	2931.61309453028	1545.39714239139	3433.04880425397	2635.05548987173	1810.56287363498	2715.10523061115	1656.5707403418	1508.02754087137	2568.62206774717	1483.29742823226	1528.49679255558	1477.6897008284	1747.92545175445	1463.92921601926	1557.66494198974	1323.07443076954	1303.47474100751	1214.79597134088	1947.94987184003	1410.22625533864	1385.72573916833	2728.79121584221	3243.35521069696	2872.67982574613	2699.62306640804	1292.47159911016	1397.4957938947	1246.09969924937	2974.33824476829	2881.38000956303	1543.97895675869	1507.91545568777	1486.03853055153	1710.25373571056	2654.42370208472	2648.81597468086	2679.04172954024	2426.04908649077	1371.05637176688	1406.51890476877	2976.13574910547
