id	logFC	AveExpr	t	P.Value	adj.P.Val	B
GPX8	-0.816569105691076	7.12482142857143	-3.77278959316046	0.000386176035671482	0.951418822119557	-1.91072696661141
RNF128	0.488520325203231	9.125	3.51237378289538	0.000876352623734789	0.951418822119557	-2.25824785933893
KCNJ16	-0.55463414634147	3.07392857142857	-3.30834651450519	0.00162943779306621	0.951418822119557	-2.52269310803766
RNF39	0.430211382113807	5.50964285714286	3.28494506735321	0.00174730970661007	0.951418822119557	-2.5525297982423
SNHG11	0.385528455284541	7.16892857142857	3.26161694931815	0.00187278733506863	0.951418822119557	-2.58216580700029
RSAD2	-1.11250406504066	5.85482142857143	-3.17191581641159	0.00243883265425676	0.951418822119557	-2.69509500061207
EIF3C	0.366308943089406	11.1928571428571	3.12962677951614	0.00275821301862903	0.951418822119557	-2.74775043508581
PARP9	-0.471609756097581	7.85071428571429	-3.12901152778457	0.00276313670789483	0.951418822119557	-2.74851366465666
FCGR1A	-0.72747967479676	5.84071428571429	-3.10190029084592	0.00298846312909564	0.951418822119557	-2.78206355305495
TRIM69	-0.533186991869934	7.82696428571429	-3.08943307466681	0.0030977557504664	0.951418822119557	-2.79743732535151
FKBP5	-0.393544715447174	8.68053571428571	-3.07421735055644	0.00323621049265168	0.951418822119557	-2.81615353316257
OASL	-0.645593495934978	6.27	-2.99034051343694	0.00410909223502906	0.951418822119557	-2.91838192221112
RIMS3	-0.638146341463429	5.96678571428571	-2.98962289665133	0.00411742806957673	0.951418822119557	-2.91924951216108
USP18	-0.571902439024405	5.97928571428571	-2.98109724924349	0.00421767428433786	0.951418822119557	-2.92954762062957
GPR161	-0.496487804878064	6.0425	-2.92342458442981	0.00495776087558996	0.951418822119557	-2.9987542938704
STAT2	-0.430926829268309	8.8125	-2.9100318883828	0.00514606629499976	0.951418822119557	-3.01471004952489
SGK1	-0.692975609756122	9.20464285714286	-2.90933954199445	0.00515597896271138	0.951418822119557	-3.01553369787697
ADAP2	-0.361056910569127	6.70232142857143	-2.89783391217112	0.00532332475185253	0.951418822119557	-3.02920403091561
NNT-AS1	0.532796747967468	6.02875	2.8964600045475	0.00534364086226006	0.951418822119557	-3.03083424121807
C9orf3	-0.392243902439045	8.70482142857143	-2.89132566452631	0.00542020058940301	0.951418822119557	-3.03692224730351
UPP1	-0.504113821138229	6.84625	-2.86932503534843	0.0057599055050973	0.951418822119557	-3.0629348859361
GRB7	0.495382113821123	6.82535714285714	2.86767265905549	0.00578619883488757	0.951418822119557	-3.0648836887801
AKR1B10	-1.0207967479675	8.30196428571429	-2.84686377938952	0.00612696239664422	0.951418822119557	-3.08936651155953
GPSM1	-0.394422764227656	7.05589285714286	-2.84571494432271	0.00614630547792072	0.951418822119557	-3.09071498084471
GGT7	0.367999999999983	6.93142857142857	2.84553356034108	0.00614936461691892	0.951418822119557	-3.09092785337507
GALNT10	-0.411869918699206	7.08178571428571	-2.82445834807155	0.00651454293118815	0.951418822119557	-3.1156044814933
SCNN1G	-0.984601626016274	4.38446428571429	-2.82148927289951	0.00656756892958794	0.951418822119557	-3.11907175848786
GAS2L1	-0.356943089430905	6.99	-2.8149537223641	0.00668569657521994	0.951418822119557	-3.12669593715368
PIK3AP1	-0.582569105691078	7.85214285714286	-2.7896057298009	0.00716263572646895	0.951418822119557	-3.15616121290298
IRF7	-0.430260162601645	7.80232142857143	-2.78052275264552	0.00734103182271232	0.951418822119557	-3.16667864928923
NEU1	0.502390243902415	8.63982142857143	2.7761667550129	0.00742803025445427	0.951418822119557	-3.171714877301
FAM122B	0.512357723577223	8.07178571428571	2.77326548707074	0.0074865001840056	0.951418822119557	-3.17506642685397
MICALL2	-0.390130081300827	7.53303571428571	-2.76752269902383	0.00760348683568983	0.951418822119557	-3.18169393908075
FCER1G	-0.613414634146359	8.03089285714286	-2.76041170953596	0.00775067535200982	0.951418822119557	-3.18988831349498
SLC1A1	-0.664081300813029	7.91446428571429	-2.75179546689922	0.0079325302180789	0.951418822119557	-3.19979923554271
PARD6B	0.475626016260145	6.60089285714286	2.74856622455783	0.00800169129166475	0.951418822119557	-3.20350859743877
ANKH	0.43027642276421	9.53035714285714	2.71589844400618	0.00873315647441394	0.951418822119557	-3.24087564295714
S100A16	-0.357154471544741	10.6851785714286	-2.71558684796495	0.00874041965086953	0.951418822119557	-3.24123067158847
TSPAN6	0.460065040650392	10.3575	2.71447951234603	0.00876627604091016	0.951418822119557	-3.24249214213526
MASP1	-0.506113821138223	5.37678571428571	-2.70990836797464	0.00887375681229492	0.951418822119557	-3.24769602868801
GM2A	-0.365040650406518	8.65607142857143	-2.70863349009071	0.00890394759299488	0.951418822119557	-3.24914636008713
FFAR4	-0.985642276422778	5.67303571428571	-2.70761417936988	0.00892815391627824	0.951418822119557	-3.25030563296518
PRCP	-0.36004878048783	9.05839285714286	-2.70315387160012	0.00903478723309401	0.951418822119557	-3.25537504803215
LHFPL2	-0.375495934959373	7.60375	-2.69928376800753	0.00912825476368678	0.951418822119557	-3.25976924690974
CMIP	-0.379837398374005	7.81857142857143	-2.69566335201799	0.00921649321192641	0.951418822119557	-3.26387622608565
LAMA2	-0.512585365853673	6.02071428571429	-2.69417752499516	0.00925293205899769	0.951418822119557	-3.26556069777492
CTSL	-0.505203252032546	8.81678571428571	-2.68785278555141	0.00940952265040484	0.951418822119557	-3.27272421357985
TNFSF8	-0.487121951219527	5.10535714285714	-2.67532901206503	0.00972677140296762	0.951418822119557	-3.2868762831582
FMO1	-0.604162601626028	4.735	-2.67456128759137	0.0097465339160638	0.951418822119557	-3.28774241134241
TFEC	-0.637447154471558	4.18196428571429	-2.66839000486647	0.0099067321977326	0.951418822119557	-3.29469875471756
TOX3	0.479333333333317	9.32160714285714	2.66542950053278	0.0099844343179554	0.951418822119557	-3.29803210908496
MS4A7	-0.551788617886196	7.64267857142857	-2.65809752341585	0.0101792755077118	0.951418822119557	-3.30627695858091
CYP2B6	0.849821138211369	6.97285714285714	2.65488636407907	0.0102656983782077	0.951418822119557	-3.30988319240413
MRGPRF	-0.635040650406518	6.75839285714286	-2.64975469315647	0.0104052009042542	0.951418822119557	-3.31564022172095
ASPHD2	-0.466731707317082	6.64428571428571	-2.6478528209864	0.0104573407676501	0.951418822119557	-3.31777198310427
FUT11	-0.430325203252051	6.71160714285714	-2.63397435763575	0.0108450992930496	0.951418822119557	-3.3332971647753
EPOR	0.359967479674777	7.56821428571429	2.62635410977368	0.0110635416167098	0.951418822119557	-3.34179841877206
IFI35	-0.368731707317083	7.80803571428571	-2.62135311580353	0.0112090728142068	0.951418822119557	-3.3473686376581
LRRC17	-0.58099186991871	4.88196428571429	-2.62130058111534	0.0112106108160922	0.951418822119557	-3.34742711421009
STOM	-0.482422764227662	8.66946428571429	-2.61447263198016	0.0114121501780529	0.951418822119557	-3.35502063520932
EMP1	-0.5766666666667	9.38446428571429	-2.58455759666998	0.012334625147183	0.951418822119557	-3.38813232933606
RP4-710M16.1	0.353626016260143	7.13357142857143	2.58136359713011	0.0124370207389407	0.951418822119557	-3.39165238540984
GAS2	0.776666666666662	4.21196428571429	2.58010094568457	0.012477712401006	0.951418822119557	-3.39304311783832
MUC1	-0.431691056910596	10.0566071428571	-2.57916396345973	0.0125079868435742	0.951418822119557	-3.39407484679196
COL7A1	-0.685983739837418	6.88642857142857	-2.57370001854778	0.0126858635823309	0.951418822119557	-3.4000862209982
CEACAM8	0.371414634146334	2.91392857142857	2.56620877195651	0.012933473855024	0.951418822119557	-3.40831388607835
PRKAR2B	-0.661447154471559	7.02839285714286	-2.5653087733593	0.0129635151851372	0.951418822119557	-3.40930125655457
MTCL1	-0.573756097560992	6.70392857142857	-2.56217141992515	0.013068733865923	0.951418822119557	-3.41274133368621
MS4A14	-0.509414634146354	4.98303571428571	-2.56092546635967	0.0131107345321248	0.951418822119557	-3.41410671093238
CMPK2	-0.742406504065062	6.79178571428571	-2.55965262152101	0.0131537681671522	0.951418822119557	-3.41550108777293
LOC643733	-0.635268292682942	5.29089285714286	-2.55930803353922	0.0131654403777637	0.951418822119557	-3.41587849562539
KCNJ8	-0.54673170731709	5.33571428571429	-2.55712805474261	0.0132395007684835	0.951418822119557	-3.418265297681
ARL4C	-0.573300813008154	7.37892857142857	-2.55559556040956	0.0132917902439472	0.951418822119557	-3.41994235189535
MST4	0.437235772357699	8.44678571428571	2.55262756763199	0.0133935927991863	0.951418822119557	-3.4231883549156
GAMT	0.35373983739836	7.85232142857143	2.55086615048067	0.0134543435574148	0.951418822119557	-3.42511353956692
FNDC3B	-0.403382113821158	9.44	-2.5441166681678	0.0136894516113503	0.951418822119557	-3.43248210279028
MSH5-SAPCD1	0.408341463414624	5.58696428571429	2.53515067063092	0.0140075275809021	0.951418822119557	-3.4422497017071
LINC00920	0.510048780487795	4.86142857142857	2.53393008882936	0.0140513426659366	0.951418822119557	-3.44357757045939
SLC19A3	0.413512195121944	4.43875	2.51964274121436	0.0145735237926786	0.951418822119557	-3.45908786542897
WARS	-0.440048780487825	9.42982142857143	-2.51719379305025	0.0146647720463913	0.951418822119557	-3.46174033566786
COL16A1	-0.596325203252046	7.26607142857143	-2.51389167002722	0.0147886280897954	0.951418822119557	-3.46531405014744
RGL1	-0.44941463414636	7.37696428571429	-2.51292281851566	0.0148251468809839	0.951418822119557	-3.46636196907371
FCGR1B	-0.61964227642278	5.835	-2.51214614756551	0.0148544807114037	0.951418822119557	-3.46720182099547
COL6A3	-0.645853658536609	10.7671428571429	-2.49605013484985	0.0154743401464842	0.951418822119557	-3.48456650668686
FAM65C	-0.454325203252049	5.85803571428571	-2.49569967677644	0.0154880925024489	0.951418822119557	-3.48494372131817
FAM20A	-0.430747967479687	4.14196428571429	-2.48926691255839	0.0157424898307029	0.951418822119557	-3.49186103054285
LOC283177	0.466113821138192	6.64392857142857	2.48277606695129	0.016003001789585	0.951418822119557	-3.49882812254359
GSN	-0.633853658536605	9.43392857142857	-2.48018410214827	0.0161081133801376	0.951418822119557	-3.50160670016004
SNX24	-0.492097560975631	6.35571428571429	-2.47479558439452	0.016328628943681	0.951418822119557	-3.50737664788541
HLX	-0.457154471544729	5.98196428571429	-2.47399929877144	0.0163614453941088	0.951418822119557	-3.50822855088505
KIT	-0.692243902439041	6.79517857142857	-2.46379645400115	0.0167872181409186	0.951418822119557	-3.51912693294702
ADAMTS2	-0.948504065040674	6.88089285714286	-2.4576755763597	0.0170474132106085	0.951418822119557	-3.52564982242917
IFIT1	-0.878536585365877	6.65678571428571	-2.453487517119	0.0172275321238415	0.951418822119557	-3.53010633751726
AGPAT4	-0.471560975609771	4.87875	-2.45046160157113	0.0173587340827539	0.951418822119557	-3.53332286636401
CTSE	-1.00858536585368	7.70357142857143	-2.44849784773915	0.0174443618417873	0.951418822119557	-3.53540881894435
CCR2	-0.657723577235787	5.76178571428571	-2.43638303055478	0.017981074411782	0.951418822119557	-3.54825124247538
RBM26-AS1	0.360747967479666	5.49678571428571	2.4347584087455	0.0180541665665769	0.951418822119557	-3.54996999291885
CD163	-0.680731707317092	7.70160714285714	-2.4301108641161	0.0182647378977874	0.951418822119557	-3.55488230021435
GCH1	-0.376504065040674	8.97767857142857	-2.42792951588865	0.0183643294918616	0.951418822119557	-3.55718560843843
ZNF93	0.385642276422747	6.74767857142857	2.42514707336689	0.0184920725726429	0.951418822119557	-3.56012147582605
PLAG1	0.405756097560964	3.72107142857143	2.42258479719368	0.0186104130340979	0.951418822119557	-3.56282291014592
JAG1	-0.462991869918724	9.86035714285714	-2.41876829956022	0.0187879416678589	0.951418822119557	-3.56684289775758
C1QC	-0.404065040650432	8.6675	-2.41800370645189	0.0188236898348744	0.951418822119557	-3.56764771264919
TICAM2	-0.387804878048795	6.52607142857143	-2.41021082222268	0.0191915396663625	0.951418822119557	-3.57584014745825
FAM201A	0.373154471544708	3.36053571428571	2.40818010432105	0.0192884494834523	0.951418822119557	-3.57797186769826
TYROBP	-0.518959349593525	7.89071428571429	-2.4032894861667	0.0195236430699293	0.951418822119557	-3.5831004353214
SLC16A9	-0.752243902439046	7.17125	-2.40272406722108	0.0195509996645039	0.951418822119557	-3.58369288110785
GBP5	-0.508585365853674	6.02964285714286	-2.40157784102551	0.0196065628582213	0.951418822119557	-3.58489358895381
CPXM1	-0.597382113821152	5.74196428571429	-2.39399841848074	0.0199775507900622	0.951418822119557	-3.59282288955583
EPB41L5	0.393512195121938	6.85410714285714	2.39129242664388	0.0201115160413241	0.951418822119557	-3.59564941818579
COL1A2	-0.626894308943118	11.8103571428571	-2.38425090634555	0.0204638985887049	0.951418822119557	-3.60299378111727
HPSE	-0.520634146341481	6.54482142857143	-2.38258626548648	0.0205480066561443	0.951418822119557	-3.60472772733589
KDELR3	-0.425707317073197	9.43232142857143	-2.3792661200441	0.020716685687576	0.951418822119557	-3.60818348625498
LIPA	-0.366991869918722	9.70464285714286	-2.37413226231434	0.0209799495814427	0.951418822119557	-3.61352016763374
PI3	-0.808520325203284	10.7507142857143	-2.36830261957628	0.0212825179199337	0.951418822119557	-3.61956998278187
C4A	-0.515577235772378	7.94785714285714	-2.3681928069381	0.0212882546243604	0.951418822119557	-3.6196838391639
SH3BP5	-0.518016260162625	7.61607142857143	-2.36139185282385	0.0216462470200206	0.951418822119557	-3.6267277511153
BLVRA	-0.409902439024413	7.55589285714286	-2.36056266451941	0.021690260139609	0.951418822119557	-3.62758555334146
ANTXR2	-0.450081300813029	8.49714285714286	-2.35975856837656	0.0217330177090286	0.951418822119557	-3.62841718802233
AZGP1	1.06263414634145	6.48	2.35789237303107	0.0218325423554763	0.951418822119557	-3.63034650119585
LOC101929880	0.603073170731683	8.76553571428571	2.35194867025264	0.022152239680286	0.951418822119557	-3.63648381301806
AIF1	-0.406000000000022	8.98875	-2.34748057475759	0.0223953123590507	0.951418822119557	-3.6410900059906
SHANK3	-0.494536585365869	5.70392857142857	-2.33947795631065	0.0228366241262891	0.951418822119557	-3.64932395303774
SLC18A1	-0.542097560975622	4.17910714285714	-2.338742398131	0.0228775737442402	0.951418822119557	-3.65007974063475
NFATC1	-0.356731707317088	6.15482142857143	-2.33741131981164	0.0229518433201659	0.951418822119557	-3.65144698370119
TNFSF13B	-0.590601626016282	7.39892857142857	-2.33002731353559	0.0233677619833685	0.951418822119557	-3.65902123932993
OAS2	-0.56562601626018	6.56321428571429	-2.32705210252214	0.0235372357115149	0.951418822119557	-3.6620681321963
SAMD9L	-0.572536585365864	7.05482142857143	-2.32211765726649	0.0238207256164598	0.951418822119557	-3.66711515070611
AHNAK	-0.481512195121971	9.61946428571428	-2.32163909792768	0.0238483804939444	0.951418822119557	-3.66760420834756
CD274	-0.550991869918715	5.83392857142857	-2.32051176727109	0.0239136394213762	0.951418822119557	-3.66875597621733
APOE	-0.468699186991881	7.74017857142857	-2.31823580080452	0.0240458752027153	0.951418822119557	-3.67108002302856
HERC6	-0.51549593495937	6.72125	-2.31456872189366	0.0242603052273715	0.951418822119557	-3.67482103289469
ITLN1	-1.69934959349597	9.9325	-2.3119196918906	0.0244162621925903	0.951418822119557	-3.67752075071506
ERG	-0.551414634146354	5.21428571428571	-2.30948285642322	0.0245605133910905	0.951418822119557	-3.68000219774944
MUC5AC	-0.652634146341479	6.21017857142857	-2.30805842731918	0.024645184604315	0.951418822119557	-3.68145180865827
PDGFRL	-0.615024390243916	5.14571428571429	-2.30369630183208	0.0249060956330342	0.951418822119557	-3.68588693604553
AL132709.8	-0.390455284552853	3.89946428571429	-2.30331764504519	0.0249288595588378	0.951418822119557	-3.68627163698433
MAFB	-0.58547967479676	8.37267857142857	-2.30253161377587	0.024976172891663	0.951418822119557	-3.68707006551044
NREP	-0.418000000000019	8.81196428571429	-2.30212322408425	0.0250007864528176	0.951418822119557	-3.68748481666726
RP3-508I15.21	-0.385626016260175	5.315	-2.29697606563714	0.0253128575382064	0.951418822119557	-3.69270747942451
LYPLA1	0.421252032520304	9.75375	2.29357524454586	0.0255209423063504	0.951418822119557	-3.69615343167142
SDR16C5	-0.841154471544737	7.11482142857143	-2.29232730959459	0.0255976793536347	0.951418822119557	-3.69741697721818
CD14	-0.457609756097575	8.60696428571429	-2.29223811169053	0.0256031720786533	0.951418822119557	-3.69750727136155
PCDH17	-0.48676422764229	6.54428571428571	-2.28500879866416	0.0260518405536446	0.951418822119557	-3.70481675032909
LOC728613	0.62434146341461	8.38910714285714	2.28031221201944	0.0263470472254343	0.951418822119557	-3.70955621170498
FMR1	0.427772357723562	8.64785714285714	2.2778057538823	0.0265058031018966	0.951418822119557	-3.71208257816885
KIF26A	-0.36756097560977	6.04089285714286	-2.2770987548219	0.0265507366244279	0.951418822119557	-3.71279481829643
IFIT5	-0.382130081300828	7.29089285714286	-2.27313233296693	0.0268040780950673	0.951418822119557	-3.71678758531362
CLEC11A	-0.4408292682927	6.29125	-2.26865814722738	0.0270924205771161	0.951418822119557	-3.72128525055413
PILRA	-0.4098536585366	5.49392857142857	-2.26682414630571	0.0272114060890503	0.951418822119557	-3.72312696226078
TRPS1	-0.416878048780504	6.77678571428571	-2.26659884684475	0.0272260548460283	0.951418822119557	-3.72335313215277
CCR1	-0.566520325203267	6.81589285714286	-2.26614102987117	0.0272558431896663	0.951418822119557	-3.72381266608445
FRMD3	-0.938016260162621	7.30857142857143	-2.2656606826974	0.0272871285129674	0.951418822119557	-3.72429474007321
CCNYL1	-0.353886178861811	7.54357142857143	-2.2639331885899	0.0273999043432482	0.951418822119557	-3.72602781248191
FAM111B	0.355382113821128	5.58285714285714	2.26124023041935	0.0275765317264051	0.951418822119557	-3.72872749300381
ELOVL7	-0.407252032520344	7.8525	-2.26115260704862	0.0275822957154751	0.951418822119557	-3.72881529468935
KCNH8	0.453382113821132	3.84660714285714	2.25995159020065	0.027661407862438	0.951418822119557	-3.7300184987555
THSD7A	-0.383756097560989	4.82303571428571	-2.2548409367169	0.0280003017398501	0.951418822119557	-3.73513310137459
PTGFR	-0.444211382113832	4.90410714285714	-2.25334162014086	0.0281004177805688	0.951418822119557	-3.73663192866209
SLAMF8	-0.538487804878063	6.35375	-2.25103664111524	0.0282549491346622	0.951418822119557	-3.73893469577773
IFIT3	-0.65424390243905	7.815	-2.23830367983456	0.0291222140546257	0.951418822119557	-3.7516234962566
COL3A1	-0.489707317073201	12.1294642857143	-2.23772593637679	0.0291621170043366	0.951418822119557	-3.7521979505416
ALPK2	-0.446276422764239	4.32392857142857	-2.23735772683391	0.0291875732853498	0.951418822119557	-3.75256400549482
COL5A1	-0.625707317073191	8.62589285714286	-2.23226362388093	0.0295417749596399	0.951418822119557	-3.75762363733387
C1QA	-0.498796747967496	8.32214285714286	-2.22658326083073	0.0299412101443698	0.951418822119557	-3.76325529164642
CD109	-0.72665040650408	5.99732142857143	-2.22577799121045	0.0299982195332742	0.951418822119557	-3.76405277842342
SLC19A2	0.386585365853644	6.78303571428571	2.22467059844679	0.0300767742404418	0.951418822119557	-3.76514911205721
TAC1	1.0211219512195	3.91160714285714	2.22451857013076	0.0300875727700108	0.951418822119557	-3.76529958990468
FGFBP1	-0.556520325203263	6.95321428571429	-2.22399289869629	0.0301249374289697	0.951418822119557	-3.76581984029536
KANK2	-0.444780487804898	7.95035714285714	-2.22023237632429	0.0303934306015621	0.951418822119557	-3.76953886761912
MAP4K3	0.359821138211362	6.88410714285714	2.21420857788639	0.0308279147551701	0.951418822119557	-3.77548625920024
TWIST2	-0.519869918699201	5.05071428571429	-2.2122662771082	0.0309691711389117	0.951418822119557	-3.77740131075159
ESM1	0.567934959349584	5.14714285714286	2.20937420417973	0.0311805576343027	0.951418822119557	-3.78025044558371
AF070581	-0.356780487804885	2.98678571428571	-2.20835540295378	0.0312553256643848	0.951418822119557	-3.78125344660928
TFF1	-0.815642276422787	10.8875	-2.20757559312129	0.0313126611715162	0.951418822119557	-3.78202092518535
PRMT3	0.489674796747948	7.06517857142857	2.2052082340065	0.0314872889928061	0.951418822119557	-3.78434958670836
MEOX1	-0.471560975609767	5.13875	-2.19930533530258	0.0319264545223405	0.951418822119557	-3.79014771518873
AGPAT9	-0.624048780487831	6.22910714285714	-2.19894408737577	0.0319535049170199	0.951418822119557	-3.79050216714296
CKAP4	-0.446243902439049	9.80928571428571	-2.19672835787982	0.0321198612241061	0.951418822119557	-3.79267524278586
ECHDC3	-0.614130081300825	5.33303571428571	-2.1948350401162	0.0322626140913702	0.951418822119557	-3.79453079027601
TIE1	-0.532569105691072	4.95875	-2.18923985816501	0.0326877470647309	0.951418822119557	-3.8000072185954
ISG20	-0.425365853658551	8.49857142857143	-2.1874794445026	0.0328225213268731	0.951418822119557	-3.80172806151636
FAM107B	-0.468422764227672	8.41571428571429	-2.18454938886021	0.0330479243578868	0.951418822119557	-3.80458990943092
MIR22	-0.50117073170733	8.06107142857143	-2.18441502518299	0.0330582932063201	0.951418822119557	-3.80472107498614
LOC284926	0.410065040650394	5.20089285714286	2.18436636853647	0.0330620487458111	0.951418822119557	-3.80476857198656
PDZD8	0.42546341463413	8.3975	2.18358429732944	0.0331224639790085	0.951418822119557	-3.80553189288498
EVPL	0.373593495934947	6.66285714285714	2.18208519142756	0.0332385415153972	0.951418822119557	-3.80699447295283
MOSPD1	0.374308943089418	7.18071428571429	2.17843610719326	0.0335225889202693	0.951418822119557	-3.81055143378037
ANGPTL2	-0.59195121951221	7.40660714285714	-2.17838354103421	0.0335266962331275	0.951418822119557	-3.81060263957143
TP53I3	-0.404666666666687	8.38839285714286	-2.1763899099437	0.0336827972130648	0.951418822119557	-3.81254397849372
LOC101928102	0.581382113821131	5.07232142857143	2.17635515456532	0.0336855242020744	0.951418822119557	-3.81257781017488
OSBPL1A	-0.465170731707335	6.96142857142857	-2.17630835994486	0.0336891961245502	0.951418822119557	-3.81262336047602
XPNPEP2	0.403739837398362	5.42892857142857	2.1761444528985	0.0337020605012292	0.951418822119557	-3.81278290313956
DDX60L	-0.509333333333352	6.99642857142857	-2.17472958256849	0.0338132871140285	0.951418822119557	-3.81415971659815
FAM20C	-0.473837398373997	6.62375	-2.17317342935597	0.0339359922442524	0.951418822119557	-3.81567322000504
LAMC1	-0.366926829268314	9.02535714285714	-2.17269875636812	0.0339734986465445	0.951418822119557	-3.81613471817726
FHL5	-0.370455284552857	3.52410714285714	-2.17197980849534	0.0340303757545694	0.951418822119557	-3.81683356399391
MAP1B	-0.619463414634165	6.36446428571429	-2.16976963465348	0.0342057496375244	0.951418822119557	-3.81898082919089
IGFBP5	-0.642780487804899	8.99339285714286	-2.16971585058417	0.0342100271832966	0.951418822119557	-3.81903306148232
CILP	-0.568764227642288	6.00625	-2.16904595083117	0.0342633448720498	0.951418822119557	-3.81968355000531
EML1	-0.545674796747983	5.65982142857143	-2.16703914116846	0.0344235044106881	0.951418822119557	-3.82163128659871
PTPRM	-0.519674796747982	6.92285714285714	-2.16422295227164	0.0346493658528268	0.951418822119557	-3.82436224158834
C1QB	-0.44487804878051	8.45428571428571	-2.16220396982626	0.0348120890393947	0.951418822119557	-3.82631843798668
COL6A2	-0.73099186991872	9.19214285714286	-2.16187660032044	0.034838536932359	0.951418822119557	-3.82663549471495
CD84	-0.42040650406505	6.88553571428571	-2.15927055864786	0.0350497055611737	0.951418822119557	-3.82915812366636
CCL4	-0.633447154471563	7.74089285714286	-2.15731785902312	0.0352086678178982	0.951418822119557	-3.83104678747792
CELSR3	0.390796747967463	6.21678571428571	2.15624509938139	0.0352962658360375	0.951418822119557	-3.83208380759499
GPNMB	-0.70904065040653	9.34821428571429	-2.15453407249733	0.0354363777337432	0.951418822119557	-3.83373700844072
VAMP5	-0.402634146341478	6.16321428571429	-2.15380580111611	0.0354961617666491	0.951418822119557	-3.83444036026208
MRVI1	-0.430666666666685	7.64535714285714	-2.15305091962404	0.0355582234377307	0.951418822119557	-3.83516921821553
SH3PXD2B	-0.383317073170751	7.65535714285714	-2.14796881028145	0.0359785212664871	0.951418822119557	-3.84007099897875
CEP72	0.485008130081288	5.32642857142857	2.14690478323857	0.0360670662653298	0.951418822119557	-3.84109613933131
RNF213	-0.367902439024408	8.06464285714286	-2.14661272246533	0.0360914039780963	0.951418822119557	-3.84137745764491
TMEM45A	-0.599739837398388	6.69357142857143	-2.14605279929776	0.0361381031153924	0.951418822119557	-3.84191670330342
GNG4	0.831398373983726	6.05803571428571	2.13949167305803	0.0366892708738641	0.951418822119557	-3.84822743092984
AMOTL1	-0.552081300813025	6.69446428571429	-2.13860667995471	0.0367641745403169	0.951418822119557	-3.84907750542271
TNC	-0.842731707317082	8.005	-2.13854369463451	0.0367695105574014	0.951418822119557	-3.84913799519831
PDE1A	-0.560699186991879	4.67482142857143	-2.13576260418771	0.0370057961310393	0.951418822119557	-3.85180752120683
ZBTB46	-0.443756097560987	4.79910714285714	-2.1353341128155	0.0370423191354842	0.951418822119557	-3.85221858437357
QPRT	0.5711869918699	8.10285714285714	2.13377369919033	0.0371755893484163	0.951418822119557	-3.85371499073376
MAOB	-0.46887804878051	6.23071428571429	-2.12954980341116	0.0375384436253356	0.951418822119557	-3.85776137105665
PRKCH	-0.389479674796763	6.98017857142857	-2.12906508111585	0.0375802809716018	0.951418822119557	-3.85822532451867
ACER3	-0.377284552845548	7.96910714285714	-2.12840458370164	0.0376373553680501	0.951418822119557	-3.85885738980887
FOXF1	-0.378113821138232	7.8625	-2.12217886367701	0.0381790573957853	0.951418822119557	-3.86480763310034
PTGS1	-0.371479674796763	6.83535714285714	-2.12163704585638	0.0382265214308478	0.951418822119557	-3.86532483605402
FPR3	-0.436243902439036	6.78660714285714	-2.12152767835333	0.0382361084279428	0.951418822119557	-3.8654292225257
PRRX1	-0.776731707317093	6.96732142857143	-2.12092913578233	0.0382886129745994	0.951418822119557	-3.86600043101016
PAPPA	-0.661382113821146	5.59910714285714	-2.11957069806262	0.0384080094927818	0.951418822119557	-3.86729636707456
SFMBT2	-0.407382113821151	4.99107142857143	-2.11930590938655	0.0384313202294341	0.951418822119557	-3.86754889765595
DHRS9	-0.705723577235796	8.59464285714286	-2.11656992669503	0.0386729067019886	0.951418822119557	-3.87015678429466
HRASLS2	-0.696422764227655	5.51678571428571	-2.11642421218993	0.0386858103187418	0.951418822119557	-3.87029560307492
CLEC12A	-0.411967479674807	4.18571428571429	-2.11616135593387	0.03870909681427	0.951418822119557	-3.87054600123602
ASRGL1	-0.463398373983763	8.37339285714286	-2.1127514650894	0.0390122894832575	0.951418822119557	-3.8737920856567
FAS	-0.483642276422779	8.26857142857143	-2.11156939285204	0.0391178763996326	0.951418822119557	-3.87491642115348
MFAP5	-0.860390243902458	6.93607142857143	-2.11147626288856	0.0391262056768283	0.951418822119557	-3.87500498147594
GABRE	0.634373983739821	6.92178571428571	2.10972823084345	0.0392828317288299	0.951418822119557	-3.87666667744864
ISL1	-0.685479674796762	5.68946428571429	-2.10677307925359	0.0395488602001616	0.951418822119557	-3.87947343249749
LATS2	-0.393772357723602	7.81303571428571	-2.10489821802698	0.0397184514424367	0.951418822119557	-3.88125255406707
CD69	-0.677056910569116	5.09696428571429	-2.10456059215031	0.0397490587258998	0.951418822119557	-3.88157280776299
RP11-305O6.3	-0.541788617886195	4.07	-2.09926243850015	0.0402320572306013	0.951418822119557	-3.88659309591447
C3AR1	-0.361804878048798	7.81910714285714	-2.09879731830045	0.0402747021751354	0.951418822119557	-3.88703335047327
RUNX1T1	-0.603186991869936	5.62571428571429	-2.0978115880461	0.0403652097685833	0.951418822119557	-3.88796613086034
LY6G6D	1.20060162601625	6.75767857142857	2.09700802100123	0.0404391224570581	0.951418822119557	-3.88872627970721
PCOLCE	-0.477495934959364	8.46107142857143	-2.09629975549967	0.0405043668678939	0.951418822119557	-3.88939608749928
TRIM36	-0.545658536585384	5.7925	-2.09612235678766	0.0405207229227231	0.951418822119557	-3.88956382602622
PXDN	-0.556861788617906	8.11696428571429	-2.09493061052885	0.0406307502749216	0.951418822119557	-3.89069038828953
LINC00261	-0.881837398374006	7.99303571428571	-2.09387818353725	0.0407281310877382	0.951418822119557	-3.89168483471596
LPPR4	-0.421333333333344	3.64285714285714	-2.09321146159117	0.0407899277103828	0.951418822119557	-3.89231462310907
MBOAT2	-0.375934959349613	7.90142857142857	-2.09306207923563	0.0408037847291976	0.951418822119557	-3.89245570879255
AHNAK2	-0.600504065040663	6.32767857142857	-2.09298331534146	0.0408110926808661	0.951418822119557	-3.89253009497935
ST3GAL4	-0.521073170731727	6.8825	-2.09112001175162	0.0409843079584132	0.951418822119557	-3.89428919672694
PLEK	-0.507040650406518	7.31410714285714	-2.09110459543086	0.0409857437436809	0.951418822119557	-3.89430374580107
SPINK5	-1.12728455284555	8.67	-2.08983038111604	0.0411045678826196	0.951418822119557	-3.89550598863009
MS4A6A	-0.380666666666679	8.46196428571429	-2.08938527374203	0.0411461459595402	0.951418822119557	-3.89592581970477
ID3	-0.392536585365869	9.16660714285714	-2.08866266481324	0.0412137237032475	0.951418822119557	-3.89660724465217
RPL29P7	0.413252032520314	5.66589285714286	2.0878721146214	0.0412877657657331	0.951418822119557	-3.89735252707756
ZNF521	-0.506097560975618	4.35946428571429	-2.08784411484617	0.0412903903129908	0.951418822119557	-3.89737891950065
LTBP1	-0.4097886178862	8.28464285714286	-2.08519332736997	0.0415395184954734	0.951418822119557	-3.89987627947229
TRIM13	-0.403365853658556	8.08267857142857	-2.08385859113628	0.041665454382304	0.951418822119557	-3.90113281932885
IL18BP	-0.368569105691074	6.60482142857143	-2.08355536382754	0.0416941108831112	0.951418822119557	-3.90141819388698
SOBP	-0.490016260162619	5.79857142857143	-2.07858844777005	0.0421659528054041	0.951418822119557	-3.90608803813484
HERC5	-0.480780487804891	5.42	-2.07630655975238	0.0423842753154731	0.951418822119557	-3.90823051113507
CCL8	-0.785560975609774	5.87285714285714	-2.07391258980994	0.0426143756496443	0.951418822119557	-3.91047622978104
RPS4XP3	0.411479674796737	4.85392857142857	2.07196001266033	0.0428028528421981	0.951418822119557	-3.91230638095657
CFD	-0.615268292682948	7.99553571428571	-2.07031039539653	0.0429626494065086	0.951418822119557	-3.91385151059973
AC006026.13	0.478065040650392	5.10267857142857	2.06756551336347	0.0432296902438808	0.951418822119557	-3.91642038286319
MX2	-0.484227642276436	7.05214285714286	-2.06696289969598	0.0432885089564042	0.951418822119557	-3.91698399585499
IFI44L	-0.81572357723579	5.75410714285714	-2.06648587041147	0.0433351190834277	0.951418822119557	-3.91743006039996
SRGAP2B	-0.372325203252044	5.32607142857143	-2.06285337406184	0.0436914768599059	0.951418822119557	-3.92082410372822
PIK3R5	-0.389414634146354	5.59089285714286	-2.06246793165391	0.0437294384684037	0.951418822119557	-3.92118396770825
BCAT1	-0.804195121951231	5.70321428571429	-2.06034187991307	0.0439393440800918	0.951418822119557	-3.92316797877584
RP3-428L16.2	-0.618520325203264	4.61982142857143	-2.05987261897715	0.043985791780155	0.951418822119557	-3.92360567106827
LGALS1	-0.391447154471564	11.0660714285714	-2.05982095394302	0.0439909082121154	0.951418822119557	-3.92365385562667
KAZN	-0.366422764227655	7.34839285714286	-2.05967829572291	0.044005038454148	0.951418822119557	-3.9237868985553
NEXN	-0.604195121951235	5.74964285714286	-2.05206710615437	0.0447646477782218	0.951418822119557	-3.9308745336677
NAV3	-0.398617886178873	4.22482142857143	-2.05039528030875	0.0449330112427297	0.951418822119557	-3.93242858055502
LOXL1	-0.479593495934974	6.84553571428571	-2.0493685676294	0.0450366791519137	0.951418822119557	-3.93338246546457
ITGA8	-0.513756097560986	6.68785714285714	-2.04930122066014	0.0450434864518291	0.951418822119557	-3.9334450221037
THBS2	-1.01780487804879	7.34482142857143	-2.04570949918196	0.0454078230332891	0.951418822119557	-3.9367789100876
TUBB6	-0.429821138211407	8.12464285714286	-2.04485945781123	0.0454944215644501	0.951418822119557	-3.93756725317076
CD86	-0.411902439024406	6.46642857142857	-2.04115780267292	0.0458731976755988	0.951418822119557	-3.94099720542575
EMB	-0.48619512195124	7.69803571428571	-2.03926033293502	0.046068413347187	0.951418822119557	-3.94275349018157
IL17A	0.698634146341455	4.0275	2.03849101689334	0.0461477665609365	0.951418822119557	-3.94346519464374
HBG1	-0.559252032520341	6.72321428571429	-2.03764003079927	0.0462356814499102	0.951418822119557	-3.94425220498597
PARM1	-0.6927642276423	9.67946428571429	-2.03580030292337	0.0464262375203172	0.951418822119557	-3.94595273381969
VASH1	-0.375951219512217	6.39875	-2.03574492072927	0.0464319844254388	0.951418822119557	-3.94600390673619
DENND2A	-0.516666666666682	7.05839285714286	-2.03443879632291	0.0465676967692593	0.951418822119557	-3.94721043984002
HDAC9	-0.466130081300828	5.71339285714286	-2.03276063457518	0.0467425683933669	0.951418822119557	-3.94875973998754
CYBB	-0.703219512195136	6.91714285714286	-2.03238231880115	0.0467820687673221	0.951418822119557	-3.94910886561698
TFF2	-0.620861788617904	6.51410714285714	-2.02809109407808	0.0472321422705758	0.951418822119557	-3.95306537180583
RAB31	-0.591235772357747	8.34446428571429	-2.0273223975725	0.0473131584650206	0.951418822119557	-3.95377340719879
IGFBP6	-0.476406504065063	7.00053571428571	-2.02514955438865	0.0475428126754066	0.951418822119557	-3.95577362716314
CREM	-0.376308943089448	6.98982142857143	-2.02327001528355	0.0477422420016669	0.951418822119557	-3.95750246777907
MMP2	-0.533642276422791	9.52196428571429	-2.02060871371281	0.0480258547763468	0.951418822119557	-3.9599482038954
ITGAM	-0.553414634146359	5.68482142857143	-2.01563003179214	0.0485603320716946	0.951418822119557	-3.96451672300116
IL10RA	-0.399138211382124	6.96910714285714	-2.01284244256245	0.0488618216504736	0.951418822119557	-3.9670707341297
TEK	-0.488601626016276	5.55160714285714	-2.01208822381127	0.048943670299902	0.951418822119557	-3.96776127038975
SERPINI1	-0.363365853658547	5.05196428571429	-2.01112868217455	0.0490479715263894	0.951418822119557	-3.96863949445137
ARL10	-0.387577235772368	5.14357142857143	-2.00982136952577	0.0491903832229381	0.951418822119557	-3.96983547885816
ISG15	-0.578455284552861	8.82982142857143	-2.00601183850981	0.04960740598379	0.951418822119557	-3.97331705387685
