ID	S01_MM	S02_MM	S03_MM	S04_MM	S05_MM	S06_MM	S07_MM	S08_MM	S09_MM	S01_Den	S02_Den	S03_Den	S04_Den	S05_Den	S06_Den	S07_Den	S08_Den	S01_PMN	S02_PMN	S03_PMN
GSM3374350_response	0.015414681	0.171440673	0.05048825	0.073695546	0.118093829	0.086764464	0.104207206	0.119552981	0.086849771	0.004645743	0.07348759	0.04658316	0.035230051	0.075993373	0.025066161	0.126135806	0.101109348	0.11226421	0.235390015	0.284430192
GSM3374352_response	0.108411665	0.208923702	0.106959299	0.067821189	0.182725895	0.034773815	0.031041826	0.101227341	0.075066284	0.10169335	0.080974769	0.044882102	0.05357772	0.131412816	0.036819032	0.044119016	0.001453924	0.16983339	0.495468926	0.112290035
GSM3374356_response	0.089888089	0.156989159	0.167234208	0.027653653	0.110056073	0.02442552	0.067313808	0.186659284	0.059852035	0.051464479	0.055324729	0.041465801	0.087097323	0.074811281	0.068566792	0.11587445	0.036697128	0.108941673	0.285838566	0.247279002
GSM3374362_response	7.31E-15	0.058277337	0.34538109	7.31E-15	0.012824132	0.124987581	0.031443859	0.092553124	0.051746361	0.094295655	0.00288326	0.252526076	0.003124429	0.025390809	1.19E-14	0.031392346	0.046270049	0.170819303	1.23E-14	0.248266519
GSM3374366_response	0.156137034	0.012287398	0.221352812	0.000126944	0.157532089	0.197581007	6.38E-15	6.38E-15	0.015981845	0.258014043	0.029197022	0.051825244	0.036939388	0.191452677	0.010374865	0.021917173	0.081320397	0.033147269	0.439175193	0.239979205
GSM3374368_response	0.178499397	7.14E-15	0.251249197	0.012719838	0.082556257	0.057804348	0.036415048	0.051528924	0.029897999	0.205768015	0.029764378	0.107809686	0.000712079	0.117934673	0.032729616	0.041472317	0.0987042	0.001607996	0.167250049	0.371292818
GSM3374369_response	0.147579925	0.136801977	0.174017726	0.128237685	0.043538603	0.036626031	0.124314604	0.010207589	0.077296549	0.174813931	0.073450986	0.038036618	0.034253899	0.038902724	0.028624043	0.054300126	0.022153614	0.323734873	0.138800764	0.282697525
GSM3374370_response	6.52E-15	0.042796227	6.52E-15	6.52E-15	0.011062796	6.52E-15	0.094189874	0.048112714	0.115441801	9.55E-15	9.55E-15	0.025309189	0.032991499	0.011511339	0.01407688	0.070016023	9.55E-15	0.189432788	0.034368101	0.018882689
GSM3374386_response	0.098690808	0.033454491	0.034279268	0.394143691	0.115978862	0.225810101	0.001814687	0.039954625	0.004216984	0.053289407	0.272706353	0.016533319	0.018774091	0.197037474	6.29E-15	0.052870622	0.17616878	0.017891358	0.264738984	0.643885072
GSM3374396_response	0.066571406	0.051276864	0.08011432	1.00E-09	0.13928256	0.023451892	1.04E-14	0.084360827	0.047966451	0.065097883	0.008609399	0.033058933	0.038049866	0.111719209	6.39E-11	0.000215078	0.020038417	0.098124722	0.276353986	0.097564071
GSM3374401_response	0.037820134	0.053030695	1.13E-14	1.13E-14	0.068643381	0.006472503	0.085609486	0.070026433	0.096462821	0.028456575	1.65E-14	0.00012041	0.051165119	0.08698857	1.65E-14	0.039095169	0.027868991	0.072977682	0.207317389	0.008797115
GSM3374412_response	0.130500894	8.92E-15	2.78E-06	0.099907707	0.146713976	0.184278767	0.090397545	0.037467069	0.054902905	0.103596323	0.022005883	0.004933158	0.036153052	0.133386608	0.073205089	0.073680943	0.10272982	0.107493742	0.207663051	0.407376493
GSM3374413_response	0.095839772	8.69E-15	0.046922942	0.056856154	0.113111575	0.238089806	0.03106871	0.034341811	0.062135226	0.039329817	0.042792524	0.006048895	0.02333752	0.120471031	0.016044903	0.027068388	0.152972829	0.106280011	0.260847165	0.33322731
GSM3374414_response	0.034933463	6.50E-15	0.069846752	0.072509297	0.002630701	0.032879676	0.219941811	0.061645833	0.159667114	0.059579574	0.021720783	0.091840245	0.065607938	7.10E-15	0.026225568	0.051636188	0.030554834	0.267551568	0.105448561	0.165711048
GSM3374415_response	0.001048612	0.004371927	0.001969279	0.022282652	0.002354214	0.035568486	0.077392822	0.228229757	0.040366408	1.54E-14	1.54E-14	0.008721705	0.0027657	0.026572921	0.031218448	0.054997154	0.025696592	0.11687325	0.068181912	0.124203916
GSM3374353_non	0.158736067	0.227114572	0.10747259	0.035729837	0.129846521	0.022064965	0.00532032	0.092151104	0.077564108	0.188481988	0.04469331	0.005668418	0.049360945	0.091861651	0.072253023	0.02672494	0.00950647	0.159020466	0.455894706	0.118157635
GSM3374354_non	0.022361813	0.11031884	0.208456939	0.198647452	0.073147294	0.127628487	0.125782205	0.059150022	0.043157475	0.039021089	0.144435586	0.099887097	0.037301646	0.02442181	0.053541752	0.068951966	0.124278645	0.124482742	0.160252007	0.597219362
GSM3374355_non	0.130269063	0.186271047	0.16173528	5.46E-05	0.235802545	0.049302019	0.02460772	0.087257513	0.048172062	0.092895177	0.087236441	9.24E-15	0.048879019	0.250098465	0.100786916	0.025941657	0.010594919	0.056603037	0.599536988	0.084248969
GSM3374357_non	0.011190496	0.053132482	7.04E-15	0.007295973	0.041723845	7.04E-15	0.085387736	7.04E-15	0.204395437	0.007614467	0.001971691	8.63E-15	0.053038299	0.012169094	0.01788746	0.032318231	0.008263395	0.264876118	0.178862288	0.044525427
GSM3374358_non	0.002407829	0.093352488	0.021464026	0.066982254	0.179138424	0.155924142	0.010558095	7.35E-15	0.065166131	0.016608174	0.022610638	0.03100795	0.056373256	0.18593919	0.010236923	0.047744628	0.039161613	0.151153981	0.391812768	0.130419311
GSM3374359_non	6.76E-15	0.171067967	0.018518048	0.002425081	0.048057134	6.76E-15	0.035284935	0.011902734	0.123503333	3.68E-05	8.47E-15	0.007021561	0.065041439	0.021889608	0.05104203	0.025157382	0.002262929	0.283120849	0.048671579	0.015564845
GSM3374360_non	0.000425547	0.033179143	0.016344811	8.00E-13	0.050673182	0.021953281	0.086256612	0.131491006	0.074352376	1.31E-14	1.31E-14	0.019321455	0.055205264	0.069956569	0.008297232	0.095602246	0.012729765	0.060487526	0.064885555	0.197315576
GSM3374361_non	0.051116292	0.082685115	0.003899496	0.010616531	0.032307881	0.018006751	0.182683371	5.30E-15	0.151593922	0.026708101	5.27E-15	0.04723336	0.109913363	0.008798299	0.048637501	0.053797121	0.003251793	0.390140829	0.123186908	0.12717074
GSM3374363_non	0.418542302	0.111647459	0.047213232	6.19E-15	0.055686733	0.007356753	0.019138797	6.19E-15	0.065421062	0.397646101	7.37E-12	0.013851421	0.024208972	0.048558523	0.062550965	0.003502509	0.001127857	0.302911877	0.237273462	0.137498721
GSM3374364_non	2.39E-13	0.073420247	8.85E-15	0.009124809	0.044093772	0.091010044	0.117329598	0.048761397	0.027124347	0.028724159	0.015505198	1.28E-14	0.110554046	0.06411881	0.029110083	0.133673257	0.060709844	0.145920352	0.146833216	0.277739088
GSM3374365_non	0.087286935	0.086256206	0.029713782	0.057798761	0.026203943	0.015024397	0.192740602	6.58E-15	0.173564708	0.109297741	0.013574027	0.088333383	0.061554949	0.018465278	0.033479621	0.062258695	0.002781405	0.391040866	0.11367648	0.11173336
GSM3374367_non	3.19E-12	1.01E-14	0.007768225	0.005559011	0.0028753	0.008476061	0.134902412	0.266938412	1.01E-14	0.004217615	1.51E-14	0.023717921	0.000682882	0.004098449	0.018332251	0.064345027	0.076427652	0.02308379	1.42E-14	0.068726951
GSM3374371_non	0.027580934	0.074456378	8.07E-15	0.009614982	0.014833008	0.013733569	0.20750356	0.081117572	0.137354048	0.014220277	8.41E-15	0.077190182	0.031307162	0.011958672	0.085234095	0.06496258	0.021535575	0.248175767	5.40E-12	0.159292112
GSM3374372_non	0.02690659	0.058556454	1.43E-07	0.013977938	0.0235996	0.029821259	0.19693856	0.080737928	0.142014986	0.009058282	9.20E-15	0.040930098	0.046842713	0.021528221	0.029321615	0.023861209	0.024569379	0.320897777	0.134551145	0.115776961
GSM3374373_non	0.007125043	0.052758196	6.39E-15	0.002765544	0.008038268	6.39E-15	0.242757514	0.027217962	0.120475349	0.001070616	0.002698371	0.022876494	0.016203341	0.00343345	0.023659873	0.021992107	7.32E-15	0.327626976	0.058628397	0.058183964
GSM3374374_non	0.02473242	0.007601873	0.02805076	0.009141008	0.001937329	0.002232107	0.158562707	0.08811241	0.159951773	0.010555733	1.07E-14	0.039884545	0.043310604	1.07E-14	0.02609449	0.030418289	0.03319187	0.298492152	0.029258225	0.075291593
GSM3374375_non	0.137246124	0.103345514	0.019419956	0.007802817	0.015869829	0.000954786	0.147919677	0.04634618	0.146638653	0.125546031	1.17E-14	0.041076659	0.07460128	0.01405655	0.032316106	0.000713984	0.019484593	0.299929045	0.102266772	0.039987986
GSM3374376_non	0.009644572	0.005236848	1.17E-09	0.06866015	0.008403163	0.071580875	0.277775632	0.091387314	0.131744192	8.93E-15	0.016107584	0.06041826	0.050499397	0.025322921	0.02064286	0.090797928	0.07281337	0.265739115	0.070392403	0.269964938
GSM3374377_non	0.03356402	0.035925134	0.002697736	0.022374889	0.007902923	0.00127548	0.249648461	0.023526969	0.194431468	0.037253736	6.56E-15	0.031832488	0.039514106	6.56E-15	0.013295602	0.016372518	6.56E-15	0.420488106	0.078209562	0.031881005
GSM3374378_non	0.174002975	0.08689789	0.044713005	0.019280349	0.029294299	0.004378298	0.140977574	0.014449168	0.155177652	0.140396787	0.008486654	0.034995733	0.026275764	0.037131168	0.080696659	0.056004519	0.029890897	0.143424028	0.190660684	0.156549487
GSM3374379_non	8.68E-15	0.035633265	8.68E-15	0.019603775	0.003155004	0.072327954	0.089549192	0.087303917	0.049680635	0.018786214	0.009193935	1.20E-14	0.074082157	0.015902211	0.007252863	0.105978339	0.063845341	0.062445008	0.045865417	0.244274953
GSM3374380_non	0.067518606	0.01459257	0.205245607	0.113445618	0.043226089	0.012021872	0.267544741	0.044882223	0.066401873	0.150140714	0.051532556	0.091599881	0.052971322	0.020903532	0.019055314	0.107686151	0.066088899	0.205875335	0.17395255	0.305847161
GSM3374381_non	0.054404399	0.03017061	0.038107685	7.20E-15	0.108812841	0.008097066	0.001166191	0.198721762	0.024920388	0.013030086	1.23E-14	0.026450425	0.003997466	0.150153737	1.23E-14	0.002366679	0.019619525	0.008755251	0.271061949	0.085221696
GSM3374382_non	0.091960247	8.05E-15	0.028568971	0.015788542	0.084040698	0.08011274	0.01487159	0.224312706	0.014981524	0.050500889	1.19E-14	0.02297372	0.002050027	0.122144832	0.030801247	0.083793516	0.05740334	1.04E-14	0.198523899	0.201548359
GSM3374384_non	7.30E-05	4.27E-11	0.055875062	6.53E-10	0.020954499	6.85E-15	0.116658982	0.252801699	0.109315822	4.06E-11	9.61E-15	0.016415344	0.057103606	0.024993801	0.026507558	0.018033084	9.61E-15	0.198300028	0.049515817	0.020321906
GSM3374387_non	0.051267343	7.57E-15	0.058188506	0.027702918	0.016564196	0.017636893	0.099260458	0.309223382	0.03346364	0.052396951	0.003632856	1.33E-14	0.000927352	0.044376547	0.002085885	0.06333336	0.026649602	0.026035111	0.073793877	0.119732711
GSM3374388_non	0.044323725	0.019072585	0.076667869	0.272991666	0.091799554	0.326484118	0.015057222	0.037909917	0.048098797	0.007985953	0.190989801	0.006012384	0.013151614	0.119744336	3.10E-08	0.084385233	0.278779595	7.21E-15	0.148696335	0.654287548
GSM3374392_non	0.009532933	0.000442346	0.010899666	8.42E-15	8.42E-15	0.02284984	0.164849057	0.144336532	0.017181529	0.010971921	1.50E-14	0.016478341	0.104639997	0.008177195	1.50E-14	0.058449043	0.038607035	0.221904782	0.037448305	0.118779285
GSM3374394_non	0.05041592	0.018377041	3.11E-07	0.000281006	0.058865978	9.08E-15	0.063227013	0.055518589	0.094418469	0.028032059	1.45E-14	0.025862183	0.054799431	0.07274142	0.011763806	0.052614213	1.45E-14	0.059171316	0.295770379	0.028030992
GSM3374398_non	0.021467442	0.001222551	0.01422585	0.003371553	0.001666171	8.22E-15	0.032725825	0.241252389	0.036464561	0.000405212	1.60E-14	0.033310478	0.005491178	0.027188688	0.001212105	0.001893533	1.60E-14	1.31E-14	0.03034219	0.049320108
GSM3374400_non	0.009417949	0.004656983	0.052037111	0.057025083	0.036895504	9.80E-15	0.239393323	0.23207819	0.019747686	0.049297804	1.44E-14	0.022057861	0.070528108	0.019610008	0.021816112	0.101061332	0.022625606	0.191318052	0.109656677	0.147903504
GSM3374402_non	1.01E-14	1.01E-14	0.048655522	0.031246685	0.016310258	0.054479312	0.17060235	0.060042843	0.126682792	1.12E-14	0.009060806	0.066095658	0.034240379	0.002842096	0.00678984	0.034598212	0.00321039	0.324775207	0.063355949	0.215101961
GSM3374403_non	1.06E-14	1.06E-14	0.031634029	0.038520894	0.009538374	0.063441455	0.134191818	0.099263837	0.149871732	1.35E-14	0.00216341	0.071343639	0.04096171	0.005643248	0.013189982	0.03464686	0.010442253	0.306158724	0.10214743	0.165010461
GSM3374404_non	0.064635985	8.65E-15	8.65E-15	0.000376396	0.010605729	8.65E-15	0.004214296	0.111983776	0.088805085	0.054200712	1.34E-14	0.030646197	0.035294405	0.010208232	0.036560936	1.34E-14	0.011576429	0.111221797	0.09753121	0.027896202
GSM3374405_non	0.270046501	0.137031816	0.036117565	0.032962069	0.109518629	0.142637567	0.0024503	0.015575316	0.031766163	0.246321454	0.03347571	3.22E-07	0.018025531	0.115713799	0.037637391	0.005680566	0.066822921	0.22383126	0.284002059	0.204017909
GSM3374406_non	0.179342596	0.028673591	0.001388111	8.67E-15	0.151987996	0.002599977	0.008340454	0.03472469	0.133463352	0.135541541	0.002647648	1.25E-14	1.25E-14	0.102151135	0.062426915	0.007358593	0.014654214	0.154412731	0.331416147	0.067119733
GSM3374407_non	0.238510202	0.040815782	0.047733303	3.05E-10	0.081154715	0.068161785	0.000132063	0.068477401	0.039287441	0.209992849	0.01397656	0.041829512	1.43E-14	0.050928273	0.049800902	1.43E-14	0.020887206	0.17929608	0.135876965	0.124264131
GSM3374408_non	0.134868584	0.051925228	0.001310115	0.377678635	0.136668255	0.168839696	0.066564749	4.72E-15	0.012053599	0.077489436	0.241137051	0.042399706	0.018034178	0.116321442	7.45E-15	0.078932988	0.151649679	0.102940077	0.132672862	0.613266743
GSM3374409_non	0.072535084	0.006924445	0.02801345	8.59E-15	8.59E-15	0.014295026	0.159309694	0.074404137	0.179219332	0.063161377	9.87E-15	0.066724847	0.059578228	9.87E-15	0.010844587	0.033461354	0.000473793	0.235601022	0.107251529	0.086153067
GSM3374410_non	0.175505435	8.34E-15	0.057440921	0.034205305	0.112326051	0.163531384	0.118592301	0.064745129	0.018628265	0.168305877	0.022163447	0.036668513	0.007548831	0.062511016	0.039393746	0.048789307	0.092192415	0.257286423	0.233243085	0.311357727
GSM3374411_non	0.16119793	0.053366833	9.05E-15	9.05E-15	0.177136394	0.026969614	0.036898876	0.050428185	0.042940582	0.144865654	1.25E-14	0.002864193	0.034126292	0.130176221	0.042594127	1.25E-14	0.018259437	0.176631487	0.358559409	0.02785476
