ID	S01_Fib	S02_Fib	S03_Fib	S04_Fib	S05_Fib	S06_Fib	S07_Fib	S08_Fib	S01_End	S02_End	S03_End	S04_End	S05_End	S06_End	S07_End	S08_End
GSM3374350_response	0.132829912	0.058971965	0.101392973	0.044087483	0.090378432	0.200195203	0.046123687	0.195748751	0.132829912	0.058971965	0.101392973	0.044087483	0.090378432	0.200195203	0.046123687	0.195748751
GSM3374352_response	0.093122792	0.24667024	0.014497708	0.088305489	0.151697957	0.127995194	0.09681248	0.019943358	0.093122792	0.24667024	0.014497708	0.088305489	0.151697957	0.127995194	0.09681248	0.019943358
GSM3374356_response	0.128034476	0.05404132	0.03299771	0.146106621	0.090128619	0.16961872	0.099066153	0.090180548	0.128034476	0.05404132	0.03299771	0.146106621	0.090128619	0.16961872	0.099066153	0.090180548
GSM3374362_response	0.044182878	1.14E-14	0.170753112	0.013058428	0.106296769	0.046985903	0.077375095	0.155232782	0.044182878	1.14E-14	0.170753112	0.013058428	0.106296769	0.046985903	0.077375095	0.155232782
GSM3374366_response	0.010693504	0.284764932	0.164550733	0.022919065	0.107626221	0.010887879	0.188129671	0.01130392	0.010693504	0.284764932	0.164550733	0.022919065	0.107626221	0.010887879	0.188129671	0.01130392
GSM3374368_response	0.034791407	0.098784618	0.053654125	0.081777221	4.66E-08	0.025832092	0.186049442	0.084894842	0.034791407	0.098784618	0.053654125	0.081777221	4.66E-08	0.025832092	0.186049442	0.084894842
GSM3374369_response	0.156355761	0.05353493	0.074827829	9.85E-15	0.052736218	0.274537591	0.127092293	0.091176393	0.156355761	0.05353493	0.074827829	9.85E-15	0.052736218	0.274537591	0.127092293	0.091176393
GSM3374370_response	0.089852635	0.000612876	0.003090471	0.028916238	0.073818498	0.176117939	8.91E-15	0.088040646	0.089852635	0.000612876	0.003090471	0.028916238	0.073818498	0.176117939	8.91E-15	0.088040646
GSM3374386_response	0.000558571	0.284499512	0.222602193	0.085744806	0.021767046	0.012584874	0.181040965	0.015215172	0.000558571	0.284499512	0.222602193	0.085744806	0.021767046	0.012584874	0.181040965	0.015215172
GSM3374396_response	0.009232866	0.211675674	0.015662893	0.112002635	0.067046084	0.046618466	0.058089227	0.000668758	0.009232866	0.211675674	0.015662893	0.112002635	0.067046084	0.046618466	0.058089227	0.000668758
GSM3374401_response	0.038403232	0.070747844	0.030509845	0.101826146	0.120197646	0.076320281	0.022109021	0.021076451	0.038403232	0.070747844	0.030509845	0.101826146	0.120197646	0.076320281	0.022109021	0.021076451
GSM3374412_response	0.031284561	0.199064354	0.137138632	0.07126962	0.030322139	0.034646484	0.067634401	0.101707722	0.031284561	0.199064354	0.137138632	0.07126962	0.030322139	0.034646484	0.067634401	0.101707722
GSM3374413_response	0.011657693	0.154453123	0.201797073	0.071042046	0.025305766	0.014047217	0.054747635	0.053228829	0.011657693	0.154453123	0.201797073	0.071042046	0.025305766	0.014047217	0.054747635	0.053228829
GSM3374414_response	0.08948411	0.000298587	0.041476234	4.21E-09	0.115076002	0.21005013	0.024500697	0.156688004	0.08948411	0.000298587	0.041476234	4.21E-09	0.115076002	0.21005013	0.024500697	0.156688004
GSM3374415_response	0.036082367	1.28E-14	0.030065412	0.085659441	0.044878493	0.034528637	1.28E-14	0.055951812	0.036082367	1.28E-14	0.030065412	0.085659441	0.044878493	0.034528637	1.28E-14	0.055951812
GSM3374353_non	0.060102234	0.184336457	9.15E-15	0.108239354	0.122465359	0.108300292	0.146342301	0.080829716	0.060102234	0.184336457	9.15E-15	0.108239354	0.122465359	0.108300292	0.146342301	0.080829716
GSM3374354_non	0.086590842	0.045380966	0.256080151	0.052433103	0.04568824	0.089809528	0.122065272	0.211270578	0.086590842	0.045380966	0.256080151	0.052433103	0.04568824	0.089809528	0.122065272	0.211270578
GSM3374355_non	0.033978222	0.373460325	0.028017383	0.128539644	0.147166686	0.067689723	0.115147693	0.032570752	0.033978222	0.373460325	0.028017383	0.128539644	0.147166686	0.067689723	0.115147693	0.032570752
GSM3374357_non	0.154746294	0.045388785	0.003034444	0.002666439	0.132049051	0.139760764	9.10E-15	0.109922746	0.154746294	0.045388785	0.003034444	0.002666439	0.132049051	0.139760764	9.10E-15	0.109922746
GSM3374358_non	0.08418974	0.250000906	0.145002455	1.00E-14	0.089901429	0.08592412	0.018840248	0.095225095	0.08418974	0.250000906	0.145002455	1.00E-14	0.089901429	0.08592412	0.018840248	0.095225095
GSM3374359_non	0.132264812	0.028274633	9.34E-15	0.03107274	0.113663585	0.156085732	0.013067578	0.027488168	0.132264812	0.028274633	9.34E-15	0.03107274	0.113663585	0.156085732	0.013067578	0.027488168
GSM3374360_non	0.071958112	0.023931592	0.051311423	0.06725245	0.141531492	0.13554749	1.30E-14	0.099606118	0.071958112	0.023931592	0.051311423	0.06725245	0.141531492	0.13554749	1.30E-14	0.099606118
GSM3374361_non	0.164346488	0.020992846	0.013498066	5.77E-15	0.076749915	0.295980427	0.007598846	0.089016112	0.164346488	0.020992846	0.013498066	5.77E-15	0.076749915	0.295980427	0.007598846	0.089016112
GSM3374363_non	0.075175984	0.157824479	1.03E-14	0.00586107	0.102439386	0.094395762	0.253326118	0.028439267	0.075175984	0.157824479	1.03E-14	0.00586107	0.102439386	0.094395762	0.253326118	0.028439267
GSM3374364_non	0.081266744	0.061483908	0.099032117	0.003354116	0.137643903	0.10115618	1.23E-14	0.215087089	0.081266744	0.061483908	0.099032117	0.003354116	0.137643903	0.10115618	1.23E-14	0.215087089
GSM3374365_non	0.149125706	0.043129735	1.97E-12	7.43E-15	0.090326112	0.235859321	0.049326324	0.118059538	0.149125706	0.043129735	1.97E-12	7.43E-15	0.090326112	0.235859321	0.049326324	0.118059538
GSM3374367_non	0.002204539	1.26E-14	0.006552842	0.097930205	0.020074292	0.080225637	0.002726466	0.118178681	0.002204539	1.26E-14	0.006552842	0.097930205	0.020074292	0.080225637	0.002726466	0.118178681
GSM3374371_non	0.112643411	0.010625061	0.03801321	0.03497702	0.147225581	0.255828065	0.014866462	0.11489033	0.112643411	0.010625061	0.03801321	0.03497702	0.147225581	0.255828065	0.014866462	0.11489033
GSM3374372_non	0.119027503	0.018672329	0.061774018	0.019372464	0.071042406	0.293628491	0.005550532	0.127594381	0.119027503	0.018672329	0.061774018	0.019372464	0.071042406	0.293628491	0.005550532	0.127594381
GSM3374373_non	0.130062831	0.021651815	0.000512563	0.01307059	0.106906954	0.239334175	7.53E-07	0.060852852	0.130062831	0.021651815	0.000512563	0.01307059	0.106906954	0.239334175	7.53E-07	0.060852852
GSM3374374_non	0.074115836	0.004555125	0.037308515	0.044501247	0.202672342	0.160324141	5.98E-06	0.134424109	0.074115836	0.004555125	0.037308515	0.044501247	0.202672342	0.160324141	5.98E-06	0.134424109
GSM3374375_non	0.094016558	0.046675905	0.009064874	0.015816693	0.115826642	0.155662727	0.047311786	0.172339491	0.094016558	0.046675905	0.009064874	0.015816693	0.115826642	0.155662727	0.047311786	0.172339491
GSM3374376_non	0.126870464	2.37E-09	0.114431485	0.03313674	0.121166824	0.27302012	0.001952279	0.118689513	0.126870464	2.37E-09	0.114431485	0.03313674	0.121166824	0.27302012	0.001952279	0.118689513
GSM3374377_non	0.111278073	0.011912322	0.003463649	7.54E-15	0.100925284	0.295776341	0.010189975	0.10858765	0.111278073	0.011912322	0.003463649	7.54E-15	0.100925284	0.295776341	0.010189975	0.10858765
GSM3374378_non	0.096113002	0.037309443	0.022475348	0.001755489	0.173862535	0.215489416	0.083418406	0.159910206	0.096113002	0.037309443	0.022475348	0.001755489	0.173862535	0.215489416	0.083418406	0.159910206
GSM3374379_non	0.061232049	0.002168803	0.111686055	0.019418307	0.090852674	0.149464675	1.11E-14	0.1931653	0.061232049	0.002168803	0.111686055	0.019418307	0.090852674	0.149464675	1.11E-14	0.1931653
GSM3374380_non	0.141326335	0.003490804	0.034340097	0.006583396	0.100513604	0.244469952	0.128099326	0.163099361	0.141326335	0.003490804	0.034340097	0.006583396	0.100513604	0.244469952	0.128099326	0.163099361
GSM3374381_non	0.010955987	0.095806783	0.002581946	0.221421316	0.07979409	0.015698905	0.036119621	9.45E-15	0.010955987	0.095806783	0.002581946	0.221421316	0.07979409	0.015698905	0.036119621	9.45E-15
GSM3374382_non	1.01E-14	0.131314263	0.030280212	0.22059392	0.017732399	0.009116753	0.0401394	0.012468278	1.01E-14	0.131314263	0.030280212	0.22059392	0.017732399	0.009116753	0.0401394	0.012468278
GSM3374384_non	0.057679929	0.014152681	1.26E-13	0.164041779	0.11071715	0.100159297	0.009637771	0.037980509	0.057679929	0.014152681	1.26E-13	0.164041779	0.11071715	0.100159297	0.009637771	0.037980509
GSM3374387_non	0.034777077	9.41E-15	0.004571266	0.185803458	0.088717274	0.044617141	0.024620174	0.09902489	0.034777077	9.41E-15	0.004571266	0.185803458	0.088717274	0.044617141	0.024620174	0.09902489
GSM3374388_non	0.000559156	0.109919072	0.390475531	0.090631105	0.032119195	0.006692925	0.117758471	0.061642482	0.000559156	0.109919072	0.390475531	0.090631105	0.032119195	0.006692925	0.117758471	0.061642482
GSM3374392_non	0.085670609	0.005928656	0.059673542	0.112107763	0.026889268	0.160231635	1.26E-14	0.06034832	0.085670609	0.005928656	0.059673542	0.112107763	0.026889268	0.160231635	1.26E-14	0.06034832
GSM3374394_non	0.046127431	0.070388661	1.26E-14	0.101036486	0.056177593	0.046815266	0.029591393	0.014777177	0.046127431	0.070388661	1.26E-14	0.101036486	0.056177593	0.046815266	0.029591393	0.014777177
GSM3374398_non	0.006164072	9.57E-15	9.57E-15	0.143703887	0.036439049	0.028959345	0.000873164	0.042100968	0.006164072	9.57E-15	9.57E-15	0.143703887	0.036439049	0.028959345	0.000873164	0.042100968
GSM3374400_non	0.077740594	0.019688589	0.001490207	0.083849933	0.036835128	0.11454958	0.018239647	0.171234822	0.077740594	0.019688589	0.001490207	0.083849933	0.036835128	0.11454958	0.018239647	0.171234822
GSM3374402_non	0.084869697	0.003992518	0.090927182	0.115385278	0.065195916	0.14970949	1.36E-14	0.085821721	0.084869697	0.003992518	0.090927182	0.115385278	0.065195916	0.14970949	1.36E-14	0.085821721
GSM3374403_non	0.058204345	0.006251494	0.082984149	0.099456125	0.048904227	0.093084537	1.45E-14	0.109641837	0.058204345	0.006251494	0.082984149	0.099456125	0.048904227	0.093084537	1.45E-14	0.109641837
GSM3374404_non	0.012787215	0.010822893	1.08E-14	0.163769382	0.070193448	0.034238675	0.015659337	0.008153863	0.012787215	0.010822893	1.08E-14	0.163769382	0.070193448	0.034238675	0.015659337	0.008153863
GSM3374405_non	0.042082083	0.192383535	0.128977306	0.06925455	0.050343322	0.05983135	0.155542931	0.038503826	0.042082083	0.192383535	0.128977306	0.06925455	0.050343322	0.05983135	0.155542931	0.038503826
GSM3374406_non	0.019683817	0.166455409	0.004037665	0.118346169	0.108286428	0.061947933	0.084942428	1.41E-06	0.019683817	0.166455409	0.004037665	0.118346169	0.108286428	0.061947933	0.084942428	1.41E-06
GSM3374407_non	0.033643676	0.09402958	0.064965963	0.123639724	0.047866568	0.039634299	0.111022715	1.33E-14	0.033643676	0.09402958	0.064965963	0.123639724	0.047866568	0.039634299	0.111022715	1.33E-14
GSM3374408_non	0.04389947	0.164445517	0.207306094	0.006607914	0.009516576	0.094356706	0.195201362	0.117775932	0.04389947	0.164445517	0.207306094	0.006607914	0.009516576	0.094356706	0.195201362	0.117775932
GSM3374409_non	0.081549746	7.29E-06	0.006809744	0.056995246	0.100841148	0.169252533	0.037129745	0.070870959	0.081549746	7.29E-06	0.006809744	0.056995246	0.100841148	0.169252533	0.037129745	0.070870959
GSM3374410_non	0.029268633	0.068796018	0.154701481	0.043554339	0.093882796	0.08474728	0.127351057	0.131607663	0.029268633	0.068796018	0.154701481	0.043554339	0.093882796	0.08474728	0.127351057	0.131607663
GSM3374411_non	0.042900482	0.247630575	1.91E-11	0.104704596	0.105343786	0.079698669	0.049742076	0.010622644	0.042900482	0.247630575	1.91E-11	0.104704596	0.105343786	0.079698669	0.049742076	0.010622644
