id	S01	p.value_S01	S02	p.value_S02	S03	p.value_S03	S04	p.value_S04	S05	p.value_S05	S06	p.value_S06
Bcells_SIGLEC10	-0.361498414976381	0.00619198544185686	0.484472338927613	0.000154618178836289	0.38551565820175	0.0033440045889067	0.337929366336836	0.0108586875206028	-0.10297047201962	0.450133983093028	-0.0766064370050561	0.57468436657909
Bcells_RIMS3	-0.248114660480576	0.0652137288454065	0.604261630523234	8.17255418860738e-07	0.0391711188485762	0.774396821720688	-0.212826024043246	0.115296934635269	0.470984108562748	0.000248785766498807	-0.179468397941326	0.1856683006602
Bcells_CFD	-0.262060795076837	0.0510451979385641	0.677052931744654	1.00850996531714e-08	-0.0425355984815935	0.755596162577408	-0.177363033991356	0.190967048628272	0.402915370702563	0.00207846148104998	-0.11366219695347	0.404228121626918
Bcells_TP53I3	-0.238529944761683	0.0766626331422238	0.592135224778425	1.53228692379681e-06	0.0705736495718771	0.605254921107874	-0.102811433748601	0.450837786142789	0.595797217912252	1.27081267066942e-06	-0.313859895740435	0.0184927049670232
Bcells_MUC1	-0.126815655482121	0.351664801031659	0.546739728530755	1.30305520842909e-05	-0.00576275308948294	0.966377386914949	-0.145946962817965	0.283139405338135	0.465104287006344	0.000304250212745466	-0.366975498368621	0.00540184475815397
Bcells_AIF1	-0.307691156818024	0.0210607899433239	0.541371446516244	1.64478129712975e-05	0.405114546492791	0.00195366037372721	0.145067181068549	0.286082904234441	0.0600322856923822	0.660295721268895	-0.142004949527726	0.296484441227537
Bcells_PRKCH	-0.500556827725496	8.53972481347022e-05	0.732286564200136	1.42037937573185e-10	0.447786217276737	0.000539169868910536	0.0384485168642291	0.77845195182004	0.091749749364678	0.501248099652661	-0.0325848703178219	0.811565916572438
Bcells_TRIM36	0.43876492103953	0.000717897841424078	-0.663557159809277	2.49521143531504e-08	0.0353674983402799	0.795806783930795	0.169173774620865	0.212605010887883	-0.533604842369441	2.28776244024043e-05	0.0237912704962993	0.861828830519088
Bcells_SNX24	-0.351772661646934	0.00784629583418618	0.654335831452719	4.51457566228899e-08	0.13337887251089	0.327090171095675	-0.0362108653422395	0.791046092350126	0.431891020280485	0.000888250500714334	-0.274513706207306	0.0406132838728375
Bcells_PARVG	-0.208361492340882	0.123308214484281	0.550233061460194	1.11738707747956e-05	0.347456571398524	0.00869592652814892	0.231694153275679	0.0857599532460973	-0.197653454422218	0.144237409329287	-0.0493484277937411	0.717964216913427
Bcells_ITLN1	-0.422051922043408	0.00119557064015849	0.661328682310304	2.8850590900171e-08	-0.0721605786925745	0.597144865485459	-0.192542300062667	0.155113696691659	0.554788769674802	9.12026820547687e-06	-0.0843882200201246	0.53633475988607
Bcells_FKBP5	-0.325436126147277	0.0143874727339373	0.421602051897807	0.00121166726022096	0.284123458464007	0.0338225634580097	0.283346856360919	0.0343337776459794	-0.0281350403831552	0.836919504948904	-0.0918801010219031	0.500637648315241
Bcells_PARM1	-0.479724343124895	0.000183211184685122	0.714797581849655	6.09947869859038e-10	-0.0748472659075361	0.583525204258731	-0.23939653126522	0.0755661414681756	0.57066830307142	4.38740798781788e-06	-0.0110623509355272	0.935506872782944
Bcells_EMB	-0.321573735567693	0.0156604004564183	0.499916605713294	8.74889156367002e-05	0.084879498497914	0.533956375364612	0.00454029032736114	0.973506918611537	0.39885681857265	0.00232756147004824	-0.152824175527647	0.260818800103949
Bcells_LINC00261	-0.400110091887165	0.00224794580034387	0.655203510968894	4.27328532933861e-08	-0.0830005726514054	0.543080518457307	-0.2502292858552	0.0628824156409219	0.639513798506744	1.1235660419625e-07	-0.170969262750548	0.207719719178084
Bcells_FRMD3	-0.404579639233615	0.00198338427339733	0.676307692931132	1.06155007939687e-08	-0.0829322705867538	0.543413612009297	-0.247388603603769	0.0660299779099969	0.629515116422806	2.02292737400837e-07	-0.119912334020167	0.378704950398604
Bcells_FFAR4	-0.300737587319747	0.0243114760028033	0.625834189514106	2.49880076991184e-07	-0.114167755913615	0.402127191623842	-0.114134427603709	0.402265496368706	0.622270994749951	3.05788469960089e-07	-0.247186809944771	0.0662582858234233
Bcells_LOC643733	-0.231821792173987	0.0855826490346415	0.502844681949985	7.82920984882528e-05	0.103522352159722	0.447696408693472	0.211556918642394	0.117532646013393	0.364424389553136	0.00575813505149864	-0.308833818965453	0.0205635206126862
Bcells_DENND2A	-0.309839292403123	0.0201342181338634	0.527503033040619	2.94812685727848e-05	-0.127436851860629	0.349291355849126	-0.247292138469011	0.0661390391552897	0.519817511520787	4.0298029096357e-05	-0.0632500983944182	0.643286149808308
Epithelialcells_GAMT	0.375046795335057	0.00439873587746621	-0.383737413389248	0.00350558979839833	-0.317458915517674	0.0171212478052848	-0.0019687748893944	0.988510320714065	-0.00329521742737629	0.980770426990653	-0.225339049123962	0.0949584622997123
Epithelialcells_KCNH8	0.0369476573369398	0.786893187095019	-0.375307958677393	0.00436922098025455	0.105989322911832	0.436889767519103	0.222724703373926	0.0989583924582325	-0.222646813093364	0.0990795381991587	0.101365735796283	0.457263227701422
Epithelialcells_LOC284926	0.0349901384924264	0.79793933461016	0.340010749615151	0.010350181956394	0.163455400108695	0.228699531750864	0.15877151755492	0.242495891461439	0.157910808120348	0.245091685408863	-0.518349341270986	4.27408233393527e-05
Epithelialcells_FAM201A	0.0781242506881505	0.567106355077536	-0.228219383856345	0.0906985405482261	0.0144070159618545	0.916069512747647	0.037110874916808	0.78597400833958	-0.133518414143002	0.326579748112451	0.0869274978145272	0.524097690146089
Epithelialcells_FAM111B	0.212847060343671	0.115260151990199	-0.486398821596562	0.000144228781541559	-0.236927436758615	0.0787234651034678	-0.0864216090145732	0.526524483424611	-0.122059277575901	0.370165263100561	0.322615049662	0.0153080802448475
Epithelialcells_LOC283177	-0.0215045113947587	0.874997708456314	-0.0637877369517564	0.640461487368743	-0.319523188934298	0.0163744864185073	-0.202572135745303	0.134317171631071	-0.114944266319301	0.398912707212559	0.250930033616513	0.0621248032430927
Epithelialcells_LOC728613	-0.129259079453554	0.342386260302008	-0.1617276312378	0.233724001841814	-0.0972858922959448	0.475662882946878	-0.0660852098396998	0.628448301875236	-0.0864848405060167	0.526220851638096	0.340979086136064	0.010120712667979
Epithelialcells_UPP1	0.146192067780627	0.282322918880002	-0.00571478644774144	0.966657087815969	0.40221492186783	0.00211967703769808	0.176912190773858	0.192115645819266	-0.0702143651408837	0.607097694432477	-0.251822275466672	0.0611707980546336
Epithelialcells_KDELR3	0.039955616860719	0.770001106784879	0.143891070974126	0.290049109138148	0.177954208506521	0.189468389380476	-0.0301856161434572	0.825213928599827	0.445656319402042	0.000577284897615607	-0.478050329086493	0.000194391850530528
Epithelialcells_FGFBP1	0.106183759301176	0.436044287887877	0.101144975241522	0.458248782916337	-0.206208535236017	0.127319340617333	-0.111911983042809	0.411550543359695	0.438018262193666	0.000734854289620706	-0.248587476231491	0.0646865412187245
Epithelialcells_GNG4	0.298762807945222	0.0253082482760782	-0.375894451697072	0.00430357446195252	-0.0604719591033513	0.657961244308642	-0.0229465779708263	0.866689054665076	-0.385043797226019	0.00338622600212022	0.353950886671157	0.00744563876453885
Epithelialcells_CEACAM8	0.414970570083844	0.00147259578423326	-0.552615870192328	1.0051600846681e-05	-0.172423581889156	0.203821126309355	0.0322552949182644	0.813437489067706	-0.102803145537963	0.450874481125688	-0.0612070051260879	0.654065705020286
Epithelialcells_CYP2B6	0.138399466187528	0.309042521110241	-0.361666829906192	0.00616625937351448	-0.217958623026163	0.10658537146449	-0.0447293728566754	0.743411968339569	-0.275202038991364	0.0400921684255776	0.39069369043984	0.0029103859278193
Epithelialcells_IRF7	0.0431294133699799	0.752292145764413	0.133140097416517	0.327964742803509	0.328268628817359	0.0135112896567588	0.526791511293868	3.03564618099871e-05	0.0166110134021023	0.903286986331624	-0.393295095122022	0.00271197437559507
Epithelialcells_NEU1	0.376314567250923	0.00425708639642527	-0.619613982045192	3.54894967570523e-07	-0.174748990050066	0.197695442076243	0.0838029440697193	0.539174952824603	-0.139518706757416	0.305108111574891	0.137947890685597	0.310639107378112
Epithelialcells_TSPAN6	0.0532788876564701	0.696545868863606	-0.24768625687218	0.06569436556234	-0.331268873829726	0.0126335770974705	-0.102284180000318	0.453175404242685	-0.0522182488303844	0.702303332671483	0.438778481682354	0.0007175931751557
Epithelialcells_AZGP1	0.47964474377445	0.000183729230946274	-0.698874355989725	2.09937512860371e-09	0.0111182270253798	0.935181812775754	0.125052151634973	0.358456661089658	-0.264389328632012	0.0489441842411298	0.0561150060168513	0.681234577639745
Epithelialcells_SLC19A2	0.110818777106332	0.416162767484757	-0.465004802288888	0.000305278533638829	0.0939226889038999	0.491122240376122	0.00670010583079099	0.960912386607545	-0.293507210259405	0.0281297915903432	0.321982553368052	0.0155212623472333
Epithelialcells_GRB7	0.352515788119936	0.0077075474524632	-0.551928203931173	1.03642454555891e-05	-0.285015609966047	0.0332431093242064	0.0122816540806505	0.928416022638743	-0.153388253488255	0.259042074529052	0.106050478900859	0.436623740326909
Epithelialcells_GALNT10	-0.031948646755596	0.81517979434461	0.28373200697458	0.0340794481336716	0.305254917964229	0.0221550761297885	0.0360920538711957	0.791716312931265	0.245538801385525	0.0681465766228573	-0.328342853932241	0.0134889596334634
Epithelialcells_LYPLA1	0.178868741462752	0.187166625133575	-0.490687076599449	0.000123356278645892	-0.129512084191803	0.341434285331418	-0.0538392386726755	0.693510937644442	-0.235305824278254	0.0808532107743047	0.37515510330966	0.0043864744064134
Epithelialcells_C9orf3	-0.198529505952524	0.142431724855278	0.256570882758018	0.0562900329650147	0.474309088729358	0.000221664980070041	0.0959210028370948	0.481905287452863	-0.070918702618942	0.60348743776214	0.0370093600040608	0.786545667357284
Epithelialcells_PRMT3	0.255201229520068	0.0576643075232391	-0.643800759836126	8.67481811241021e-08	-0.126074755215825	0.354508554035777	0.0173887524774795	0.898781973040815	-0.353297184832396	0.00756396297654904	0.406400712056914	0.00188381052498067
Epithelialcells_MTCL1	-0.0196649913312281	0.885615695588827	0.102639069638946	0.451601244165444	0.366771852542194	0.00542955815587252	0.265367937324747	0.0480825089232977	-0.03121316314783	0.819362252010497	-0.137141124268369	0.313504647985574
Epithelialcells_KAZN	-0.213890526824361	0.11344684962469	0.366189721854609	0.00550946716425946	0.100539409001704	0.460958185644775	-0.214991137625607	0.111557994259326	0.161469540235393	0.234481025265465	0.0312662267988502	0.819060327450829
Epithelialcells_MUC1	-0.166841843434814	0.219069503640608	0.519232440407276	4.12556375341734e-05	-0.153605454985539	0.25836011434455	-0.106560820774584	0.434407304092985	0.588297203819973	1.85967697877912e-06	-0.315808593533862	0.0177389645172751
Epithelialcells_GPR161	-0.374614531977063	0.00444797328275362	0.527665068989156	2.92852443383104e-05	0.347545216972626	0.00867770364478201	-0.0106371958986284	0.937980557172533	0.104535198164657	0.443241844327509	-0.0874813235038939	0.521447344282528
Epithelialcells_MUC5AC	0.190638249210535	0.159316399212061	-0.0605075337257942	0.657772499645127	0.0806263306061082	0.554716787915075	-0.109490807764792	0.421805142336952	0.239108813780967	0.0759288022916209	-0.173725991096372	0.20037393741575
Epithelialcells_TOX3	-0.390051928229168	0.00296127091879777	-0.0798148781917098	0.558720736912702	-0.234999142518853	0.0812610565020097	-0.131607727844408	0.333612468567625	0.0820669885482856	0.547641931330773	0.514637226997644	4.95386449195473e-05
Epithelialcells_MST4	0.148848641649419	0.273573002433227	-0.416496683987966	0.00140845388240489	-0.02109201642805	0.87737685773267	0.196206908165447	0.147256221053876	-0.386103700204694	0.00329203990871321	0.345194113593734	0.00917240373680603
Epithelialcells_PARP12	-0.00419146617148992	0.975541699454163	0.122277656277566	0.369303204292322	0.348462210654012	0.00849113461348941	0.51130708341519	5.64702045020677e-05	-0.00310866104458135	0.981858907723637	-0.158516682156553	0.243262477634758
Epithelialcells_MOSPD1	0.0151595292900634	0.911702624315539	-0.369673953588734	0.00504616816154164	0.153168229489175	0.25973413139158	0.0702531885150957	0.606898451656057	-0.361375729214253	0.00621078526789882	0.498661712394869	9.17257971069547e-05
Epithelialcells_ASRGL1	-0.0320820221238819	0.81442187607946	0.240979198546719	0.0735957274401111	-0.0639681924264251	0.639514535724858	-0.083061134681356	0.542785253973866	0.573432952284649	3.84746524125759e-06	-0.279601151944435	0.036890400770297
Epithelialcells_USP18	0.0824164660644139	0.545932259535546	-0.0923651877114412	0.498369303047211	0.170610308190213	0.208690002889613	0.654282239292492	4.52989180113878e-08	-0.0727730732422968	0.594027593557516	-0.23750574464419	0.0779747656391803
Epithelialcells_RNF128	0.0795825116295019	0.559869810928676	-0.448775413980461	0.000522255146273204	-0.196841171929395	0.145926841655956	-0.214031088321546	0.113204264945719	-0.0134166382009501	0.921820478912009	0.339644816611911	0.0104380620650887
Epithelialcells_PXMP4	0.409102442451097	0.00174429560285099	-0.668799917360459	1.76470622007388e-08	-0.223772107574067	0.0973404628827575	0.0763061993471867	0.576188864899852	-0.434082569040226	0.000830353564814379	0.367601704532874	0.00531740269852396
Epithelialcells_CEP72	0.348438303953585	0.00849595399478035	-0.669966248098465	1.63228790499377e-08	0.13177409007012	0.332996387720834	0.240881646275996	0.0737159866359196	-0.531254494779123	2.52397865814189e-05	0.237344994792945	0.0781823108166649
Epithelialcells_RNF39	0.356103957943184	0.00706724973606788	-0.406411693352706	0.00188322386922728	-0.109393855989907	0.422218778481429	-0.132961398603812	0.328620234338008	-0.118004083587862	0.386393255214674	0.0580887971929338	0.670653095019872
Epithelialcells_FAM122B	-0.0504045395813495	0.712187107904689	-0.303720597670751	0.0228686138618437	-0.123929612955041	0.362821411304762	0.159803429820747	0.239408620706659	-0.290052267876809	0.0301245453495399	0.39780256466209	0.00239646703242561
Epithelialcells_ANKH	-0.0298389325605846	0.827190371217753	-0.210999192801523	0.118525555640703	-0.00364830444312199	0.978710404493807	-0.211398532087441	0.117813971556867	-0.127845881953834	0.347733958982324	0.49328773567725	0.000112085184960674
Epithelialcells_FKBP5	-0.262258135507928	0.0508643398971181	0.461267226855675	0.000346280186904825	0.176518649657076	0.193122284721159	-0.00564377660151195	0.967071164513991	0.145316589179607	0.285246422682994	-0.0344298596648173	0.801108304829683
Epithelialcells_ELOVL7	-0.242319280839344	0.0719594495499918	0.229841232903416	0.0883664852885597	-0.240874231477668	0.073725133734509	-0.079285457757296	0.56134038954859	0.183512777128966	0.175787502332042	0.266353602445342	0.0472271817368956
Epithelialcells_S100A16	0.384581150086656	0.00342808018008611	0.0260199881065021	0.849029988819417	0.135825692129352	0.318213046811362	0.0608108119011957	0.656164289318526	0.351132818734791	0.00796749712471409	-0.551618491797754	1.05079804305262e-05
Epithelialcells_EPB41L5	0.248814013173003	0.0644351673432524	-0.559032229931887	7.52803484148601e-06	-0.16896529444684	0.213177440216514	0.0254193789549312	0.852475440186701	-0.264451108360934	0.048889416599637	0.408375727159691	0.00178088449314579
Epithelialcells_PDZD8	-0.179207492015574	0.186319147324941	-0.0327260527747722	0.810764497748039	-0.281599543800717	0.0355074706082581	-0.059129955003768	0.665096767078026	0.0244533890004342	0.858022650018789	0.277508380996088	0.0383861292424145
Epithelialcells_PARD6B	0.14051016020542	0.301650007342524	-0.481590528351381	0.000171441571408097	-0.0742112870527182	0.586736447541704	0.0596289432524382	0.662440126896096	-0.178360329692306	0.188443743493183	0.304854865656411	0.0223392827389166
Epithelialcells_SLC19A3	-0.0113294670165015	0.933953016236999	-0.109315007728652	0.422555347885401	-0.281957893768411	0.035264088462114	-0.0145296911751038	0.915357448345934	-0.174047227054475	0.199530094295661	0.444448868744064	0.000599959397217868
Epithelialcells_CELSR3	0.360533888583157	0.00634113749575763	-0.68047920073709	7.95252868626347e-09	-0.184959094055873	0.172348247210986	0.0830308886425451	0.542932705974775	-0.383083569043821	0.00356671657430419	0.29401500375319	0.0278461543010902
Myeloids_CLEC12A	-0.270054605515393	0.0441258870842803	0.434903721099169	0.000809551642829961	0.567889588845363	5.0004915772555e-06	0.178507187388483	0.188074200527806	-0.170234405791117	0.209709515154852	-0.201067750688505	0.137295243594498
Myeloids_WARS	0.343858203514404	0.00946425039524794	-0.0294237855132391	0.829558523389012	0.130211793849066	0.338810088549543	0.514661205527456	4.94917083018399e-05	-0.12910623598146	0.34296215929243	-0.396555795564995	0.00248029251395454
Myeloids_CKAP4	-0.153092232035101	0.259973460303106	0.254732498252389	0.0581407987924427	0.260843472829593	0.0521724498893074	0.0151197099089647	0.911933635231571	0.360106275614065	0.00640826153159859	-0.147585518425726	0.277710602652619
Myeloids_LGALS1	-0.0880523474906561	0.518721732264224	0.322277481283818	0.0154215434350619	0.641716865980744	9.84205414422331e-08	0.279267014866401	0.03712592408009	-0.27668049396691	0.038991496312527	-0.0202960621444188	0.881970713577014
Myeloids_EMP1	0.21071161390458	0.119040018716309	0.0247390326605419	0.856381615458812	0.465286618453538	0.000302373725948558	0.219237785204307	0.104495291548912	0.0215422814098939	0.874779916696125	-0.321672818623224	0.0156265807442994
Myeloids_COL6A3	-0.0620778884817734	0.649462098645731	0.247043101310162	0.0664212617434198	0.700128010614754	1.91026694122673e-09	0.286810040421818	0.0321026068365908	-0.407767857270533	0.00181201459334102	0.0188080388412655	0.890569094708841
Myeloids_PRCP	-0.350237809505336	0.00813976472522806	0.558568666555001	7.68847280115224e-06	0.490940242223914	0.000122215148549512	0.0263960845749062	0.846873897777359	-0.0243856399386755	0.858411958933071	0.0168367692187732	0.901978989335636
Myeloids_PPP4R1	-0.219460495092914	0.10413465154676	0.46651851691313	0.000289968910947873	0.39880556300619	0.0023308702883971	-0.0569255780575945	0.676881583264262	0.118707980011984	0.38354655648831	-0.144885855431411	0.286692056441801
Myeloids_SH3BP5	-0.336293809177994	0.0112732763548567	0.665539175742313	2.19071751361467e-08	0.427219321465347	0.00102396920976336	0.182017618523654	0.179394911666326	-0.0893410003639251	0.512597134550872	-0.0386381871416269	0.777386979212653
Myeloids_CTSL	0.106717469321252	0.433728242105885	0.176449969581987	0.193298346731816	0.538024302654617	1.89802128964467e-05	0.417179051684989	0.00138059291568096	-0.113005787163793	0.406965438508597	-0.334308603874756	0.011794785072226
Myeloids_ARL4C	-0.128544985770529	0.345082051112434	0.344892218767715	0.00923766478869913	0.692470783882415	3.37503022291958e-09	0.15837517773756	0.24368885982321	-0.12673179675444	0.351985964292453	-0.204160780735544	0.131225275436297
Myeloids_PCOLCE	0.0431362385880873	0.752254195400483	0.212447529208479	0.115960278884692	0.665153836096143	2.24702668770649e-08	0.383786414687497	0.00350104628643362	-0.382152451724738	0.00365539100112555	-0.2673962750279	0.0463359624232099
Myeloids_UPP1	-0.305145239891535	0.0222054498983872	0.0380370435373956	0.780763706378238	-0.473071066730448	0.000231431064545017	-0.252786888945549	0.0601527133525447	0.0320794516728662	0.814436481319728	0.412026163362256	0.00160378369647038
Myeloids_PLEK	-0.00661129724699301	0.961430090175193	0.214734405138275	0.111996423998965	0.500527575859209	8.54918070224153e-05	0.318976312471854	0.016569561908244	-0.21317684974652	0.114684676409479	-0.235986309774953	0.0799540244529493
Myeloids_HMOX1	0.114029125643165	0.402702657190427	0.151296111287269	0.265672955723059	0.423805293094214	0.00113465004036929	0.239378821599627	0.0755884243114335	0.0501186752093197	0.713749266037537	-0.357714453969296	0.00679529048953261
Myeloids_IGFBP6	-0.0773019651678218	0.571206015329309	0.421492136725509	0.00121562953825263	0.520337623765177	3.94639899550584e-05	0.232249594696017	0.0849904842597834	-0.338691336077224	0.0106700803711189	-0.0264380226314953	0.846633543431506
Myeloids_CYBB	-0.429230335088309	0.000963413128015606	0.528069154605792	2.88016296588345e-05	0.439933147534993	0.000692075417619572	0.165496333645622	0.222861269057371	-0.0435179846282739	0.750132496283736	0.0608390696522714	0.656014524047171
Myeloids_COL7A1	0.217486309925978	0.10736519320868	-0.0596007440214764	0.662590151492429	0.700199262119732	1.9000181752919e-09	0.415571655455953	0.00144702668339279	-0.512095761176008	5.47523839131175e-05	-0.118155582850443	0.38577950560238
Myeloids_FCER1G	0.118056924521081	0.38617912173679	0.335650873260639	0.0114399515682439	0.437229355295522	0.000753162116312157	0.376932362449529	0.0041895278825047	-0.127906573308847	0.347503240690241	-0.267944748879637	0.0458727087302306
Myeloids_ISG20	0.182869132612713	0.17733394087904	0.0879024597560464	0.519436483382394	0.240377836905237	0.0743395538414586	0.389988750761082	0.00296632262308884	0.27949366396085	0.0369660305641792	-0.51448843822775	4.98308080354817e-05
Myeloids_EML1	-0.279601324168373	0.0368902796943729	0.590619049643762	1.65459414864402e-06	0.59236422063888	1.5145655386704e-06	0.109355859793024	0.422380948880254	-0.104353427606761	0.44403946584946	-0.00447543179133084	0.973885242803726
Myeloids_TFF1	0.0135952690810177	0.920782895466564	0.151496896415792	0.265031700694705	0.148800827121581	0.273728878122465	0.0833035448179068	0.541604185060312	0.249444791549157	0.0637393585311996	-0.223108836389608	0.0983626155388513
Myeloids_PDGFRL	-0.196645721185424	0.146335539663055	0.485959108847187	0.000146542213178835	0.47856842501363	0.000190866692733384	0.0628080287862295	0.64561247091252	0.207051650640483	0.125736959522396	-0.328884917714921	0.0133268428119573
Myeloids_KCNJ8	-0.140456541560132	0.301836373304188	0.250847132287711	0.0622140472592114	0.556300944519799	8.52010806432842e-06	0.173181173166207	0.201810882678603	-0.35512878984463	0.00723649875810367	0.0224368161028071	0.869624525848895
Myeloids_OASL	0.291255832425531	0.0294166522283279	-0.123226714083381	0.365570872855478	0.192911376584654	0.154308610953421	0.447717201164526	0.000540368311196889	-0.138011762354098	0.310412962630138	-0.315913079809909	0.0176993001537139
Myeloids_TFEC	-0.313055499937328	0.0188116878865905	0.521067791244209	3.83199460279239e-05	0.416761425528786	0.00139758527934015	0.35381348006319	0.00747037545051505	-0.218947696345106	0.104966484674833	0.0845124949526969	0.535732629040816
Myeloids_PTGFR	-0.331459002982651	0.0125796475771758	0.584855846397736	2.20764936903219e-06	0.422041914848789	0.00119592660575061	0.00708035909688908	0.958695909942676	-0.180778671532101	0.182424435975509	0.0625062513102444	0.64720246617855
Myeloids_TUBB6	-0.0437810220139912	0.748671632994553	0.370714103840295	0.00491466364894543	0.648504685014802	6.50078221432293e-08	0.233574916431149	0.0831763953094006	-0.271116549032445	0.0432675335740307	-0.0547708672309024	0.688475702020851
Myeloids_IFI35	-0.238251655854701	0.0770174137261575	0.0535699988488508	0.69496858134077	-0.0586941780192733	0.667420216547082	-0.540946825352715	1.67507704814266e-05	-0.13797695878707	0.310536175431532	0.298934936366992	0.0252200203923715
Myeloids_RGL1	0.389207945716061	0.00302938990921766	-0.608782333410068	6.42201224260353e-07	-0.425907474640632	0.0010652947235324	-0.169929796203232	0.210538235863429	0.104656127114887	0.442711641033589	-0.0784171437056663	0.565649398759356
Myeloids_BLVRA	0.057946338700274	0.671414722320655	0.315623665802643	0.0178093510687334	0.287141103349271	0.0318957928509428	0.332775506463619	0.0122116308273615	-0.170664557591133	0.208543157896245	-0.215745595851208	0.110277198977977
Myeloids_IGFBP5	-0.226125062376541	0.0937808163570676	0.380435738129115	0.00382399949843672	0.592184697506878	1.52844204289886e-06	-0.00897376886964757	0.947664269507019	-0.0173195575211598	0.899182654904989	-0.0365111738180958	0.789352709725589
Myeloids_PXDN	-0.145177501899599	0.285712704421612	0.249072669428851	0.064149111412491	0.689928868803127	4.06129572267533e-09	0.155836646665307	0.251424739268968	-0.272764853614982	0.0419624262644591	0.0866193165081241	0.525575399532476
Myeloids_LHFPL2	-0.0361602909240383	0.791331366479015	-0.264942209707391	0.0484558319404827	0.165261263947793	0.223528371861418	-0.137361760091316	0.312719300870313	-0.28186339241943	0.0353281366424316	0.110082817879066	0.419284399175682
Myeloids_C9orf3	-0.0623436068094916	0.648060052214949	0.172155452506433	0.204535980784134	0.514604373770492	4.96030198124234e-05	0.136329248420994	0.316405348824395	-0.144735058005127	0.287199298870797	-0.0480525660600498	0.725074240464159
Myeloids_AHNAK2	0.0959161734727226	0.481927451449382	0.172896772599363	0.202563876681232	0.499425070655634	8.91266049313824e-05	0.166826260476506	0.219113158451576	-0.262153229645685	0.0509604186999988	-0.204378384028251	0.130805976706633
Myeloids_ANGPTL2	0.0244677576306663	0.857940087342891	0.254258975729631	0.058625383804447	0.688019411491312	4.66140711023908e-09	0.270563222256634	0.0437130526568313	-0.385571734830826	0.00333901803683444	-0.143685639574496	0.290745559361969
Myeloids_LPPR4	-0.4340621132315	0.000830877858422436	0.489052999655978	0.000130959672700872	0.590221205456657	1.68816462875495e-06	-0.0119840916779464	0.930146006608792	-0.249065998722183	0.0641564759303286	0.23598739671329	0.07995259452847
Myeloids_HLX	-0.168987426985808	0.213116619091798	0.479240986050822	0.000186377619378121	0.485255002615583	0.000150317468193865	0.163073079440255	0.229804853365451	-0.0831882132933607	0.542165946965097	-0.0996559812034963	0.464926346056185
Myeloids_FCGR1B	-0.0216754171902341	0.874012294681649	0.296346214560487	0.0265745800384926	0.586570187776428	2.02734664155679e-06	0.475527401450632	0.000212422756991002	-0.358986169778423	0.00658704205164483	-0.189181019041147	0.162588977488814
Myeloids_CD163	-0.291682422193997	0.029169109292257	0.597481167111497	1.16513618993451e-06	0.435222303212512	0.000801608459537312	0.318304287542077	0.0168119919804288	-0.00964691450119845	0.94374453899281	-0.225328107961057	0.0949749357908078
Myeloids_AIF1	-0.0390422759408876	0.775119433449597	0.430351734490581	0.000931063176968215	0.308374682126253	0.0207621211126832	0.246251419922862	0.0673248471425706	0.0135534546999318	0.921025764014013	-0.230697852174365	0.0871538557917253
Myeloids_RAB31	-0.00311261397860666	0.981835843611531	0.276462997073111	0.0391518347713007	0.722486554054595	3.25789391262889e-10	0.378757402567371	0.00399543939540129	-0.346239315928791	0.00894953977704771	-0.14399123935129	0.289709916073939
Myeloids_SOBP	-0.41456493251265	0.00149007873752854	0.564323516131773	5.90420039406788e-06	0.5236964882513	3.444972278954e-05	0.126361204234006	0.353407424710399	-0.067186174025673	0.62272497471029	0.0716937975906183	0.599525377047591
Myeloids_ADAP2	0.322448879824671	0.0153638435377882	-0.552890478631762	9.92921407881322e-06	-0.505310019590014	7.12465835239634e-05	-0.222751795466979	0.098916282031194	-0.0165742638613706	0.903499932166809	0.12082348231287	0.375066468980436
Myeloids_SLAMF8	-0.195732126416584	0.148257209150331	0.476344423206721	0.000206423181315404	0.435542580570346	0.000793693910464975	0.442447369935684	0.000639324571479081	-0.0965030326442047	0.479238056407958	-0.170684878450562	0.208488171119688
Myeloids_TMEM45A	-0.327448586765953	0.0137601126169602	0.572116457136309	4.09635833832652e-06	0.496545163396346	9.93006117512295e-05	0.143899766859179	0.290019652586192	-0.0961441456124768	0.480881778728495	0.0156652318525943	0.908769443777205
Myeloids_AGPAT4	0.0556166979057344	0.683915769536805	0.169062745206469	0.212909732745111	0.447896418614756	0.000537261246028814	0.242921052224955	0.071234155295488	-0.16620581890161	0.220856227051916	-0.0736980863268158	0.589333535171127
Myeloids_PILRA	0.132941984856809	0.32869149628322	0.261305714183232	0.0517420505832353	0.402688396005825	0.00209173812759229	0.385637777174942	0.00333315373351803	-0.240930656622418	0.0736555488065133	-0.28534875720607	0.0330288574013686
Myeloids_MS4A7	-0.360534449511691	0.00634104985004392	0.593050028983314	1.4626307795848e-06	0.275047749089526	0.0402084946584973	0.0779874550308618	0.567787424587947	0.144617313658049	0.28759576857237	-0.0516683324741378	0.70529501564473
Myeloids_PARVG	0.269258105903502	0.0447788123270642	-0.545818708367171	1.35656213268375e-05	-0.35398195892915	0.00744005487436891	-0.220912359067857	0.10180711203967	0.144746003426865	0.287162461581819	0.000298211530299862	0.998259594166431
Myeloids_ADAMTS2	0.0636618400948829	0.641122476389404	0.083202940427787	0.542094197658536	0.694103665226687	2.9936794061762e-09	0.399687727280487	0.00227450188373925	-0.60467601521794	7.99519678301449e-07	-0.00240429438732265	0.98596888064236
Myeloids_PIK3AP1	-0.203998562998611	0.131538510344642	0.462141904824681	0.000336260044539189	0.276235642631512	0.0393200214969115	0.361910436325153	0.00612921299037649	-0.0692196846665073	0.612212072427927	-0.101693043486336	0.455804139076301
Myeloids_BCAT1	-0.114409924471772	0.401123081115188	0.357411226292037	0.00684578583835267	0.650433211759743	5.7672765953921e-08	0.174821392578345	0.197506841701007	-0.395041722023352	0.00258558794954895	0.0158053949434303	0.90795668078608
Myeloids_CD109	-0.273438696081195	0.0414382935797422	0.554548534841734	9.21914921779659e-06	0.656458254380034	3.94574737275866e-08	0.122025318460388	0.37029942715595	-0.170175236382186	0.209870311514912	-0.000726684557630171	0.995758979444518
Myeloids_PRRX1	-0.153582434112344	0.258432336956774	0.441728627679899	0.000654020616283224	0.716354078501641	5.38118522045473e-10	0.329037697595826	0.0132814538651322	-0.364998404218778	0.00567622055650125	-0.11290476474908	0.407387667595759
Myeloids_FAM20C	-0.101468234186486	0.456806031284917	0.472216230781972	0.000238401648262605	0.615011672582288	4.57849899520241e-07	0.315190240129109	0.0179752524488509	-0.154383011431438	0.255928697082333	-0.205456019290735	0.128744358689954
Myeloids_FAM20A	-0.0762674523791619	0.576383158443708	0.333940119129108	0.0118938391066034	0.345782122855715	0.00904644010181074	0.186443440218496	0.168869695751498	-0.356445939405548	0.00700871930723779	-0.191107624481344	0.158272682074951
Myeloids_ASPHD2	-0.0486356378636338	0.721872198762419	0.215777266105211	0.110223682378372	0.0713716960362889	0.601170476624276	0.247605666807393	0.0657850979031578	0.0829550313513242	0.543302601985137	-0.0372061235233555	0.785437738611304
Myeloids_GPX8	-0.110218295505475	0.418708756778172	0.240317874476233	0.0744140477280008	0.535287115794552	2.13142693083001e-05	0.142384527224972	0.295181941889786	0.0318227805973433	0.815895195015871	-0.107053174396579	0.432274991425113
Myeloids_PIK3R5	-0.143950912683056	0.289846440178257	0.451865493995043	0.000472465334236262	0.493263660222915	0.000112185048264166	0.263355341881114	0.0498682638762223	-0.233477755862299	0.0833083435929427	-0.131555671493998	0.333805392935392
Myeloids_FAM65C	-0.263901166987911	0.0493787011765506	0.458615139279199	0.000378343281044705	0.447570282849184	0.00054292753368666	0.147174450142089	0.279066020014697	-0.17297175278129	0.202365162349664	0.1520716139441	0.263201936691755
Myeloids_MRGPRF	-0.307631891952008	0.0210868564538217	0.689755184484282	4.11270540649874e-09	0.459004743669346	0.000373470082095257	0.0625241896641824	0.647107909317799	-0.00634413879144608	0.962987566571259	-0.0895944017643273	0.511397115865574
Myeloids_DDX60L	-0.273570282226137	0.0413365737914273	0.447516485590024	0.000543867388084937	0.408956623658475	0.0017515830073019	0.0503392317646367	0.712543891241001	0.176381591462176	0.193473748474	-0.0478837051220777	0.726002446147489
Myeloids_TWIST2	-0.191194391046759	0.158080297654624	0.589100594987834	1.78617224159956e-06	0.473245501567589	0.000230031706281855	0.10697380659615	0.432618323099386	-0.210795127143142	0.118890443115461	0.0416102902521593	0.760753275981545
Myeloids_IFIT3	-0.00120332481690249	0.992977304191681	0.055918989280461	0.682288798765323	0.457054928128818	0.000398442584728148	0.654277789715671	4.53116564553704e-08	-0.315634383089545	0.0178052654104868	-0.115202771851877	0.397845928630428
Myeloids_MS4A14	-0.132117513321794	0.331726865038949	0.435368546887828	0.00079798576624193	0.437992500014553	0.000735445740138557	0.255047080069962	0.0578206595527831	-0.0112664232081388	0.934319730220623	-0.28323413732249	0.0344085077219633
Myeloids_GBP5	-0.027823789459278	0.83869939791375	0.230311356477732	0.0876993527698063	0.38780699264107	0.00314553235860537	0.493485174195487	0.000111269292011995	-0.273229593476727	0.0416003594708858	-0.0952957967791603	0.484779097883953
Myeloids_GAS2L1	-0.165575926143709	0.222635708163603	0.301219345636362	0.0240733900118687	0.134164732495505	0.324222173808122	0.220031597130325	0.103214242320806	0.00333385226555138	0.980545012683554	-0.101506066674842	0.456637341705719
Myeloids_PI3	0.330001842537575	0.0129980707699603	-0.0999054627068708	0.463803863860147	0.00493493884169403	0.971205035240712	0.288203862027466	0.0312393775261725	0.238367254239129	0.076869883904137	-0.417533446744852	0.00136631875880942
Stromalcells_NREP	-0.257141200242696	0.0557256620142196	0.45652710711016	0.000405458531589677	0.525680071917923	3.17716764540207e-05	0.103620778509887	0.447262441318827	-0.310718578380671	0.019765046316918	0.161537525868854	0.234281448646626
Stromalcells_PRCP	0.285940470378624	0.0326511498893068	-0.483303035434777	0.000161253381838429	-0.425408788815445	0.00108139335686768	0.0121136809074948	0.929392554013567	0.0414174592884855	0.761829310798931	-0.0946199380910713	0.487895858522871
Stromalcells_COL1A2	-0.0452986132039455	0.740260457571204	0.131918095268438	0.332463677284608	0.66330240006025	2.53712412753434e-08	0.223531846710905	0.0977097661219607	-0.488353727489033	0.000134342581531934	0.134144554712408	0.324295612963807
Stromalcells_LOXL1	-0.0650328752870872	0.633939200743292	0.279747224111704	0.0367878280080791	0.569389100845452	4.66039485622219e-06	0.29558091791152	0.0269865301586379	-0.127701057190649	0.348284892986619	-0.25705547710103	0.0558101976188859
Stromalcells_PRKAR2B	-0.502728727675277	7.86387199675494e-05	0.70958981628984	9.22102741912452e-10	0.0941396985473977	0.490116879146368	0.0697589944241763	0.609436787091522	0.260698127136659	0.052308383011988	-0.0648692241774035	0.634794876416851
Stromalcells_VASH1	-0.183575388034381	0.175637594927258	0.487841284867301	0.00013687223431523	0.51185815131186	5.52647910201651e-05	0.173995464931646	0.199665895543538	-0.242362102839354	0.0719076441661575	-0.0219532586944728	0.872410713720604
Stromalcells_MAOB	-0.38209704437678	0.00366072856353924	0.729211006895034	1.85022166716495e-10	0.17302554874117	0.202222676054767	-0.169928969710696	0.210540487546661	0.140128690048931	0.30297752877592	0.0675924010983167	0.620618775699958
Stromalcells_COL16A1	-0.228416255807684	0.0904129195251881	0.473603266092757	0.000227185742772749	0.59180476402739	1.55820196394095e-06	0.115770461874723	0.395509106363796	-0.0815362592811147	0.550243211787188	-0.155885885521267	0.251273124187767
Stromalcells_LRRC17	-0.400884291356034	0.00219998403983268	0.648228290117677	6.61283063618877e-08	0.354636861215514	0.0073232107237101	-0.0846923834605938	0.534861628644466	0.0526904975551335	0.699737752029921	0.0190311643478901	0.889278966057455
Stromalcells_PCDH17	-0.0355326867215275	0.794873730195488	0.183750567211418	0.175218661108229	0.677138156523567	1.00260631318486e-08	0.0398216313863538	0.770751352712996	-0.401572478213263	0.00215811810719012	0.121466091243383	0.3725130151979
Stromalcells_FOXF1	-0.317135085331074	0.0172409901146944	0.502420646023974	7.95665253184354e-05	0.338308689851418	0.0107644383070658	0.0738212765763426	0.58870965255052	0.0186808974702211	0.891304361973717	0.135965578378373	0.317710216063513
Stromalcells_CILP	-0.50731567244763	6.59498635938235e-05	0.795937843768252	2.2799493933665e-13	0.109001682427051	0.423894307901805	-0.21543842918764	0.110797286722717	0.11830196149623	0.385187050567612	0.109932279328893	0.419924565453908
Stromalcells_COL6A2	0.00651568597344584	0.961987467221284	0.30534854634225	0.0221121502346792	0.536261505174495	2.04545558335773e-05	0.292001936116034	0.0289848437948915	-0.19352835117328	0.152969669718014	-0.388111191799094	0.00311998357167781
Stromalcells_RGL1	-0.373190606583302	0.00461361654067574	0.614592399415028	4.68503989731371e-07	0.411409161944009	0.00163256375457713	0.162277861176145	0.232115712261679	-0.0996050521380237	0.4651556694999	0.0979690225863781	0.472554808264275
Stromalcells_NFATC1	0.0256934753060889	0.85090271703722	0.27574316149496	0.0396863819291697	0.553900063374607	9.49105073561081e-06	0.233994401577966	0.0826086039413096	-0.182300886654822	0.178707388719578	-0.250979520591578	0.0620715791574365
Stromalcells_COL5A1	-0.140224736141269	0.30264293200156	0.307153547956158	0.0212982485472456	0.43064800780937	0.000922681268382841	0.178491124187134	0.188114595570599	-0.370520140571098	0.00493895514203434	0.0682260093267473	0.617339686538821
Stromalcells_C9orf3	0.153980886518991	0.257184204706498	-0.234228794863819	0.0822926747188269	-0.419086098724143	0.00130532837071122	-0.0639328028190561	0.639700200016443	0.0783167328643657	0.56614868189403	-0.0777878838569273	0.568781718740096
Stromalcells_COL6A1	-0.143619763844113	0.290969121509957	0.37607708054946	0.00428331091518857	0.715118272091893	5.94443800052545e-10	0.20057819951379	0.138274950649156	-0.417351104049998	0.00137364646725559	-0.209074994625577	0.122000284725247
Stromalcells_COL3A1	-0.029374195795621	0.829841502553954	0.177835138520775	0.189769558654656	0.689005087270803	4.34187684397566e-09	0.12620774111284	0.353997085669918	-0.446066928411657	0.000569752624005551	-0.125170045664982	0.358000125687582
Stromalcells_MAFB	-0.490271963353168	0.000125248514649884	0.668556163513266	1.79363126038095e-08	0.320579554374527	0.0160032193518453	0.186633032219596	0.168429102943904	0.0510455312208617	0.708688564578637	0.0294339917516101	0.829500285093282
Stromalcells_MICALL2	0.12273630237235	0.367496634150161	-0.148996255852165	0.273092151242898	-0.00632482913944931	0.963100143082484	-0.17333043913362	0.201416472827709	-0.33452928473843	0.0117358039121508	-0.0644550969489051	0.636962323459083
Stromalcells_ADAP2	-0.335902872906644	0.0113743714102167	0.582720658672716	2.45313265923874e-06	0.479875581669173	0.000182230572052862	0.226752546449852	0.0928488841067069	0.0483450032410105	0.723467682021709	-0.123946510424321	0.362755470375577
Stromalcells_TRPS1	-0.204959225590315	0.129691702114593	0.522438455578356	3.62545397432214e-05	0.492957680838599	0.00011346135248475	0.172944436180983	0.202437541485953	-0.293289931739746	0.028251893512413	-0.00353090394483925	0.979395341867279
Stromalcells_AMOTL1	-0.330349449227409	0.0128971842152859	0.674786212140201	1.17811745554314e-08	0.586934204964592	1.99087424158052e-06	0.0562674735203684	0.680414991892554	-0.164284348640375	0.226315620908367	-0.0237982675265277	0.861788591708174
Stromalcells_STAT2	-0.354965388060487	0.00726520165116629	0.608790756762033	6.41910602049219e-07	0.406838524024656	0.00186054717841094	0.156308626315327	0.249973982136882	-0.00263406595263725	0.98462812075982	-0.0169130265118344	0.901537223711319
Stromalcells_GPSM1	-0.217214374771991	0.107816165047651	0.438528850696904	0.000723220364761368	0.501107582691828	8.36347161558494e-05	0.0486138753551494	0.72199162676142	-0.266379305320203	0.0472050451227022	0.0181169505582282	0.894566792401719
Stromalcells_MRVI1	-0.464665650807399	0.000308807971710664	0.776040486935511	2.13141417199806e-12	0.498320710583357	9.29092114699123e-05	0.0924880071050859	0.497795823368474	-0.12581506227402	0.355508648962334	0.0428814513431994	0.753671286779807
Stromalcells_ZNF521	-0.301689876004602	0.0238427524258036	0.531220371996942	2.52756831456224e-05	0.593774002415338	1.40961351548148e-06	0.0681665346940657	0.617647169632106	-0.175607824619289	0.195466515242139	0.0298502818644592	0.827125651935676
Stromalcells_SFMBT2	-0.464043287620409	0.00031538140896863	0.702909519994638	1.54661574762389e-09	0.380138150654368	0.00385391542636611	0.118745377647809	0.383395662948075	0.0677146684914773	0.619985436281848	-0.0268425326543746	0.84431594072838
Stromalcells_SHANK3	-0.27361836962411	0.0412994521947794	0.423189093181677	0.00115573445075656	0.31524710254114	0.0179534126566668	0.0562206563461242	0.680666617620117	-0.262517182759557	0.0506277210233123	0.0448648766324201	0.742661391515704
Stromalcells_PAPPA	-0.115086826509292	0.39832419515711	0.385510090176185	0.00334450007886535	0.605395563475539	7.69575536548329e-07	0.0964872092814675	0.47931046541063	-0.173756479583345	0.200293739738611	-0.0829714256353895	0.543222649700789
Stromalcells_ALPK2	-0.0456825651269856	0.738137154136751	0.460264774463018	0.00035809729120223	0.417207304421542	0.001379450083038	0.245903383843474	0.0677251763516948	-0.0998983066116625	0.463836040545692	-0.26320048814173	0.0500078735812836
Stromalcells_RUNX1T1	-0.449550198289131	0.000509343939815655	0.741949430844297	6.04259253970169e-11	0.474920457570038	0.000216982205514039	0.101778645622119	0.455422958021546	-0.0413783028674805	0.762047866104639	0.0196398579648898	0.885760911837474
Stromalcells_ARL10	-0.270636540599881	0.0436538038329511	0.331556489157539	0.0125520728320362	0.412793580078685	0.00156862117761966	0.0882439414124319	0.517808821659371	-0.350087268923549	0.0081690561772912	0.346931643989447	0.008804518485244
Stromalcells_CD84	-0.366123178580233	0.00551866691261678	0.627967445157999	2.21158361183997e-07	0.258048470721486	0.0548372993439355	0.238566179457886	0.0766165342560942	-0.0464918099619671	0.733668296635761	-0.00195440579825965	0.988594172493677
Tcells_QPRT	0.162099054124241	0.232637515071227	-0.398120221091228	0.00237551662110998	-0.20181719163905	0.135805527953886	0.0265777770060029	0.845832686859931	0.0122838401750947	0.928403314214628	0.239784786740371	0.0750789344664697
Tcells_OAS2	0.19490546259221	0.150012114832963	-0.0518520132479935	0.704295250807244	0.146498747218345	0.281303504652898	0.703327004729291	1.49805134133904e-09	-0.188801123320312	0.163450171311673	-0.238475589684308	0.0767318265368681
Tcells_PLAG1	-0.186871537740464	0.167876031735434	0.0601481441648112	0.659680249501201	0.0323352689276648	0.812983242012642	0.0162364892138045	0.905457487165455	-0.18770927616265	0.165943901505669	0.387385204248849	0.0031812636813489
Tcells_FMR1	0.0104426270641559	0.939112814705597	-0.33167277262943	0.0125192491487583	0.164485744883427	0.225739052025728	0.190594676340491	0.159413545251707	-0.468754260006161	0.000268632359354833	0.418274783880682	0.00133688644659793
Tcells_MST4	0.0469843081731786	0.73095287113911	-0.331727873285395	0.0125037215291361	-0.0112623596727706	0.934343367507599	0.194970025030292	0.149874504915192	-0.363374196654623	0.00591068644837285	0.376421623882888	0.00424531098529254
