id	S01_CD4	p.value_S01_CD4	S02_CD4	p.value_S02_CD4	S03_CD4	p.value_S03_CD4	S04_CD4	p.value_S04_CD4	S05_CD4	p.value_S05_CD4	S06_CD4	p.value_S06_CD4	S07_CD4	p.value_S07_CD4	S01_CD8	p.value_S01_CD8	S02_CD8	p.value_S02_CD8	S03_CD8	p.value_S03_CD8
Bcells_SIGLEC10	0.321610225789647	0.0156479380903055	0.552529930476688	1.00901888225155e-05	-0.265814520355703	0.0476934249785572	0.522721425078713	3.58411422550221e-05	-0.237881869951597	0.0774908511985696	-0.0535376061048766	0.695144027175276	-0.235235625362714	0.0809464230987925	0.400913964947463	0.00219816402978087	0.573287025333594	3.87434308476079e-06	0.221953941915949	0.100162256242286
Bcells_RIMS3	0.00548984363574534	0.967968816759122	0.236077750898121	0.0798337994570264	-0.386178641271718	0.00328546905848541	0.491869946275802	0.000118107006221991	0.239312077809559	0.075672450227515	-0.0948149347052761	0.486995543590688	-0.105687095301067	0.438205782155026	0.17709138852916	0.191658520388594	0.280069673440974	0.0365622377140445	-0.172471086644437	0.203694659330642
Bcells_CFD	0.0600877201338019	0.660001210514072	0.320949189192691	0.0158750185126375	-0.421752205448669	0.00120627318179589	0.426142839001494	0.00105777176008647	0.24990921373655	0.0632309219158191	-0.117181697106767	0.389734979041775	-0.283919957797532	0.0339559064390271	0.267462582561616	0.0462797549639302	0.165393433992448	0.22315311670848	-0.157320059215777	0.246884237982506
Bcells_TP53I3	0.0299002436269024	0.826840759102529	0.302477751795485	0.0234607340472354	-0.153326048164992	0.259237607263531	0.456133622502067	0.000410761584500674	0.140539883682922	0.301546727518619	-0.133012968986706	0.328430982473915	-0.345326621093371	0.00914388590978783	0.168566531440756	0.214275343995314	0.277071386732253	0.0387046931366923	-0.125384024863377	0.357172416883548
Bcells_MUC1	0.14197849059733	0.296575372653404	0.242994103401212	0.0711465070438855	-0.22698070131232	0.0925118278629075	0.451459119837967	0.000478757657776662	0.237146987396803	0.0784385599072558	-0.263749918421585	0.0495139652526659	-0.155922947836606	0.251159043716298	0.301672762776401	0.0238511079752568	0.231459980865639	0.0860859940412027	-0.0574417454352049	0.674115069189234
Bcells_AIF1	0.28466377220591	0.0334706349678369	0.447949098410464	0.000536351025213124	-0.169580566482402	0.211491180404763	0.482536731123621	0.000165741885968242	0.106514553166605	0.43460798549869	-0.227811552553079	0.0912924641827843	-0.344090113260589	0.00941301686743522	0.35913969838257	0.00656228238726718	0.666510674572846	2.05459967287726e-08	0.11117784910597	0.414644586572915
Bcells_PRKCH	0.24568031814607	0.067982757275887	0.529472208824169	2.7179113359234e-05	-0.48314024210366	0.000162197514907281	0.672305946772356	1.39439051452566e-08	-0.120256228195414	0.377329206909094	0.010706947480752	0.937574680233171	-0.225112494503767	0.0953000269882908	0.326110312347931	0.0141746270146169	0.560365272203389	7.0838332216096e-06	0.0299193774479392	0.82673165975823
Bcells_TRIM36	0.0193879717471381	0.887216472061332	-0.251121191796553	0.061919412074612	0.360101610116455	0.0064089973053384	-0.481890439829819	0.000169615884483129	0.00284052881448429	0.983423407390092	-0.143196045077008	0.292409778903023	0.30154051550746	0.0239157610984153	-0.183562471846233	0.17566851217813	-0.183420374093379	0.176008909531088	0.18743709825791	0.166569851709594
Bcells_SNX24	0.13902657322147	0.30683408683213	0.240851819323411	0.0737527874659748	-0.366505665170622	0.00546597061668612	0.505527410782531	7.06541507662831e-05	0.141746658838281	0.297372884408938	-0.156680133109668	0.248836060342797	-0.300574809260927	0.0243923682271095	0.122506673021494	0.368400455883084	0.353198077080119	0.00758204437516684	-0.0471600016983405	0.72998496222486
Bcells_PARVG	0.400786204753984	0.00220600966997213	0.57919808132857	2.91446732960539e-06	-0.415285298970201	0.00145915776491551	0.546624527361373	1.30963914001065e-05	0.00193127797131629	0.988729136710913	-0.36543981563171	0.0056139256298399	-0.05434263040822	0.690788572178332	0.534916354586263	2.16500815009123e-05	0.677789086441754	9.58579383744378e-09	0.185024844320427	0.1721930679719
Bcells_ITLN1	0.0362583808443358	0.790778097371592	0.397806302449993	0.00239621956146707	-0.374133836595712	0.00450329671190686	0.420869137145968	0.00123830829183547	-0.0211267534834234	0.877176462825263	0.00624565705391611	0.963561728877645	-0.255257129667502	0.0576076931035004	0.240715938800691	0.0739206231605073	0.107974133544804	0.428302308728982	-0.158171445064506	0.244303644385744
Bcells_FKBP5	0.210842898596906	0.118804946902296	0.257660922014896	0.0552153569768439	-0.27570608644136	0.0397140759075939	0.421405063915272	0.00121877663365664	-0.113972512391126	0.402937801314039	-0.0704162748302174	0.606061797884861	-0.177709621293757	0.190087406210946	0.0443271788177182	0.745641178288878	0.404765859076156	0.00197299089722899	0.142621023156815	0.294372305969394
Bcells_PARM1	-0.047798688098338	0.726469921357283	0.318123162030483	0.0168778475312659	-0.410404479437334	0.00168041643279164	0.466392029572581	0.000291220912118892	0.090535909283548	0.506950994461851	0.0357103360227111	0.793870610129722	-0.321868442226732	0.0155599924611259	0.195250221757082	0.149278371158369	0.120063538514038	0.378099689859223	-0.28788691517706	0.031433950973285
Bcells_EMB	0.149913605743281	0.270116494634306	0.441724736042947	0.00065410101215635	-0.354115379558383	0.00741611976547828	0.38162505052793	0.0037064771077225	-0.102176366027222	0.45365422289732	0.0697323936164516	0.609573547186254	-0.124205333943673	0.361746345260881	0.285649496143616	0.0328364354074926	0.119303648431449	0.381147331741125	-0.0137877174513069	0.919665199358935
Bcells_LINC00261	-0.0569025139926626	0.677005299554007	0.310898407521029	0.0196902560814089	-0.312541684092796	0.0190178794346851	0.471880792068905	0.000241188803148427	0.0618676116726738	0.650572467584506	-0.00284770244560702	0.983381549808155	-0.134799449274203	0.32191742997328	0.170592556752948	0.208738069178506	0.168744695766814	0.213784320053616	-0.200488171116647	0.138455687135754
Bcells_FRMD3	-0.058489007128148	0.668515209901817	0.300679435642263	0.0243403483790593	-0.388751263454019	0.00306682538642863	0.484361133280299	0.000155238297052332	0.0206741554847463	0.879788054488821	0.0716739719550609	0.599626577135151	-0.185748959837497	0.170490776116307	0.213948860075213	0.113346128324931	0.131602572413624	0.333631571824293	-0.271733761174788	0.0427749824392511
Bcells_FFAR4	0.139915178812403	0.303722196095752	0.246122880439269	0.0674724789562262	-0.347730047876201	0.00863981456814541	0.405674840027245	0.00192295251653139	0.173224915836318	0.201695243492531	-0.0684252096851763	0.616310298191658	-0.251381342898815	0.0616407687376426	0.137685578937229	0.311568959166235	0.131437938071777	0.334241978893867	-0.0609666704209022	0.655338411043981
Bcells_LOC643733	0.345462233302005	0.00911477956123083	0.306484050327715	0.0215971261120472	-0.229876887485218	0.088315750456761	0.329260407986621	0.0132155273699032	0.0833758822502395	0.541251984852757	-0.00393441644244503	0.977041236237866	-0.24771978855079	0.0656566434610773	0.119732542313374	0.379425397331275	0.323396297816108	0.0150482237008624	0.206151157718588	0.127427572967359
Bcells_DENND2A	-0.0263460951525428	0.847160413996712	0.273732215782214	0.0412116767688412	-0.216270779063849	0.109392314967782	0.329780574737922	0.0130626424539984	0.169672116518765	0.211241074886575	0.0105129209003517	0.938703738738622	-0.267677928602293	0.0460975954805463	0.168428137793215	0.214657304329206	0.134151803649594	0.324269228485832	-0.286267347748774	0.0324440407404978
Epithelialcells_GAMT	0.0395019807326662	0.772542063773838	0.00449630874287273	0.973763465517478	0.410723970084199	0.00166506500048008	-0.426950189653128	0.0010323278588537	0.462724817767242	0.000329729438140199	-0.467840163306638	0.000277176874454401	0.308712865974804	0.0206156822251043	0.227906206215641	0.0911543502701072	-0.319079553330359	0.0165325838887667	-0.0736444782814018	0.589605119370765
Epithelialcells_KCNH8	-0.0703398466809847	0.60645382167514	-0.163483810122195	0.228617543082941	0.246184293725651	0.0674019115199899	-0.296351691519396	0.0265716509893213	-0.144968694230297	0.286413659116029	0.248433598773006	0.064857737483564	0.0902545209445512	0.508277734976135	-0.284921576783754	0.0333037921786858	-0.0897774472882758	0.510531165291319	0.109719996601423	0.420828247252458
Epithelialcells_LOC284926	0.253264996180121	0.0596531881235505	0.220250875177283	0.102862520534132	0.00522081821401509	0.969537718850928	0.288318463529384	0.0311692714211494	0.32689255876126	0.0139310548921039	-0.548168459954483	1.22391015887968e-05	-0.253416132109082	0.0594959791968605	0.293848481050686	0.0279389033380151	0.397792459336751	0.00239713619825836	0.178126198212744	0.189033972396945
Epithelialcells_FAM201A	-0.0921768059722925	0.499249575635412	-0.306187232199706	0.0217307626783724	0.155750457734438	0.251690279400444	-0.184801058209727	0.172721648318365	0.0522612457775438	0.702069606632672	0.130900683782548	0.336238795720898	0.16029805273562	0.237938402811399	-0.26202089242761	0.0510818313449055	-0.0584354263285816	0.668801282689121	0.0516658436820859	0.705308565410834
Epithelialcells_FAM111B	-0.245439979076546	0.0682611599481395	-0.283262756829757	0.0343895208803621	0.334714337979661	0.0116865410586061	-0.386077065169956	0.00329437807488758	-0.311736915267404	0.0193446869278577	0.361241325516863	0.00623143800085053	0.203349211246567	0.132798020377166	-0.238498650445071	0.0767024644105109	-0.344541560192556	0.00931397230827874	-0.156327569579897	0.249915873763724
Epithelialcells_LOC283177	-0.100193448008742	0.462509969160125	0.112451295549217	0.409286093263257	-0.00986195741594473	0.94249261752385	-0.15592502239704	0.251152659108372	0.00638554346158715	0.962746177105641	-0.0985713322245255	0.469823490087035	0.660395473923209	3.06478803757373e-08	0.249476913142209	0.0637040873831822	-0.327182863693653	0.0138415791927097	-0.168696464259569	0.213917168964673
Epithelialcells_LOC728613	-0.1664968175872	0.220037496012009	-0.111429825996201	0.413581114197089	0.105521771815315	0.438926600146758	-0.115225779273189	0.397751064620102	-0.259123850046461	0.0537992314030679	0.466586235719407	0.000289300629766971	0.0810888006048655	0.552440940003105	-0.121032844458655	0.374233401046268	-0.163083112199539	0.229775800704305	-0.119806759740572	0.379127899959933
Epithelialcells_UPP1	0.074508971592867	0.585232360447389	-0.195520718635179	0.148704544535383	0.119929951004443	0.378634401080861	0.166447997075962	0.220174705608738	0.179367825539544	0.185918991218051	-0.208708839302052	0.122670165697577	-0.301949601648957	0.0237162437150972	-0.265926053843906	0.0475966542609073	0.455799890386469	0.000415308588871882	0.153772961539257	0.257835011129155
Epithelialcells_KDELR3	0.125529999906839	0.35660843266945	-0.133083808792217	0.328171128119253	0.0864671404874947	0.526305836729084	0.219710001707365	0.103731761035124	0.105855362816843	0.437472807857613	-0.0452015819316366	0.740797358279376	-0.251549459148557	0.0614612395427097	-0.252680965058394	0.0602638371527383	0.229985619702049	0.0881611704182854	0.0385749902368283	0.777741776118161
Epithelialcells_FGFBP1	0.0435306977865212	0.750061869562664	-0.0281588103438784	0.836783609302567	0.0333339737610459	0.807315860422743	0.0233586055283844	0.86431769127252	0.210473989712112	0.119466397480722	-0.242869618105103	0.071295918558782	-0.264655537547991	0.0487085467327483	0.0359567976608577	0.792479481128295	-0.001074095632596	0.99373147962165	-0.0441745080912389	0.746487917940844
Epithelialcells_GNG4	-0.127811937200176	0.347863041298488	-0.173061163503436	0.202128384366976	0.0840614040389015	0.537919810829578	-0.297483153003395	0.0259723341873409	0.00170344548798193	0.990058686895217	0.109387379121842	0.422246419694903	0.213576874459512	0.11398959360368	-0.135730631953937	0.318555036139853	-0.293327798226926	0.0282305821702658	-0.0564840220296092	0.6792515705671
Epithelialcells_CEACAM8	-0.187764221304047	0.165817748470294	-0.300729422853697	0.0243155279282009	0.359946906547368	0.00643343674697302	-0.449748986871273	0.000506078219429391	0.0551212211369996	0.686585572963715	0.0476110555762576	0.727501989076347	0.330821742529161	0.0127611888618265	-0.141286597984945	0.298959636544301	-0.333599119439032	0.0119861424997451	0.018752713899452	0.890889031436343
Epithelialcells_CYP2B6	-0.207047442641107	0.125744820055027	-0.0574964995232847	0.673821852755401	0.0437043100124266	0.749097587636585	-0.31294184219059	0.0188571337115147	-0.228191000658278	0.0907397768855412	0.114089475139136	0.402452082564665	0.457714939328617	0.000389824648136335	0.0035478173283699	0.979296664971635	-0.29752295497981	0.0259514602372997	-0.141519198016051	0.298156712762603
Epithelialcells_IRF7	0.255095818419644	0.0577711878250411	0.17983037070197	0.184768044283864	-0.0236291172627751	0.862761445463348	0.216741985032591	0.108603030123494	-0.0558778470319459	0.68251014744406	-0.30849046535614	0.0207118862814638	-0.291894904738981	0.0290464606378603	0.0167481478385479	0.902492418329914	0.300415187651762	0.0244719118729698	0.291056108571872	0.0295331508404553
Epithelialcells_NEU1	-0.147774664052108	0.277088398011403	-0.22711275228454	0.0923171838921534	0.607175408867081	6.99953114199701e-07	-0.606720628776745	7.17159269095372e-07	0.181332776761849	0.181064989404983	-0.0454876949090404	0.739214569964024	-0.00862376165043866	0.949702855832123	-0.194347577205113	0.151205108391228	-0.382491383817984	0.00362289004783052	-0.0638075715404433	0.640357376224906
Epithelialcells_TSPAN6	-0.13290754680063	0.328817931840829	-0.0492848310015484	0.718312606699574	0.147999987781568	0.276348389357777	-0.367922214505477	0.0052746327742355	-0.0260433936855759	0.848895776787697	0.240752437894184	0.0738755107572811	0.286990185056218	0.0319899329551515	-0.0308917900390183	0.821191373580692	-0.302415813359776	0.0234905780693008	-0.0905101662323154	0.507072298897359
Epithelialcells_AZGP1	-0.208236498031525	0.123538434228226	-0.330707559291927	0.0127939540147284	0.518153360380359	4.30770326562761e-05	-0.54132505849733	1.64806611893973e-05	0.0113144224121447	0.934040526638148	0.0989361837180828	0.468173116191804	0.0936022411632276	0.492608775559574	-0.282642230388855	0.0348031481625606	-0.33106209264772	0.0126924555720201	0.0059665501725886	0.96518905985997
Epithelialcells_SLC19A2	-0.396584487942754	0.0024783344754002	-0.288917633569066	0.0308048690549794	0.251946322025988	0.0610391033809678	-0.252948742258633	0.059983233437037	-0.479316464449729	0.000185879896196239	0.497751184925436	9.49169731458604e-05	0.0954633802832996	0.484007902571702	-0.300643561308977	0.024358174427545	-0.235036717569178	0.0812109996543726	-0.137548603224029	0.312055223567875
Epithelialcells_GRB7	0.00898024707094284	0.947626540890647	-0.193308830075063	0.153445080382231	0.347077696712375	0.00877418692031507	-0.595561230375674	1.28631798280395e-06	0.0234117598612301	0.864011855429633	-0.00234013709316136	0.986343257440895	0.389808686668525	0.00298076259070546	-0.0290358255713786	0.831772951964908	-0.374546489035315	0.00445576783121361	0.0431690780018532	0.752071606048748
Epithelialcells_GALNT10	0.20348524574122	0.132533413586767	0.00501234278446322	0.970753584692368	-0.25084936392138	0.0622116435365093	0.248298276160973	0.0650085906028514	0.277057657417571	0.0387147369151951	-0.204379705362077	0.130803433723484	-0.342098938086773	0.00986083929780343	-0.11234199026178	0.409744458157689	0.307314770596182	0.0212268007649266	0.0816537409674675	0.549666885714893
Epithelialcells_LYPLA1	-0.345910299257103	0.00901918220504066	-0.330374482282384	0.0128899448823802	0.342714233834122	0.00972052808399131	-0.366978640978338	0.00540141806630856	-0.332281678892046	0.0123485746332874	0.424964277345052	0.00109592706503951	0.223648916282968	0.0975296836339618	-0.315233581813911	0.0179586036678661	-0.322454310129287	0.0153620184929521	-0.104982950654862	0.441280474496148
Epithelialcells_C9orf3	0.150720348266472	0.267517545919073	-0.0108289270915588	0.936864931972596	-0.155104909454908	0.253685197805891	0.395504903721986	0.0025529623286877	-0.340260127910701	0.010290660114119	0.254193397348825	0.0586927504577804	-0.253347110452814	0.0595677328113792	-0.156404566207291	0.249679781376337	0.440551990432383	0.000678739126933436	0.18074373298676	0.182510400347103
Epithelialcells_PRMT3	-0.259793946376879	0.0531604868687209	-0.425939339611839	0.00106427341500923	0.330167802795315	0.0129498195040755	-0.522234964265628	3.65545392153846e-05	-0.360331167116244	0.00637288241411953	0.465241448959989	0.00030283760963845	0.234954673761856	0.0813203284697872	-0.368034426538955	0.00525973035038945	-0.3492064493571	0.00834228593448727	0.00791848169007875	0.953811655871421
Epithelialcells_MTCL1	0.106314644220157	0.435475669664883	-0.114294283888172	0.401602382354426	-0.241152869007844	0.0733820181841413	0.247041516136603	0.0664230612318782	-0.263562736413953	0.0496817832588121	0.260792541835978	0.0522200498839504	-0.0687158359515308	0.614809771941776	-0.267292638328187	0.0464239248666279	0.314213350809928	0.0183540039621165	0.293151872828669	0.0283297075014969
Epithelialcells_KAZN	-0.114840689751127	0.399340607312246	0.183920339397914	0.174813349769399	-0.233287199346735	0.0835676060994706	0.375236672706566	0.00437725987434508	0.062391413628073	0.647807930992012	-0.116979715498936	0.390558325759423	-0.095535723641675	0.48367518874253	0.175876820489988	0.19477208911066	0.0929538454259031	0.495623794775622	-0.244554019876857	0.0692953096714226
Epithelialcells_MUC1	0.0687631581688026	0.614565591625943	0.266784792633063	0.04685693981952	-0.240770644491606	0.0738530158188692	0.404678073960827	0.00197788432734575	0.0918400423681932	0.500825206672549	-0.106161927246425	0.436139175829734	-0.150404693192287	0.268532442802552	0.22375140682433	0.0973722391028613	0.115085797735668	0.398328440283192	0.00749804379761531	0.956261605630432
Epithelialcells_GPR161	0.16187645824437	0.233288233917415	0.155676502904018	0.251918278886046	-0.4147041797308	0.00148405635826538	0.458111667034035	0.000384726259705978	0.11283487059569	0.407679942805816	-0.146559411752835	0.281102141421337	-0.422258244106228	0.00118825272752917	0.0709741164403494	0.603203798943502	0.427801184191278	0.00100610550122961	0.0461297438350919	0.735666644692246
Epithelialcells_MUC5AC	-0.182288281820951	0.178737941482713	-0.0886636414185276	0.515811853540669	0.138611352265875	0.308295198984174	0.00766044443878994	0.955315225788229	-0.0469475208977515	0.731155587799271	0.0278039383996	0.838812943798234	-0.140458968268518	0.301827937020393	-0.126619917693811	0.352414721130083	0.0352149740714362	0.796668557490169	-0.192040685441623	0.156212858189227
Epithelialcells_TOX3	-0.306828993559391	0.0214426962317098	-0.183613712766245	0.175545880911623	-0.0494002379564801	0.717680437621703	-0.11819427973579	0.385622830695747	-0.332403876906036	0.012314565288177	0.556516167993797	8.43773343938013e-06	0.231667125054976	0.0857975353492526	-0.245161070206686	0.0685853820589832	-0.435281437538851	0.000800141824274757	-0.189291561418999	0.16233901256671
Epithelialcells_MST4	-0.112575209418192	0.408766826939138	-0.278014318528765	0.0380200151371115	0.0816881147357985	0.549498314144116	-0.324546472009912	0.0146725312704371	-0.305462189327729	0.0220601426884171	0.480613158537467	0.000177516554942796	0.262561600941925	0.0505872387310094	-0.249688215098668	0.063472457411769	-0.11537822455737	0.397122838334203	0.0963298925182727	0.480030675347867
Epithelialcells_PARP12	0.265679844766345	0.0478104888105005	0.014617369322476	0.914848563724604	-0.00768791061780093	0.955155174320886	0.156188026000074	0.250344138104699	-0.0166687992012706	0.902952159221519	0.0890773499927668	0.513847201201347	-0.399208124187096	0.0023049951090425	-0.134414784776608	0.323312955923573	0.426647167246951	0.00104181246200343	0.371300183522013	0.00484190126576434
Epithelialcells_MOSPD1	-0.233117335419453	0.0837992501483501	-0.287702687476483	0.0315475117801895	0.0624400845679086	0.647551292934551	-0.204610393140521	0.130360032752312	-0.302512054794669	0.0234442194723789	0.518860627983871	4.18750514993908e-05	0.175230338847805	0.196443985497827	-0.353692098065828	0.0074922868446684	-0.0119131685593705	0.930558390821236	-0.00762316145100469	0.95553248476065
Epithelialcells_ASRGL1	0.0138975422133316	0.919027431253087	0.154858915872436	0.254448191791801	0.0998633567539471	0.463993206538158	0.187969225255565	0.165347682000237	0.238638224209045	0.0765249419779662	-0.126717712519263	0.352039921979491	-0.230040770465473	0.0880828459686885	0.116420098648113	0.392844876186231	0.147868749658526	0.276779242457377	-0.119246193012453	0.381378358863174
Epithelialcells_USP18	0.26993668573063	0.0442220555968954	-0.0893486351353844	0.51256095816419	-0.103769655283985	0.446606477160705	-0.0370575136349511	0.786274486760439	-0.127397112436909	0.349442894196516	0.0597426236161484	0.661835462018591	-0.0758536464757738	0.578460025695254	-0.166381784390855	0.220360891051599	0.275437296983337	0.039915330737783	0.458085252036504	0.000385063830739201
Epithelialcells_RNF128	-0.351469776332816	0.00790346790310584	-0.326592649965151	0.0140240112548166	0.189375648884221	0.162149057853561	-0.406753338149399	0.00186505337299922	-0.28793741591865	0.0314028811127513	0.388335795688508	0.003101237902232	0.250656103199905	0.0624200841980198	-0.281630968517908	0.0354860721828719	-0.456563113109406	0.00040497638980704	-0.284695967674708	0.0334497612069434
Epithelialcells_PXMP4	-0.163040487814466	0.229899249058702	-0.329788202351193	0.0130604119391694	0.374992138364421	0.00440493500789977	-0.552686048328709	1.00201916079544e-05	-0.109081854120128	0.423551473875939	0.190626599469304	0.159342368133126	0.308945804007063	0.0205153262265041	-0.238588891627544	0.0765876503411285	-0.364337555545135	0.00577061642760102	0.0458910974021038	0.736984755811759
Epithelialcells_CEP72	-0.0908306592308227	0.505563153341624	-0.471878847032597	0.000241205050669441	0.257703581544228	0.0551736390528318	-0.473333399776522	0.000229329492935024	-0.145891540150772	0.283324243020264	0.279962373818605	0.0366371786025254	-0.00304531235033805	0.982228529193078	-0.407749660567181	0.00181295392325324	-0.141199891704934	0.299259300860069	0.190379083565577	0.159894851851725
Epithelialcells_RNF39	-0.264103366144258	0.0491983419118378	-0.132408185222632	0.330654725880502	0.301870184068651	0.0237548666957802	-0.287701622433809	0.0315481692817972	0.0333403159186909	0.807279901445272	-0.00562858467573143	0.967159753669351	0.406952863380948	0.00185451408949441	-0.0309819519730304	0.820678113676075	-0.261813077404263	0.0512729659916383	-0.122551162666728	0.368225239588253
Epithelialcells_FAM122B	-0.183666626031142	0.17541931248644	-0.192556425702536	0.1550828267672	0.076115218758065	0.577146812351527	-0.23474998937011	0.0815935901018198	-0.318820767334764	0.0166254071477167	0.431144695866444	0.000908781700065812	0.265965050225447	0.0475628573820144	-0.158678017513829	0.242776962736447	-0.243743301459254	0.070252554759246	0.0323533887501367	0.812880331116836
Epithelialcells_ANKH	-0.23753050009394	0.0779428424929595	-0.110587685292101	0.417141523551407	-0.0745280956316029	0.58513579347755	-0.235825630435157	0.0801656288424647	-0.297985935204286	0.0257096863721075	0.466008931268241	0.000295042984210945	0.0913169560578695	0.503277663960694	-0.0701424972602463	0.607466597550971	-0.155656337585462	0.251980471953988	-0.194445733934403	0.150994700347022
Epithelialcells_FKBP5	0.0381083235827987	0.780363102696332	0.131803488875693	0.332887590870031	-0.358313718440827	0.00669645303665613	0.424408011537463	0.00111436181451231	-0.0124400285500381	0.927495390366907	-0.0222799402709879	0.870528251012946	-0.168882370476407	0.213405426966882	0.0104135000060787	0.939282324611275	0.348091720729505	0.008566089600734	-0.0293692719235807	0.829869601348542
Epithelialcells_ELOVL7	-0.0790785774108335	0.562365631651668	-0.0337809059978824	0.804782801933765	-0.343332195056081	0.00958135280615692	0.119932062772894	0.37862594477967	0.0218718965798669	0.87287966263967	0.321279542142958	0.0157611855476915	0.0536735273352773	0.694407956034193	-0.0235098638331204	0.863447443392344	-0.130467118144708	0.337855659652176	-0.0386800614323925	0.777151915507315
Epithelialcells_S100A16	0.0544912434572703	0.689985606710776	-0.0548502596239889	0.688047220700076	0.184469628395668	0.173506646867166	0.0780680094087594	0.567386319520439	0.284832019890389	0.0333616719392943	-0.275810975069961	0.0396357683855005	-0.526713557407355	3.04537914144698e-05	-0.0800220384581167	0.557697250193891	0.275599244172913	0.039793973107219	0.119852464210695	0.378944764968732
Epithelialcells_EPB41L5	-0.217170958550788	0.107888300371546	-0.264168693884358	0.0491401852931038	0.356086757153702	0.00707020489769917	-0.523986739542043	3.40452628720849e-05	-0.232305637287035	0.0849131491899496	0.393504045430466	0.00269657128463972	0.148523174537292	0.274635193301806	-0.261480459083537	0.051580097131161	-0.349816753959324	0.00822192208261473	0.00810680514558623	0.952714405240057
Epithelialcells_PDZD8	-0.207245155525334	0.125375894666902	-0.110927665244938	0.415702044478245	-0.0291363886390931	0.831198824748722	-0.0730383303819267	0.592679824395869	-0.293802833428202	0.0279643730854005	0.389445678802719	0.00301006303750126	0.256306056239534	0.0565536659003434	-0.0562170734088693	0.680685876062282	-0.33824978888141	0.0107790267160394	-0.188617715553366	0.163867136469806
Epithelialcells_PARD6B	-0.322317976832988	0.0154078942490287	-0.344392374255838	0.00934660231065953	0.296488718939217	0.0264984575947112	-0.395360466558123	0.00256309672798504	-0.321456941240664	0.0157003458357752	0.464097773916074	0.000314800879413426	0.0700059771249689	0.608167633057552	-0.356117883407164	0.00706485807740268	-0.30825669030637	0.0208134203312665	-0.036223273151336	0.790976108018666
Epithelialcells_SLC19A3	-0.0156219503758012	0.909020438649067	0.0904479667782795	0.507365451559369	-0.0904429626940227	0.507389040101362	-0.269569585724745	0.0445225421827247	0.0240180646225413	0.86052475146844	0.26733559545031	0.0463874481174223	0.214973154220296	0.111588662125152	0.098045553977009	0.472207287652983	-0.349400729544879	0.00830380501476323	-0.131210610979408	0.335085978416712
Epithelialcells_CELSR3	-0.0316584061911484	0.816829694186696	-0.341244376123681	0.0100586196361749	0.239402573703262	0.0755585398799331	-0.587215558660623	1.96310470363597e-06	-0.105986566707792	0.436901759081534	0.179293276793659	0.186104971106106	0.334646733415524	0.011704517301864	-0.264746906583257	0.0486278842029616	-0.374118527762287	0.0045050685208899	0.216945209936755	0.108263976579478
Myeloids_CLEC12A	0.201253644296187	0.136924592833749	0.132758692604389	0.329364786148186	-0.321408572456224	0.0157169141589378	0.616465829967366	4.22631185965292e-07	-0.0989951242361441	0.467906796987463	-0.267076287025036	0.0466079949855327	-0.178931228259002	0.187010089479063	-0.00883608166614626	0.948466177527766	0.602718249490368	8.86602587042148e-07	0.182091125511656	0.17921631877027
Myeloids_WARS	0.567604491491183	5.06770953129161e-06	0.0316384831078664	0.81694297785951	-0.050423795085606	0.71208192478304	-0.0673021673833488	0.622123267261429	0.261814350162332	0.0512717936237728	-0.289116387325152	0.0306847792191409	-0.185243493347905	0.17167775826857	0.0041012456136028	0.976068004826835	0.273415937320818	0.0414559076188795	0.716780985002676	5.1986484949027e-10
Myeloids_CKAP4	0.076081049074318	0.577318282363803	-0.108298314568308	0.426908838875505	-0.0319325917008055	0.815271040077024	0.291153168798959	0.029476487686034	0.0370300404419152	0.78642920091584	0.126196132912383	0.354041713150607	-0.433619360549176	0.000842299220030226	-0.210465134464574	0.119482309256967	0.304045469727128	0.0227159341191675	0.0514810271597967	0.706315018230925
Myeloids_LGALS1	0.25715999802831	0.0557071385029653	0.121619122048295	0.371906483157264	-0.185126869560864	0.171952476196012	0.471502835836104	0.00024436479819603	-0.093585095409801	0.49268837955534	-0.022376118234553	0.869974172579614	-0.367052151755553	0.00539144547883182	0.0143580511061022	0.91635374601536	0.579124996361487	2.9248437175946e-06	0.28214902610747	0.0351348430834631
Myeloids_EMP1	0.0639954036204281	0.639371792718872	-0.185497215589046	0.171081195565278	-0.0953244335166306	0.484647269894508	0.212372918059895	0.116091384509065	-0.202403603659542	0.134648361543746	0.0674859322989725	0.621170501908988	-0.267246992124974	0.0464627107426094	-0.260481445612676	0.0525115664958141	0.348185263822029	0.00854711056247172	0.171171775029974	0.207173717104992
Myeloids_COL6A3	0.157248057241924	0.247103327462705	-0.0415052850833232	0.761339169900304	-0.286556197484028	0.0322619371759966	0.484180108660394	0.000156252614050384	-0.139160768729969	0.306362823945877	-0.0583741537100918	0.669128480084741	-0.341825740598232	0.00992369889674245	-0.14506880352089	0.286077457545981	0.603361576624564	8.57053382129329e-07	0.297529002605935	0.0259482898235445
Myeloids_PRCP	0.106862330165228	0.433100810251859	0.224283939098824	0.096557346611934	-0.38163420066268	0.00370558544208647	0.5604556323697	7.05462230974482e-06	0.0278160552546514	0.83874363632813	-0.0405485887119473	0.766683306280455	-0.22336250158304	0.0979707183912474	0.108117800656171	0.427684448404942	0.588025333073922	1.88518390384682e-06	-0.0493975034842266	0.717695414173501
Myeloids_PPP4R1	0.0784096063728142	0.565686870276364	0.0498669147864836	0.715126023722769	-0.317200455821006	0.0172167608086278	0.557655760704948	8.0137518007226e-06	-0.0741845132619052	0.586871810636105	0.0654282012559241	0.631874139709319	-0.242798584989321	0.0713812868699773	-0.108797429985292	0.424768454526659	0.50984004865368	5.97981350640482e-05	0.0308234820832966	0.821580276095328
Myeloids_SH3BP5	0.135761029069747	0.318445653774638	0.379684776488682	0.00389988949479299	-0.548445579352704	1.2090847559434e-05	0.619077553751275	3.65666510650242e-07	-0.109891914332787	0.420096312754266	-0.0477111607798825	0.726951303138665	-0.242380065358794	0.0718859222329697	0.215766477371944	0.110241911009643	0.551802289227599	1.04224600370337e-05	0.120484995103051	0.376415689060919
Myeloids_CTSL	0.283779176090148	0.0340484084285275	-0.104970891592725	0.441333235547731	-0.0570660784481533	0.676128118377294	0.341529623479209	0.0099922235110055	-0.00332434579241906	0.980600477900202	-0.149730115619839	0.270709955385693	-0.397642176295256	0.00240710744336928	-0.217736511914855	0.106951547111573	0.672389107215414	1.38656913696136e-08	0.396456989071572	0.0024870458392721
Myeloids_ARL4C	0.222986444464	0.0985521381760511	0.212115406315403	0.116544750131872	-0.202681128544748	0.134103311228904	0.448106341408736	0.000533642419273649	-0.0680472499280087	0.618264066625377	-0.116746294496448	0.391511108583265	-0.362974186381048	0.0059697162065348	0.144412934511258	0.28828480739433	0.646869573231851	7.19056260926232e-08	0.159055131327574	0.241644678535204
Myeloids_PCOLCE	0.35954047918826	0.00649803107667697	0.198927925332568	0.141616120117034	-0.103840665464964	0.446293787598666	0.355881523964891	0.00710554801033013	0.141673592438803	0.297624524611469	-0.424315644816029	0.00111744968987428	-0.300119319909585	0.0246199282706873	0.143069394083596	0.292841298605576	0.625219110388949	2.58789834634231e-07	0.283016236735989	0.0345533536020296
Myeloids_UPP1	-0.201398084858373	0.136637113075851	0.196831467435289	0.145947114220099	-0.0793074159301046	0.561231622491292	-0.096378195811123	0.479809477647058	-0.223698247456115	0.0974538771131172	0.26637499090784	0.0472087603201453	0.397744297661598	0.00240032770651339	0.290056068083908	0.0301222880153423	-0.449276740471253	0.000513867522903192	-0.249796087378971	0.0633544684389553
Myeloids_PLEK	0.339169090595088	0.0105532733150057	0.187549950351087	0.16631010732437	-0.0500114844884757	0.714335330531208	0.323291652449721	0.0150828100426335	0.0202457496320372	0.88226122394202	-0.396654572203928	0.00247355752939077	-0.285294532009232	0.0330636519567633	0.16426869345247	0.22636048222713	0.648948073643229	6.32475918627922e-08	0.351607736163311	0.00787738205512778
Myeloids_HMOX1	0.185430214828575	0.171238583847315	-0.0255611273856374	0.851662037687361	0.113912528664421	0.403187031991601	0.267321201636334	0.0463996679139895	0.220878563843056	0.101860828987426	-0.282613488602073	0.0348224063212901	-0.491447003247846	0.000119959945963212	-0.0634609127962443	0.642177966352091	0.619477533200151	3.57606308680263e-07	0.189644812142348	0.161542110584252
Myeloids_IGFBP6	0.189648471911235	0.161533869525831	0.113847522948364	0.403457230209886	-0.238494942340479	0.0767071851560159	0.535716519581404	2.09313650928414e-05	0.157452357925733	0.24648202084844	-0.164137703009503	0.226736088527247	-0.31722690453378	0.0172069659513781	0.0935450054509287	0.492874534646156	0.617526698477818	3.98557004672024e-07	0.227204733903945	0.0921817913802862
Myeloids_CYBB	0.173043762388405	0.202174450711278	0.261292120993798	0.0517546660557682	-0.450692747948283	0.000490831259788435	0.517860199746989	4.35845076582666e-05	-0.165703075060985	0.22227570452817	0.158441327769513	0.243489472575701	-0.343714136690786	0.00949619920925527	0.070068209552522	0.60784802397498	0.592053939973561	1.5386237651979e-06	0.167631540706124	0.216865153049261
Myeloids_COL7A1	0.18897793968601	0.163048927664974	-0.149331088411474	0.272003522320414	-0.100242167638951	0.462291269517894	0.334368682061692	0.0117787027810637	-0.152532570970868	0.261740496943995	-0.152466479808442	0.26194970006664	-0.162219536245163	0.232285829898381	-0.226018257229615	0.0939401657246011	0.565949169719315	5.47488739268166e-06	0.402077094572302	0.00212787223769243
Myeloids_FCER1G	0.478484913504187	0.000191430935214156	0.307193082261134	0.0212807096278747	-0.0630377373517914	0.644403243701388	0.372061101891993	0.004748846498914	0.0721657784170524	0.597118371240313	-0.321176758894007	0.0157965275778685	-0.373027104633857	0.00463297961238273	0.210714508695075	0.119034831631985	0.761355924506138	9.63443746687316e-12	0.388670033758081	0.00307352677528603
Myeloids_ISG20	0.273766880799402	0.0411849805484631	0.10446580490308	0.443546252708683	0.276025318785001	0.0394761401357929	0.137494465419246	0.312247546976953	0.105684739417265	0.438216049268039	-0.206062417952565	0.127595101518055	-0.458274983235885	0.000382645116443167	-0.0199415475644234	0.884018049050364	0.405918965848709	0.00190970801642816	0.309841969660202	0.0201330852627453
Myeloids_EML1	0.104580035362407	0.443045218097643	0.182530987048487	0.178150313522021	-0.389058494075475	0.00304159603542707	0.688047720681081	4.65192802231699e-09	-0.0823401331266973	0.546305466689008	0.057949401307867	0.671398345216827	-0.367335170316834	0.00535320139796905	0.0534586785611696	0.695571581576325	0.681231304389643	7.54522865332088e-09	0.148335728518017	0.275248180599699
Myeloids_TFF1	-0.107298807344374	0.431213397194698	0.0252049670906673	0.853706100662242	0.237045430740867	0.0785702458205403	0.26335811655204	0.0498657652474409	-0.177966444120004	0.189437460680112	0.096895036116152	0.477446070479596	-0.387628540872944	0.00316060608141478	-0.0740726115535796	0.587437716102683	0.257188219969762	0.0556793377022364	-0.0292183680544531	0.830730858702025
Myeloids_PDGFRL	0.106897362185421	0.43294915368339	0.0175591045345287	0.897795635668994	-0.231212774145284	0.0864312377830109	0.586613374876633	2.02298718337691e-06	0.00788567129714119	0.954002831602376	-0.026719757549836	0.845019231817892	-0.419490016410552	0.00128986746049926	-0.133836961521889	0.325416433891666	0.595737206152994	1.27473903743655e-06	0.168730628204811	0.213823061783108
Myeloids_KCNJ8	0.163973851641794	0.227206529227546	0.0473900366188843	0.72871831439553	-0.247257349305439	0.0661784063485936	0.448651556442219	0.000524346395324159	-0.0474871071352799	0.728184027918823	-0.0848172294369942	0.534257546479594	-0.0812338331020891	0.551728143193959	-0.0125545395211261	0.926829795710574	0.651510391691654	5.39222854937071e-08	0.23347098730988	0.0833175417177289
Myeloids_OASL	0.16658577993855	0.219787621486328	-0.181937724888148	0.179589167387475	0.0632809390645953	0.643123982091186	0.0587839600497023	0.666941267704449	0.118941998175845	0.382602911632665	-0.187191549018877	0.167136040411039	-0.153810194814455	0.257718389237984	-0.305146044888914	0.0222050798208361	0.277111103920709	0.0386756498576274	0.422696387310739	0.0011728456949993
Myeloids_TFEC	0.452613737152974	0.000461075211029299	0.41727630499738	0.00137666254921808	-0.383407678478222	0.00353629938022693	0.558974889622018	7.54771023938029e-06	-0.230403219118444	0.0875694567130026	0.012390200633908	0.927785030395516	-0.242084201538546	0.0722443742473525	0.283266457224371	0.0343870665884192	0.709094098616234	9.58651924601207e-10	0.369431569068524	0.00507725289445723
Myeloids_PTGFR	0.0323403792089246	0.812954218031723	0.35054282522311	0.00808069619313335	-0.401208856782533	0.00218014978103697	0.633748110663106	1.58116106076684e-07	-0.11235601802979	0.40968561700147	-0.0286164864239637	0.834167949171435	-0.145816042459686	0.283576159812029	0.290778164698434	0.0296959166103978	0.531540635489486	2.49406201158681e-05	-0.033481621341439	0.806478826020265
Myeloids_TUBB6	0.26404263134785	0.0492524600966441	0.2166740224363	0.10871659860047	-0.226241618724876	0.0936071590574011	0.544481787246544	1.43786129208241e-05	-0.0328770838935927	0.809907386617691	-0.229801095200001	0.0884236267140799	-0.318512535406762	0.016736546005865	0.168288745344881	0.215042503267179	0.604256762467385	8.17465942842591e-07	0.245384102761445	0.0683260159852775
Myeloids_IFI35	-0.448382822464451	0.000528909878697832	-0.0790952490668047	0.562282978960428	-0.161905906713772	0.233202074715361	0.168109868806908	0.215537521965204	-0.349329004807756	0.00831799346834836	0.306370132766808	0.0216483328292559	0.27900081254608	0.0373144514058231	-0.0460488997889521	0.736113084519818	-0.218063266663015	0.106413189453122	-0.379238877585802	0.00394557699426861
Myeloids_RGL1	-0.137203915206441	0.3132810170665	-0.326789239323314	0.01396301876443	0.403682459977341	0.00203414548220709	-0.611119303333746	5.66125648486774e-07	-0.045437241633283	0.739493601729273	0.0796541271938968	0.559515546671874	0.26437939566534	0.0489529944702337	-0.188083952834277	0.165085041645483	-0.666009531445378	2.1237873504732e-08	-0.0397430650858926	0.771191378372121
Myeloids_BLVRA	0.350623956086341	0.00806504752867528	0.368863714713662	0.0051507371275803	-0.0352525486713861	0.796456235769661	0.297136709101877	0.0261546214611534	0.136249245338387	0.316692110402726	-0.314978300613576	0.0180568538080852	-0.316090249303745	0.0176322169034391	0.337817470347587	0.0108866257117185	0.591240326128194	1.60341436811663e-06	0.287318187324925	0.0317856254740293
Myeloids_IGFBP5	0.0770949087745652	0.572240490298347	0.17253486853471	0.203524946738759	-0.160143725066514	0.2383964599822	0.4881507557566	0.000135339380526052	0.0546385552202253	0.689190006795068	-0.107093945783997	0.432098680946735	-0.368748318035865	0.00516578390499643	0.047065728940263	0.730504266110972	0.520133187734298	3.97899015391657e-05	-0.0291101168913907	0.831348805028396
Myeloids_PXDN	-0.0524230785469441	0.701190149551173	-0.0722243702941985	0.596819862972525	-0.162339242669123	0.231936772327659	0.509683637457029	6.01633926473011e-05	-0.115020121976374	0.398599499205668	0.0982637426817133	0.471217268413731	-0.354311075587635	0.00738113412600084	-0.16031955361483	0.237874634410786	0.618419391969481	3.79301160036575e-07	0.113696194895281	0.404086637940744
Myeloids_LHFPL2	-0.238520360122395	0.0766748306874485	-0.0578372708198017	0.671998054846884	0.188709911726037	0.163657437438901	-0.0953619191262133	0.484474735040274	-0.165951342143307	0.221573940696656	-0.0356278536530776	0.794336316536512	0.156643193182378	0.248949049109393	-0.00712669389423387	0.958425847676792	0.0154708331651324	0.909896855920421	-0.146518247160231	0.281238768301548
Myeloids_C9orf3	0.170640303241113	0.208608801785942	-0.0535413296131117	0.695123859073387	-0.0577048701606694	0.672706437101682	0.348917242521571	0.00839985601034334	-0.254681361916263	0.0581929734876089	0.178621224017439	0.187787604977903	-0.294641031973389	0.0274997767354983	-0.19515376447909	0.149483390420956	0.478635625484681	0.000190413758256558	0.21817785021244	0.106224898060727
Myeloids_AHNAK2	0.126048131323298	0.354611004913874	-0.0400205175383441	0.769637773373063	-0.312652993359223	0.0189730494331177	0.323675836353027	0.0149561661076985	-0.0874531669605691	0.521581926162156	0.0428053901888541	0.754094484965208	-0.130451047261264	0.337915684742342	-0.052669787114941	0.699850195858413	0.378317621657305	0.00404146882279896	0.302843019032331	0.0232853856319601
Myeloids_ANGPTL2	0.0862903274036604	0.527155163198079	0.0379549393181452	0.781225213505615	-0.236361547319322	0.0794615785863374	0.544061780964044	1.46431935039203e-05	-0.188016386396545	0.165239681288254	-0.143270992140401	0.292154618141974	-0.201792747886702	0.135853924314045	-0.00776965052786441	0.954678868305435	0.635662405718125	1.41270789230526e-07	0.28319679437992	0.0344332949790455
Myeloids_LPPR4	0.0299791775826351	0.82639070567789	0.00780126600692542	0.954494646194811	-0.521007580279557	3.8413116086546e-05	0.650001845894784	5.9242417283835e-08	-0.194134831920757	0.151661892705587	0.0853851284195307	0.531513931181359	-0.209623502009282	0.121001995461236	-0.0572847845386615	0.674955885106684	0.527904802005533	2.89974321076308e-05	0.0269591320203118	0.843648137689756
Myeloids_HLX	0.209249546795117	0.12168192150403	0.176034285237975	0.194366403181377	-0.214971350066369	0.111591739182357	0.509165242754466	6.13886916023703e-05	0.174357055455981	0.198718610514168	-0.117382552867699	0.388917239907724	-0.54987958729414	1.13499199566339e-05	0.0541885379890477	0.691621500226626	0.607941448268414	6.71841332793218e-07	0.127062117309376	0.350721942905219
Myeloids_FCGR1B	0.433650066984882	0.000841502566722801	0.113779506196394	0.403740056691995	-0.189955166905452	0.160844350267835	0.437598613258442	0.000744542284773256	-0.100539284663834	0.460958742844899	-0.264623738327018	0.0487366453587327	-0.241915519086538	0.072449376223854	0.0449369392818694	0.742262321900402	0.772298578850882	3.16384638461417e-12	0.5570853814091	8.2234227327087e-06
Myeloids_CD163	0.373461736191776	0.00458166435549085	0.303413520861086	0.0230137259488572	-0.332331261664972	0.012334765348633	0.582420774419492	2.48958120791071e-06	0.0159249552945387	0.907263460773738	-0.191649200565792	0.157074679711875	-0.393544131071754	0.00269362520672356	0.151387171410783	0.265382005019939	0.707823034939948	1.05873659721851e-09	0.286534099292832	0.0322758387143912
Myeloids_AIF1	0.457446989253944	0.000393302725409213	0.476073198898699	0.00020839747516441	0.0542594463044886	0.691238168735673	0.404310703134798	0.00199848042596964	0.00122616334749597	0.992844020218788	-0.312705285150717	0.0189520198434561	-0.249953380503536	0.0631827394619992	0.386913042174145	0.0032216883541135	0.587095449676103	1.97491492100594e-06	0.243982360936854	0.0699691986797449
Myeloids_RAB31	0.293831256018196	0.0279485120085965	0.0167583587762205	0.902433259119644	-0.279168712440759	0.03719545091898	0.470371090657402	0.000254104241536619	-0.0384690996290248	0.778336362816833	-0.189465731718944	0.161945740447169	-0.361847947140731	0.006138697395181	-0.0769286337376647	0.573071843144074	0.769416118354148	4.26743548832433e-12	0.389298219453404	0.00302203805477488
Myeloids_SOBP	0.238137259054809	0.0771636307406225	0.270862284041149	0.0434717934909358	-0.462269847783128	0.000334816659890276	0.594606437485911	1.35087375211488e-06	-0.116192826045869	0.39377574090399	0.0895434596973485	0.511638244781722	-0.262714075640594	0.0504484752709803	0.149606742090964	0.271109469440456	0.543223920719793	1.51845215681906e-05	0.0862361512822753	0.527415535644322
Myeloids_ADAP2	-0.316571235364469	0.0174511879685735	-0.33491526725713	0.0116332538179841	0.300656157781016	0.0243519139559907	-0.517630017366918	4.39868189783177e-05	-0.0441090415144758	0.746851098713732	0.142026113221668	0.296411720995256	0.445042052023388	0.000588721375238013	-0.174241948384097	0.199019817785474	-0.63236411619661	1.71450651763557e-07	-0.172767569468553	0.202906618122035
Myeloids_SLAMF8	0.495827283980726	0.000101997331058858	0.403150859594765	0.00206476624203937	-0.208652015159035	0.122774375281365	0.490910384795826	0.000122349224538327	-0.074955646843315	0.582978752051289	-0.152252347909199	0.262628278318349	-0.33751517614166	0.0109624131438955	0.246474849672795	0.0670688456448301	0.703299930636438	1.50115649536258e-09	0.422548456455202	0.00117802741699073
Myeloids_TMEM45A	0.264753932577991	0.0486216860211854	0.249217397629448	0.063989497166377	-0.375194180757819	0.00438205787121185	0.614197583048189	4.78748534300564e-07	-0.156965669599351	0.247963861014342	-0.00901543408929472	0.947421616016199	-0.335727950928847	0.0114198584131687	0.132661010746706	0.329723956688928	0.693825374823721	3.05565338234097e-09	0.253431231041122	0.0594802919253893
Myeloids_AGPAT4	0.237724637633282	0.0776928527812168	0.0706991495830831	0.604611804931883	-0.0363889955762585	0.790041533493628	0.31055393881457	0.019833730505488	0.116053029874003	0.394348963176755	-0.0930656617786509	0.495103170087417	-0.368226162750042	0.00523435215838331	-0.0666810777134489	0.625347978504794	0.453297359456475	0.000450887002551695	0.297429346270431	0.0260005752863008
Myeloids_PILRA	0.421208292132745	0.00122591555565228	0.232247982326743	0.0849927100417222	-0.0181929146383943	0.894127238286426	0.348927373765259	0.00839783344410985	-0.0117928948527167	0.931257766604257	-0.328577906092564	0.0134184550420311	-0.353385626847931	0.00754785918581812	0.155042659240598	0.253878131734833	0.725209760005219	2.59595273734583e-10	0.411269994914261	0.00163911868817233
Myeloids_MS4A7	0.186695724090687	0.16828359796614	0.293751830741024	0.027992853772682	-0.326797678300829	0.0139604056457489	0.508962214786442	6.1874800282677e-05	-0.0821851090134732	0.547063788851512	0.0939865757719063	0.490826153823529	-0.278808745380088	0.0374509666655776	0.161021119393295	0.235800328155352	0.515608934068155	4.76690500778984e-05	0.0753578562917763	0.58095285938361
Myeloids_PARVG	-0.359227781009528	0.00654811398835618	-0.531056025284382	2.54492346715007e-05	0.38032617452411	0.00383498979644102	-0.532315733247468	2.41466191641936e-05	0.0340732089375125	0.803127204107558	0.312494807813531	0.0190367858523609	0.063509074022673	0.641924906791878	-0.495345135799416	0.000103846045703381	-0.673185706284599	1.31371570668132e-08	-0.157153018019199	0.247392717852306
Myeloids_ADAMTS2	0.269010463559981	0.0449834218481961	-0.0813262375048229	0.551274228866646	-0.283941606271042	0.0339417006379125	0.381089618012156	0.00375898530561913	-0.215145224748296	0.111295487819645	-0.160966238996149	0.235962142108483	-0.11790890226677	0.386779147253655	-0.163607680015989	0.228260303735254	0.581368250602578	2.62154208566811e-06	0.449319869170977	0.000513151673015979
Myeloids_PIK3AP1	0.368315783990976	0.00522252680720093	0.414332209756751	0.00150019274399133	-0.406691531682137	0.00186832893044344	0.474037230518106	0.000223776730571758	-0.0248293697726515	0.855862750283429	-0.0403060767517242	0.768039712309279	-0.22599808398017	0.0939702871520172	0.316412719845878	0.0175106727683263	0.523117521568559	3.52697748944959e-05	0.343805593219045	0.00947590664236506
Myeloids_BCAT1	0.219063992669793	0.10477738738317	0.062899270029669	0.645132051366641	-0.36904285650755	0.00512745475742979	0.567267422388622	5.1482649413234e-06	-0.240194355271002	0.0745676877284457	-0.155176407561708	0.253463724047137	-0.236946713355378	0.0786984176398805	0.00719644339646618	0.958019321608603	0.726677831155593	2.29421367282847e-10	0.285244492022738	0.0330957880429868
Myeloids_CD109	0.159946600814108	0.23898242023996	0.118513924385394	0.384330107542275	-0.433002851523761	0.000858438526690922	0.658510810506502	3.46040098935283e-08	-0.120869563183934	0.374883014156906	0.0566397719702267	0.678415252300161	-0.425602314095506	0.0010751201724736	0.0153701025455478	0.910481111081998	0.631729338263819	1.77913520843329e-07	0.17099952557867	0.20763806186421
Myeloids_PRRX1	0.32157346981789	0.0156604912480474	0.256416621164389	0.0564434781125218	-0.462794820322265	0.00032895297717437	0.589830912630894	1.72171485990418e-06	-0.168050525428138	0.215701923518634	-0.198105718247222	0.143303102437152	-0.225347731710007	0.0949453910035626	0.123000215085733	0.366459532845504	0.716765548682053	5.20514525841894e-10	0.325784331514167	0.0142772021000262
Myeloids_FAM20C	0.268800361908387	0.0451576142916561	0.268655933194988	0.0452776784213025	-0.212611733693167	0.115672139515487	0.590285994397337	1.68265468261196e-06	0.090830219376647	0.505565222961897	-0.192373316068353	0.155483343000529	-0.428204240099308	0.000993896175375823	0.180582909386999	0.182906474420653	0.689357997081261	4.2325916369481e-09	0.26408506595088	0.0492146433262136
Myeloids_FAM20A	0.308639161815279	0.0206475224715812	0.189048678340021	0.162888605065221	-0.220922398084943	0.101791159411953	0.465521856394421	0.000299968302794593	0.0286372582805379	0.834049278208362	-0.485763147491308	0.000147584105292519	0.0623885311707773	0.647823131240183	0.260355597757877	0.0526298687899068	0.507222842370887	6.61867981182962e-05	0.311175237040613	0.0195755932654675
Myeloids_ASPHD2	0.184557788562641	0.173297585155611	0.111595616650586	0.412882249005091	-0.37261719214614	0.00468183906874232	0.199842687513121	0.139756711655257	-0.053373020575001	0.696035701577091	0.154336348587724	0.256074174385665	-0.0770056202458626	0.57268685171928	0.0638698726956886	0.640030404132762	0.194504073131339	0.150869747655725	0.185029108371689	0.172183007761143
Myeloids_GPX8	0.117517298376661	0.388369223167467	-0.0873428252111701	0.5221095020009	-0.0865669695903218	0.525826605218661	0.441505057669311	0.000658653770218647	-0.114654132499845	0.400111997629178	0.0622892211444188	0.648346916329509	-0.332822008803686	0.0121988028460767	-0.206340821090621	0.127070072070405	0.53374561386582	2.27428489564634e-05	0.1262491827564	0.353837792331962
Myeloids_PIK3R5	0.285560008583273	0.0328935945633503	0.44922895910911	0.000514661653545804	-0.304821969859806	0.0223544872266919	0.559791957776657	7.27180370251665e-06	-0.00620412134901326	0.963803893370627	-0.20919164993312	0.121787448716558	-0.151922563166168	0.263675663028404	0.309323064323097	0.0203536706021799	0.703504633314122	1.4778291949949e-09	0.175921064322508	0.194658040125019
Myeloids_FAM65C	0.0637326660601568	0.640750588832046	0.25258713990646	0.0603624063557151	-0.332072725571947	0.0124069164751326	0.56436774941736	5.89211613210791e-06	-0.0374218535760467	0.784223499177701	-0.0202136351090414	0.882446665027168	-0.177546686599095	0.190500574306613	0.131478874755745	0.33409013453043	0.436021951006425	0.000781979544345619	0.0487996736622011	0.720972217506489
Myeloids_MRGPRF	0.171198785801	0.207100968779736	0.393767648687998	0.00267725020669614	-0.426052529697891	0.00106065265600299	0.696554533763164	2.49690717432266e-09	0.0985847442022185	0.469762766909118	-0.182217760527316	0.178908947191202	-0.360144092376653	0.00640230035231033	0.261872243982198	0.0512184892970175	0.618074414447784	3.86636729688715e-07	0.0175792202684952	0.897679175793556
Myeloids_DDX60L	-0.123505815566818	0.364477628996071	0.0241183092507186	0.85994845675642	-0.41448044376699	0.00149374349345815	0.55719994216181	8.18090587622641e-06	-0.247908111234843	0.0654451085539602	0.275062386146732	0.0401974471800075	-0.270704942827449	0.0435985871874026	-0.227096483669367	0.092341146655384	0.327032299782025	0.013887923173861	0.0309777428877026	0.820702072846777
Myeloids_TWIST2	0.185216437737822	0.171741461757096	0.359865344104334	0.00644635442148072	-0.466379119288951	0.000291348977425135	0.60640589090299	7.29297934163317e-07	0.108061581159731	0.427926168043418	-0.221339493880707	0.101130075854655	-0.212495349893545	0.115876308563417	0.296166705773085	0.0266707305287472	0.633389169747087	1.61477632710648e-07	0.119015451645321	0.382307006426975
Myeloids_IFIT3	0.22212989740453	0.0998864341208798	-0.0898034050947311	0.510408424618745	-0.157883014253636	0.245175822879828	0.22470491129882	0.0959169260215502	-0.155254162902251	0.253223016346209	-0.03086794154464	0.821327147051847	-0.174794106502922	0.197577903801186	-0.239629491710015	0.0752735082940292	0.472840800979572	0.000233290197225271	0.568370234349937	4.88904341182478e-06
Myeloids_MS4A14	0.387136945969898	0.00320246223110024	0.267520346832169	0.0462308349249315	-0.181574847340386	0.180473391162209	0.526934577298266	3.01785830086697e-05	0.0472863340206997	0.729289246089288	-0.262751281447685	0.0504146622724758	-0.305726564682148	0.0219395539647087	0.104691168040182	0.442558072798895	0.607215225846954	6.9846521674594e-07	0.252167253611256	0.060805115525642
Myeloids_GBP5	0.469382920048602	0.000262895934113395	0.179339545249349	0.185989527520192	-0.231634026877531	0.085843575200129	0.329331532322287	0.0131945325387843	-0.191366945688476	0.157698210007355	-0.00165899318384741	0.990318098137194	-0.337187229392026	0.0110451466513561	-0.0143588691033902	0.916348997584609	0.552507347240745	1.01003517476208e-05	0.597765397226875	1.14813076325191e-06
Myeloids_GAS2L1	0.16264527287325	0.231046050389182	0.106379340837421	0.435194754419952	-0.281580536854347	0.0355204184373595	0.233067570964202	0.0838672097189082	-0.118180009335987	0.385680603908194	-0.0307921357379537	0.821758756732699	-0.21742342964013	0.107469343339551	0.0134666505017223	0.921529967678982	0.221793212626481	0.100414725696496	0.163967433708197	0.227224969786418
Myeloids_PI3	0.25627687302094	0.0565827785794139	0.0238510639409867	0.861484979150287	0.407062200118873	0.00184876130301941	-0.0854795929471979	0.531058231552055	0.181059895246953	0.1817335629428	-0.1642370296848	0.22645123638769	-0.328593325059976	0.0134138411588008	-0.0264732023270061	0.846431933130602	0.0813508541172907	0.551153335807733	0.142454163987679	0.294943392319558
Stromalcells_NREP	0.18547912691731	0.17112367642032	0.0651155897160033	0.633506896103586	-0.484767017003869	0.000152985897682621	0.552787745642434	9.97483706503835e-06	-0.181065136940599	0.181720703782545	-0.0833754893707725	0.54125389742418	-0.166246375994567	0.220741991671158	0.033354144529623	0.807201496897179	0.60023352346317	1.00991420506815e-06	0.202002503433747	0.135439048594696
Stromalcells_PRCP	-0.0377380121971737	0.782444919004266	-0.20741828185735	0.125053520705981	0.314692535848734	0.0181673784904826	-0.493695208896947	0.000110407324453901	-0.0982367284675913	0.471339783530849	0.0395159137472828	0.772463985183101	0.235546250414182	0.0805346070612466	-0.117287576354702	0.389303788871718	-0.585733897144401	2.11351251687299e-06	0.121724916544679	0.371487518659231
Stromalcells_COL1A2	0.0134235305905139	0.921780441826611	-0.120738038595978	0.37540677581226	-0.269042532396581	0.0449568825107004	0.415683262219019	0.00144232313809351	-0.23919831593493	0.0758158394532023	-0.0751930423805373	0.581782624839161	-0.178376706911565	0.188402507176633	-0.111869485496221	0.411729287416431	0.561168240736634	6.82814672209136e-06	0.215742550719321	0.110282345712568
Stromalcells_LOXL1	0.320782725007085	0.0159326444271719	0.274957402097429	0.0402767404426559	-0.000827595803844719	0.99517005555175	0.374558482224906	0.00445439309842023	-0.0879120097150059	0.519390928942683	-0.338562977138377	0.0107016528279679	-0.300634788752014	0.0243625352064459	0.20351657311257	0.132472533568596	0.511097773021448	5.69343582966997e-05	0.235180601076693	0.0810195453335263
Stromalcells_PRKAR2B	0.19462492634811	0.150611144197693	0.453024876066092	0.000454923173648043	-0.467898493233502	0.000276624331804764	0.620911459395102	3.30058509325206e-07	-0.134266504358598	0.323851924899105	0.0565847895704861	0.67871044309293	-0.240740950208159	0.0738897070278169	0.270288652252823	0.0439355203385198	0.296520625259443	0.0264814391035952	0.0498190794223172	0.715387714535406
Stromalcells_VASH1	0.277618693960139	0.0383060556461765	0.310260815447562	0.0199565167178552	-0.391323848640772	0.00286117708619981	0.55352914217412	9.64990323776772e-06	0.0159228687274377	0.907275558261455	-0.265813119732716	0.0476946412336633	-0.191327051801414	0.157786486528961	0.234826702896839	0.0814910898507299	0.666458820445048	2.06165883357562e-08	0.233105332954627	0.0838156370446122
Stromalcells_MAOB	-0.0450209815945881	0.74179699618329	0.372456425509138	0.00470112502457369	-0.510193526651709	5.89801811471489e-05	0.644850666891992	8.13730791259681e-08	-0.0925460992499487	0.497524693119736	0.0783151436362257	0.566156585828488	-0.0775547009605305	0.569944494954946	0.279780475107344	0.0367645119731777	0.453049710859295	0.000454553955202206	-0.0861978142435473	0.527599823383465
Stromalcells_COL16A1	0.0885430970570003	0.516385016005121	0.228489096321626	0.0903074212293671	-0.275472670102209	0.0398887973308913	0.596890313944261	1.20124277443237e-06	-0.115350871939527	0.397235515498744	-0.161888645662249	0.233252573777313	-0.3892483559249	0.00302609696171539	0.0932057544069653	0.494451290082777	0.561648305305472	6.67940501590335e-06	0.138457872386779	0.308836406382809
Stromalcells_LRRC17	0.102273655969283	0.4532221308895	0.247223225641895	0.0662170386914058	-0.407213123970935	0.00184084657073974	0.599792852396604	1.03339154129585e-06	-0.030660925401968	0.822505942782681	-0.0878823959042979	0.519532196868788	-0.193871890846153	0.152227862446303	0.109425101324609	0.422085447808056	0.418836315213409	0.00131497238451318	-0.0820701628841269	0.547626390655239
Stromalcells_PCDH17	-0.0515321523857464	0.706036556251923	-0.0719275162737401	0.598332925636867	-0.251104114349868	0.061937738805899	0.486290085451039	0.000144797736974846	-0.0968535469999001	0.477635563076959	-0.111997898868752	0.411189319380488	-0.22048742580709	0.102484133044287	-0.132381855125664	0.330751754209527	0.54135320610459	1.64607221076433e-05	0.059976831277107	0.660590389321406
Stromalcells_FOXF1	0.0374818651293535	0.783885813974221	0.311361530592395	0.0194987499195672	-0.287720192028646	0.0315367070221877	0.493800056555814	0.00010997933102489	-0.201364897393858	0.136703125931046	0.0790435443136574	0.562539333023706	-0.218859079818512	0.105110751396516	0.212832517319656	0.11528557997641	0.379254961708287	0.00394392081492378	-0.0465036408319232	0.73360302812711
Stromalcells_CILP	-0.013645126859486	0.92049331821105	0.443378776452178	0.00062072432934685	-0.616540975529271	4.20882057887818e-07	0.647203848181158	7.04417987828116e-08	-0.0780340534958965	0.567555380390936	-0.0302271254024101	0.824977356283957	0.000889403001360072	0.994809346401001	0.374627949292304	0.00444643770200441	0.363707628086563	0.00586187304788833	-0.147162374541683	0.279105902945635
Stromalcells_COL6A2	0.378779953379258	0.00399309164348382	0.217753659826443	0.10692324235011	-0.11710719350795	0.39003856192035	0.36149382252394	0.00619268827102925	0.254490946943269	0.0583875875438631	-0.514587784462681	4.96355553150387e-05	-0.355900916263476	0.00710220189054627	0.15871995390481	0.242650869872557	0.595977224240014	1.25910313240186e-06	0.294762165279037	0.0274331732072302
Stromalcells_RGL1	0.131321443071442	0.334674324475795	0.341036657850995	0.0101072094890006	-0.422934843118127	0.00116453613405867	0.608216791996398	6.61997686427865e-07	0.0264427694652619	0.846606339369213	-0.0491870526673967	0.718848357517156	-0.276189571065639	0.0393541757330959	0.205130570634581	0.12936436927559	0.64275374256958	9.24396386661916e-08	0.0343594101872953	0.801506997610038
Stromalcells_NFATC1	0.442023400697419	0.000647956898136632	0.334715398364879	0.0116862592888892	-0.216632522233584	0.108785992144616	0.37031846016083	0.00496432494751009	0.0148943916683101	0.913240947809919	-0.270420081953813	0.0438289150655705	-0.290776673084901	0.0296967921272513	0.213124695083442	0.114775538647744	0.536548349430815	2.02076497734601e-05	0.293160685120329	0.028324735283654
Stromalcells_COL5A1	0.0486900600670153	0.721573570177618	0.0579458492034296	0.671417339888674	-0.304845925309628	0.0223434141160274	0.459935588870994	0.000362056975891907	-0.169863572833187	0.210718707450857	-0.218661429629327	0.105433074662754	-0.203842599691502	0.13184019901897	0.0670102783791532	0.623637888441156	0.562686647579148	6.36792826370998e-06	0.190091936919336	0.160537558304556
Stromalcells_C9orf3	-0.121650380915412	0.371782663011768	0.0185768459287258	0.891906166796295	0.133051850069378	0.328288342955484	-0.353964684211652	0.00744315880463626	0.320623792853974	0.015987829627138	-0.25932658990147	0.0536053235892234	0.23898168645913	0.0760894821162564	0.150970410500527	0.266715365247579	-0.393183843955995	0.00272020725015621	-0.157413196978637	0.246601032200673
Stromalcells_COL6A1	0.156789464239829	0.248501851645693	0.157624592251373	0.245959059682258	-0.209237938003073	0.121703074997579	0.586417910777435	2.04278805584343e-06	-0.0296447086438282	0.828298107447867	-0.328714985620658	0.0133774839140799	-0.164624774994201	0.225341623624979	0.0923326542488714	0.498521268490426	0.687191017083038	4.94700684198643e-09	0.199588843771124	0.140270851514831
Stromalcells_COL3A1	0.0366184743927651	0.788747896081981	0.0812848898112089	0.551477317371474	-0.113911480855525	0.403191386405236	0.437328794918343	0.000750832017248151	-0.136556681595069	0.315591046468655	-0.314818194809551	0.0181187069091691	-0.198959628911913	0.141551369791102	-0.00764468946924753	0.955407034252438	0.637728752051566	1.24986962253592e-07	0.171857599067379	0.205332157800074
Stromalcells_MAFB	0.266063851165526	0.0474773176228085	0.418497256986567	0.00132816545750335	-0.495357651461312	0.000103797670695535	0.578545192150124	3.00839092366635e-06	-0.241784263311013	0.0726092130430472	0.0573744755450115	0.674475375508162	-0.317012717937085	0.0172864232197364	0.285791811117268	0.0327457035842099	0.585609820207728	2.1265838403444e-06	0.16981435691055	0.210852900862007
Stromalcells_MICALL2	-0.0610482409461535	0.654906340402253	-0.0593313791756389	0.664023879701032	0.164492495592841	0.225719743371169	-0.156430675428095	0.249599757875092	0.0845853733179455	0.535379676345482	-0.239558910707699	0.0753620734970795	0.161411233320402	0.234652282531786	0.0422699736961755	0.757075524171424	-0.032629636557745	0.811311781268023	-0.0554321408874689	0.684909781155967
Stromalcells_ADAP2	0.325653690370756	0.0143184886770308	0.365634904800917	0.00558658487359344	-0.332776126714801	0.0122114596505302	0.530934705606917	2.55780549721683e-05	0.0402698292718584	0.768242509369754	-0.134661844340763	0.322416207869626	-0.452068712130815	0.000469346889738716	0.206979665859629	0.125871478185115	0.612615574177932	5.2194028451523e-07	0.175522058198555	0.195688295934446
Stromalcells_TRPS1	0.276629246778194	0.0390292267861761	0.268184853986425	0.0456711070763163	-0.422029688797202	0.00119636162734449	0.564793641460819	5.77693578078328e-06	-0.00739551677884405	0.956859106528277	-0.259125836836835	0.0537973284068273	-0.186339565469682	0.16911144632367	0.181363453702877	0.180989940456129	0.665491946603921	2.19754681897868e-08	0.203163625401155	0.133159652579894
Stromalcells_AMOTL1	0.201815809141076	0.135808264826256	0.364972592297779	0.00567988198422029	-0.562813524514418	6.33080804953365e-06	0.686455783391878	5.21426183161965e-09	0.0404824561458459	0.767053126996743	-0.167311971847136	0.217755317523954	-0.309083693638695	0.0204561149555435	0.248676937772785	0.064587177544876	0.679325771130313	8.61771145141942e-09	0.102098010659382	0.454002385275905
Stromalcells_STAT2	0.173560729033032	0.200809043308514	0.361018106745203	0.0062658709952422	-0.472356704934636	0.000237243197690826	0.598495769837325	1.10549052797881e-06	-0.0770924100491113	0.572252979467536	-0.154260461886797	0.256310879958548	-0.15439269266404	0.25589852160969	0.228597640272233	0.0901503906243686	0.583850992607687	2.32017423015752e-06	0.139856687801331	0.303926402389864
Stromalcells_GPSM1	0.123262416451478	0.365430915391664	0.0261168621591503	0.848474522289183	-0.271901875839849	0.042641623880263	0.621287506278533	3.23170693739506e-07	0.212516931739917	0.115838427320468	-0.15852675832197	0.243232135503289	-0.0467221690686316	0.732397789143694	0.0201000604422924	0.88310253715814	0.592405854730051	1.5113642198277e-06	0.0742812286719727	0.586382902637068
Stromalcells_MRVI1	0.199523023603175	0.140404395471531	0.431133806603091	0.000909084397918616	-0.626143783925581	2.45505098438661e-07	0.731317712225047	1.54434027987133e-10	-0.0756878315608061	0.579293199263882	-0.124071736103555	0.362267015183065	-0.247065958266569	0.0663953188726813	0.301278638721188	0.0240442234872267	0.61863891347933	3.74701406073555e-07	0.114373700633912	0.401273183924377
Stromalcells_ZNF521	0.166818173994215	0.219135814684828	0.175281310195897	0.196311796302647	-0.388457280309679	0.00309114031177155	0.625913524308005	2.48752053984936e-07	-0.141892194926438	0.296872071044051	-0.0866363237773682	0.525493796819148	-0.323588135861251	0.0149849955794088	0.0584311782853342	0.668823965380576	0.556948520156068	8.27448489069596e-06	0.165243029676185	0.22358017673751
Stromalcells_SFMBT2	0.159482387152941	0.240366213813196	0.329818725366792	0.013051489481734	-0.574327689958171	3.68642503549244e-06	0.679680321317373	8.40784858148025e-09	-0.134344583281549	0.32356805312407	0.0898246188908461	0.510308126987149	-0.285559819614572	0.0328937153524786	0.159922442944635	0.239054298404651	0.468077260703942	0.000274937159751432	0.0783574228458516	0.565946330150405
Stromalcells_SHANK3	0.0739249003144427	0.588185091882842	0.251238615022408	0.0617935169214022	-0.415165121402918	0.00146427598715853	0.521715555830637	3.7330694743443e-05	-0.204649114749268	0.130285717849676	-0.226474864351066	0.0932603992707123	0.0505376675051127	0.711460006005379	0.222137183728454	0.0998750250221472	0.280390544574402	0.0363388897755069	0.088160502165662	0.51820629535215
Stromalcells_PAPPA	0.0607938655682386	0.656254110841473	0.169664745299331	0.211261204621565	-0.295148829095495	0.027221475438691	0.607645576012566	6.82571476793116e-07	-0.17040327897491	0.209251069166987	-0.0465242636381693	0.733489260764361	-0.173129203740094	0.201948331369548	-0.000582500117213691	0.996600452030826	0.586391742760552	2.04545260577501e-06	0.0840864301440683	0.537798353963446
Stromalcells_ALPK2	0.265818592622612	0.0476898888993335	0.30183092069313	0.0237739811483757	-0.358452184268546	0.00667379510691406	0.549282424318983	1.1653193641729e-05	-0.0524714865887329	0.700927158486893	-0.379463038883181	0.00392255037938502	-0.12794306666987	0.347364556687133	0.249664795208195	0.0634980970096058	0.570109734034471	4.50472515396484e-06	0.289652377103225	0.0303628725403755
Stromalcells_RUNX1T1	0.215970713819229	0.10989722595446	0.331164115625373	0.0126633763155228	-0.561121580164283	6.84276680517961e-06	0.715767155478382	5.64207474695316e-10	-0.0577358885263386	0.672540454419688	-0.0739645561350089	0.587984403060553	-0.241389187917388	0.0730920098519585	0.233216945326444	0.0836633505715649	0.630972107634147	1.85922226352378e-07	0.142481649927867	0.294849270305389
Stromalcells_ARL10	0.153529054927734	0.258599854009047	0.143089320336956	0.292773379221468	-0.465670674432124	0.000298455570646223	0.413377411786085	0.00154233405774633	-0.149702988988845	0.270797764484504	0.0306044689054426	0.822827486269891	0.008547010899873	0.950149927073073	0.0418269738480163	0.759544675378407	0.423144583133321	0.00115727098215772	0.192408428350672	0.155406482732069
Stromalcells_CD84	0.391055146251841	0.00288206897408669	0.502701685154129	7.87197604459605e-05	-0.550693550696019	1.09483199149212e-05	0.538231028585724	1.88139117876336e-05	-0.144436928799343	0.288203857644362	-0.107547951867036	0.430138128944432	-0.0634533735994066	0.642217584154059	0.449782941601388	0.00050552230768282	0.580976926815684	2.67224602990081e-06	0.239988206465403	0.0748246678112009
Tcells_QPRT	-0.12548623467015	0.356777465273379	-0.109993862961013	0.419662613164823	0.418917345641776	0.00131183686336893	-0.469848871471572	0.000258716443318433	0.18705941094776	0.167441306088533	0.112036786885727	0.411025878993181	-0.0360474970104609	0.791967698696914	-0.086821606734517	0.524605197498309	-0.284740558185204	0.033420869062283	-0.125387121463222	0.357160447300915
Tcells_OAS2	0.381976934094134	0.00367232281111618	0.0341594823684865	0.802638716893785	-0.0775563831292137	0.569936102806845	-0.0097132259422131	0.943358477242814	0.0508447693638462	0.709783687951876	-0.272799525821496	0.0419353248836741	-0.0630384854732597	0.644399306946855	-0.00139894776090005	0.991835669725255	0.240210070736164	0.074548125994097	0.568664511204778	4.8219539769166e-06
Tcells_PLAG1	-0.281946294520251	0.0352719446505593	0.0762321599813182	0.576560155460798	0.0211583717898254	0.876994066347388	0.0913507754896652	0.503118917490329	-0.321064626106484	0.0158351616813672	0.334033985549825	0.0118685386598318	0.237307900918458	0.0782302649642157	0.0634903878557028	0.642023087061557	-0.0238976356161406	0.861217179265277	-0.123811780945368	0.363281443382738
Tcells_FMR1	-0.223492359760019	0.0977705652022695	-0.219693832126336	0.103757834311421	0.0252653023623073	0.853359758990008	-0.166159964040341	0.220985434032583	-0.474870303068212	0.000217362937891132	0.430195534911681	0.000935509779456637	0.192613264599617	0.154958657867104	-0.250347637924217	0.0627539410653747	-0.01893978269817	0.889807307440926	0.0938954189982842	0.49124865236607
Tcells_MST4	-0.0613759081576305	0.653171853750024	-0.217584878895126	0.107202087429921	0.0607329907070823	0.656576808838805	-0.236984970404515	0.078648726178449	-0.310778394505592	0.0197401423143868	0.385911027814196	0.00330898689356315	0.245929502902428	0.0676950669546621	-0.113384969775536	0.405382887556284	0.000287816365273079	0.998320261771701	0.116779597090077	0.391375089553304
