id	GSM3374350_response	GSM3374352_response	GSM3374356_response	GSM3374362_response	GSM3374366_response	GSM3374368_response	GSM3374369_response	GSM3374370_response	GSM3374386_response	GSM3374396_response	GSM3374401_response	GSM3374412_response	GSM3374413_response	GSM3374414_response	GSM3374415_response	GSM3374353_non	GSM3374354_non	GSM3374355_non	GSM3374357_non	GSM3374358_non	GSM3374359_non	GSM3374360_non	GSM3374361_non	GSM3374363_non	GSM3374364_non	GSM3374365_non	GSM3374367_non	GSM3374371_non	GSM3374372_non	GSM3374373_non	GSM3374374_non	GSM3374375_non	GSM3374376_non	GSM3374377_non	GSM3374378_non	GSM3374379_non	GSM3374380_non	GSM3374381_non	GSM3374382_non	GSM3374384_non	GSM3374387_non	GSM3374388_non	GSM3374392_non	GSM3374394_non	GSM3374398_non	GSM3374400_non	GSM3374402_non	GSM3374403_non	GSM3374404_non	GSM3374405_non	GSM3374406_non	GSM3374407_non	GSM3374408_non	GSM3374409_non	GSM3374410_non	GSM3374411_non
GPX8	8.1	7.79	8.05	7.75	7.21	7.57	7.88	7.88	8.76	7.15	7.79	8.01	8.01	6.55	7.34	6.93	8.89	7.75	6.28	8.31	6.57	6.39	6.29	6.7	6.99	7	7.09	5.59	6.76	5.81	6.57	5.8	7.21	6.59	6.25	6.51	7.15	6.51	7.19	8.03	6.85	8.62	6.82	6.7	8.06	7.37	6.31	6.3	6.02	7.18	7.03	6.66	8.82	6.02	6.66	6.57
RNF128	8.08	8.2	9.01	9.02	8.12	8.8	8.69	9.33	8.44	8.98	9.49	8.44	9.19	8.53	9.19	8.71	8.8	8.77	9.21	8.34	9.05	9.82	8.21	8.58	9.26	8.74	9.35	10.03	9.67	9.22	9.37	9.56	9.38	10.04	9.87	9.36	8.8	9.52	9.24	8.9	9.33	9.57	9.58	9.6	10.17	9.51	9.61	9.57	9.45	8.98	9.04	9.82	8.43	9.06	9.15	8.82
KCNJ16	2.95	4.17	4.34	2.48	3.1	2.63	2.52	2.9	4.55	4.29	3.47	4.59	3.94	2.83	3.44	3.47	2.62	4.3	3.02	3.5	3.26	2.64	3.23	2.65	2.67	2.8	2.74	2.6	2.58	2.8	2.57	2.57	2.47	2.55	2.91	2.68	2.94	2.62	3.1	2.67	2.56	2.73	2.32	3.64	2.71	2.72	3.11	3.04	2.47	3.34	4.08	4.16	3.19	2.69	2.47	2.75
RNF39	5.28	4.58	4.84	4.98	4.68	5.06	5.52	5.88	4.86	5.17	4.97	5.23	5.75	6.24	4.88	5.61	4.57	5.17	5.52	6.12	5.17	5.42	5.85	5.23	6.33	5.56	5.22	5.89	5.91	6.06	5.86	5.56	5.94	5.41	5.91	5.61	4.76	4.85	5.49	5.98	5.81	5.34	5.32	5.13	5.99	5.8	6.42	6.09	5.78	5.39	5.49	5.45	6.05	5.81	6.41	5.34
SNHG11 	7.29	6.86	6.96	7	6.89	6.64	6.88	7.14	6.56	6.45	6.79	6.52	6.55	7.9	6.87	6.86	6.66	7.16	6.94	6.91	6.7	7.25	6.82	6.97	7.44	7	6.98	7.56	8.16	7.6	8	7.2	7.37	7.87	7.4	7.61	7.89	7.35	6.98	8	8.04	7.31	7.18	6.54	6.94	7.43	7.42	7.31	7.54	6.96	7.03	6.94	7.01	7.26	7.6	6.97
RSAD2	6.25	6.58	9.14	6.94	5.55	8.57	5.06	3.88	7.8	7.17	7.66	5.65	8.77	5.23	5.79	6.33	7.11	6.35	4.7	5.8	6.84	5.27	4.43	5.92	4.93	5.44	7.91	5.51	5.32	6.1	7.31	5.3	4.31	3.95	4.69	7.97	6.6	4.45	5.91	3.81	4.13	6.98	4.36	5.41	4.52	5.98	6.44	6.41	4.35	5.12	5.31	4.84	5.78	4.87	5.72	5.35
EIF3C 	11.3	10.91	10.71	11.06	11.04	10.97	11.23	10.93	9.89	11	11.13	10.78	10.54	11.43	10.95	11.15	10.46	10.72	11.5	10.99	11.23	11.67	12.18	10.89	12.32	11.62	11.36	11.43	11.48	11.23	11.46	10.7	11.67	11.02	11.2	11.68	11.13	10.7	10.87	11.32	11.47	10.6	11.24	10.83	11.94	11.43	11.48	11.36	11.45	11.01	11.3	11.26	11.02	11.67	11.47	11.42
PARP9	8.26	8.53	8.9	9	7.71	8.98	7.39	7.24	8.69	7.96	7.98	7.43	8.84	8.46	7.57	7.85	8.43	7.86	6.88	8.06	6.97	7.55	7.34	7.58	7.47	8.02	8.03	7.94	7.74	7.62	8.24	7.29	7.21	7.08	7.56	8.17	8.11	7.26	8.27	8.13	7.9	8.34	7.06	7.12	8.83	7.92	8.2	8.08	6.99	7.35	7.59	7.76	7.96	8	7.44	7.5
FCGR1A 	6.83	6.32	6.59	7.71	6.76	7.23	6.4	4.84	7.74	5.96	5.64	6.41	6.1	5.93	5.14	6.3	7.76	6.14	4.88	5.98	5.33	5.78	4.25	5.58	5.43	5.36	5.31	4.49	4.9	5.78	5.84	5.39	5.98	5.48	4.74	5.47	6.95	5.54	5.21	5.82	5.53	7.88	5.39	4.9	5.75	5.75	5.76	5.77	4.61	6.17	5.31	5.53	7.42	5.41	5.93	4.68
TRIM69	8.5	9.19	9.03	8.93	8.02	8.85	7.8	7.58	8.03	7.91	7.96	7.78	8.07	8.2	7.41	8.24	9.29	8.5	6.67	7.33	7.32	6.87	7.09	7.97	7.2	8.32	8.02	6.76	6.98	7.27	7.74	6.92	6.65	7.25	7.3	6.85	8.05	7.52	8.09	7.25	7.46	7.93	7.92	7.75	8.62	7.9	8.33	8.37	7.86	7.63	7.78	8.13	8.05	8.11	7.8	7.96
FKBP5	8.87	9.21	9.16	8.53	9.11	10.08	8.69	8.1	9.41	9.69	8.72	9.36	8.45	8.68	8.47	8.66	8.58	9.09	8.69	8.59	9.34	8.68	7.89	8.72	7.78	8.49	9.11	7.99	9.11	8.5	8.04	8.14	8.77	8.62	8.2	8.91	9.07	8.68	8.96	8.1	7.79	8.87	8.47	8.65	8.35	8.42	8.51	8.56	8.31	8.89	8.48	9.12	9.15	8.39	8.53	8.38
OASL	7.23	7.26	7.61	6.94	6.14	7.06	6.85	6.62	8.12	6.27	6.89	5.4	6.69	6.47	5.59	6.22	7.81	6.32	5.9	6.67	6.22	5.83	6.44	6.09	5.85	6.91	6.95	6.14	5.73	6.73	7.02	5.89	5.12	5.57	5.76	7.36	6.6	5.46	6.85	7.26	4.71	6.33	5	6.03	5.69	6.35	6.97	6.63	5.1	5.77	4.86	5.24	6.51	5.09	5.59	5.41
RIMS3	6.8	7.43	6.7	5.69	6.08	6.12	6.25	6.56	6.49	6.95	6.27	6.91	6.45	5.71	6.1	7.24	6.65	7.64	5.93	6.9	6.15	4.07	5.15	6.07	5.73	6.21	5.27	4.54	4.85	5.08	4.7	5.49	5.05	5.63	5.67	5.81	5.27	6.38	6.35	5.99	5.16	5.26	5.01	6.43	4.59	5.01	5.96	5.91	6.77	6.07	6.11	6.41	6.82	6.23	5.33	6.74
USP18	5.76	6.37	7.05	7.12	5.53	7.06	6.67	5.83	6.49	6.31	6.58	5.54	7.55	6.43	5.68	6.24	7.18	5.95	5.68	5.69	5.05	5.56	4.22	6.17	5.16	5.66	6.45	6.12	6.23	6.21	6.41	5.47	4.89	5.54	4.94	6.99	6.41	5.55	6.51	6.1	4.35	6.32	5.15	5.73	7.08	5.94	6.18	6.31	5.81	5.62	5.46	5.74	5.79	6.37	5.1	5.54
GPR161	6.09	6.68	6.5	6.58	6.42	6.18	6.27	5.74	7.09	6.13	6	6.32	6.56	6.96	6.57	6.51	6.35	6.95	6.26	6.66	6.65	6.09	5.36	6.07	6.09	5.53	5.75	6.46	5.23	4.89	5.78	5.88	5.31	5.47	5.46	6.18	5.54	7	6.38	5.45	5.33	7.3	5.09	6.09	4.89	5.65	5.35	5.47	4.93	6.45	5.58	6.12	6.92	5.22	5.92	6.68
STAT2	9.14	9.57	9.34	9.61	9.63	9.8	8.69	7.68	9.72	9.03	8.82	8.96	9.34	9.06	8.53	9.42	9.8	9.45	8.78	9.06	8.43	8.54	8.09	9.27	8.55	9.17	8.75	7.98	8.11	7.86	8.63	8.66	8.47	7.81	8.56	8.64	8.65	8.89	8.75	8.22	8.64	10	8.05	8.64	8.19	8.39	8.7	8.75	8.8	8.79	8.99	8.93	9.06	8.46	8.85	8.8
SGK1	10.25	9.9	10.19	8.9	9.84	11.01	9.11	8.09	11.77	10.73	9.49	10.46	8.66	8.55	8.73	9.14	9.79	9.85	8.4	9.86	10.12	9.14	8.59	8.46	8.77	9.6	9.15	8.88	9.17	8.12	8.36	8.53	8.42	7.8	9.21	9.13	9.28	8.07	10.02	9.62	10.1	10.47	8.89	8.87	8.63	9.27	9.56	9.54	7.95	8.75	8.53	8.54	10.08	7.87	9.39	7.86
ADAP2	7.15	7.74	7.29	7.18	7.39	7.21	7.05	5.79	7.26	6.92	6.85	6.55	6.84	6.66	6.62	7.25	7.01	7.34	6.42	6.81	6.71	6.31	6.74	6.94	6.7	6.43	6.67	6.1	6.1	6.01	6.46	6.56	6.25	5.98	6.34	6.52	6.65	6.81	6.77	6.63	6.57	7.91	6.1	6.43	6.27	6.53	6.27	6.35	6.15	7.04	6.7	6.81	7.24	6.21	6.79	6.95
NNT-AS1	4.64	4.64	5.24	5.13	5.89	5.64	5.3	6.07	6.2	6.04	6.13	6.01	5.84	5.32	6.49	5.65	4.67	5.68	6.05	5.48	5.03	6.23	5.07	6.01	5.77	4.61	6.59	6.17	6.21	6.87	6.98	6.34	7.1	6.22	6.12	6.11	5.95	6.85	6.62	6.96	7.27	6.34	6.03	5.72	6.5	7.04	6.07	5.93	6.97	6.37	6.12	6.43	5.92	5.58	7.08	6.32
C9orf3	9.55	9.09	9.16	9.5	9.04	8.74	8.54	8.96	9.77	8.6	8.69	8.99	8.65	8.4	9.2	8.01	9.29	9.09	7.82	8.82	7.92	7.99	8.4	8.39	8.44	7.88	8.11	9	8.37	8.02	8.41	8.7	8.29	8.48	8.3	8.52	8.83	8.7	8.91	9.22	8.99	9.97	8.26	8.22	9.24	9.36	8.46	8.56	8.62	8.68	8.8	8.65	8.93	8.09	9.28	8.57
UPP1	8.15	8.49	7.83	7.14	6.74	6.98	7.15	6.85	8.25	6.69	7.1	6.57	6.36	7.05	6.88	6.96	8.36	7.38	6.54	7.23	6.81	7.29	6.55	6.26	7.86	6.94	6.47	5.92	6.91	6.79	6.64	6.58	6.01	6.97	6.53	7.16	7.1	6.16	7.15	6.27	6.42	7.9	6.12	6.52	6.54	6.74	6.63	6.52	5.41	6.05	6.25	6.8	7.39	6.41	6.28	6.34
GRB7	6.5	5.67	6.04	7.32	6.57	6.08	6.86	7.06	5.53	6.18	6.32	6.3	6.37	6.93	7.21	7.99	5.85	6.41	6.95	6.81	6.6	7.23	6.84	6.67	8.29	6.59	6.95	7.12	7.91	7.63	7.63	7.36	8.18	7.15	7.6	7.16	6.92	6.77	6.02	7.5	6.51	5.76	6.23	6.12	6.46	7.24	7.1	7.06	7.39	6.37	6.77	6.63	6.71	7.24	7.12	6.44
AKR1B10	8.13	10.18	9.65	7.98	8.57	9.79	8.99	7.58	9.27	9.87	10.09	8.84	9.06	8.38	9.36	8.8	7.09	10.08	8.42	8.98	9.95	6.72	6.45	8.98	8.19	8.63	7.91	7.47	7.5	8.56	7.87	9.63	5.05	8.41	6.75	6.73	7.89	9.35	9.8	6.45	7.2	7.28	7.11	9.55	8.97	9.35	8.35	8.54	7.47	8.64	7.92	8.19	9.46	4.58	5.29	9.61
GPSM1	7.81	7.6	7.47	7.07	7.71	7.09	7.26	6.8	7.95	6.9	6.85	7.71	7.47	7.5	6.98	7.24	7.26	7.44	5.87	7.61	6.02	7.3	7.18	6.76	7.22	6.62	7.06	6.81	6.9	6.3	6.99	6.7	7.05	6.89	7.04	6.69	6.59	6.88	6.72	6.18	6.57	8.04	6.61	6.94	6.41	6.91	7.12	6.99	6.33	7.26	7.55	7.14	8.24	6.57	7.56	7.4
GGT7	6.49	6.95	6.62	6.3	7.12	6.49	6.77	6.13	6.49	6.73	6.59	6.54	6.7	7.34	6.67	7.24	6	7.14	7.11	6.76	7.07	6.78	6.46	6.99	7.78	6.77	7.34	6.95	7.02	7.23	6.56	6.9	8.08	6.62	7.27	6.56	6.81	7.52	7.28	8.23	7.53	6.93	6.16	6.94	7.05	6.8	6.82	6.72	7.19	6.85	7.57	7.18	6.56	6.32	7.62	7.52
GALNT10	7.81	8.06	7.67	8.13	7.21	6.95	7.28	8.2	7.04	7.02	7.36	7.12	7.52	6.74	6.64	7.71	7.63	7.69	7.1	7.61	7.23	7.15	7.06	7.17	7.14	7.11	7.01	6.34	6.84	6.76	6.26	6.17	5.81	6.41	6.06	7.82	7.25	7.03	7.84	6.85	6.33	7.49	7.02	7.25	6.74	6.46	6.97	6.92	7.12	7	7.01	7.11	7.21	6.49	6.47	7.19
SCNN1G	5.75	8.29	7.23	3.11	5.3	6.58	5.19	3.62	3.37	7.35	4.52	4.79	3.61	3.35	4.52	4.41	3.82	7.36	5.3	5.5	6.69	3.69	3.9	3.91	3.6	4.04	5.8	3.19	4.05	3.55	3.69	3.53	3.34	3.59	3.65	3.74	4.09	4.81	5.35	3.49	3.19	3.01	3.5	4.27	3.11	3.69	4.89	5.12	3.26	4.43	3.45	4.99	3.52	3.37	3.47	3.59
GAS2L1	7.3	7.53	7.1	7.58	7.02	7.14	7.63	6.96	7.83	7.1	6.95	7.27	7.19	7.33	6.84	7.08	7.56	7.43	6.78	7.02	7.06	6.51	6.1	6.76	6.58	6.97	7.27	7.26	6.65	5.86	6.58	6.68	6.02	7.64	6.14	7.08	7.32	7.26	7.31	6.44	6.46	7.77	7.11	6.87	6.63	6.79	6.89	7.04	6.68	6.99	6.86	6.91	7.91	6.55	6.48	7.37
PIK3AP1	8.28	8.29	8.15	9.14	7.93	8.79	8.04	7	10.14	7.96	7.81	8.35	8.15	8.66	7.49	8.36	9.2	8.26	7.39	7.34	7.49	6.81	7.87	8.19	6.7	7	7.7	7.06	6.71	7.89	7.25	7.53	7.27	5.95	8	6.82	8.11	7.7	8.13	7.59	8.11	9.04	6.39	7.62	7.93	7.07	8.16	8.1	7.09	8.52	8.02	8.01	8.87	8.03	8.05	8.21
IRF7	8.02	7.82	8.05	8.15	8.42	8.69	8.44	7.18	9.07	8.05	8.28	7.46	8.53	8.3	7.3	7.64	7.46	7.33	7.91	8.18	7.47	7.59	6.98	8.22	8	8.5	8.54	8.11	7.24	7.58	8.27	8.01	6.42	7.2	7.84	9.2	8.32	7.14	7.84	7.78	6.89	8.32	6.94	7.48	7.23	7.62	7.65	7.65	7.29	7.46	7.86	7.55	7.85	7.22	7.82	7.57
NEU1	8.92	7.85	8.57	8.22	8.38	8.33	8.08	8.33	8.1	8.15	8.58	7.78	7.85	9.27	7.67	8.45	7.66	8.37	8.86	8.47	8.49	9.43	9.13	8.5	9.85	8.95	9.85	10.19	9.47	9.55	8.78	8.67	9.59	8.94	9.66	9.11	9.27	8	8.38	9.18	9.86	7.99	8.75	8.36	8.28	9.55	8.49	8.45	8.47	7.94	8.07	8.31	7.95	7.93	8.82	7.73
FAM122B	6.77	6.63	7.61	7.83	7.45	8.47	7.29	7.43	7.58	7.85	8.32	7.66	7.87	8.56	8.13	7.49	7.62	7.54	8.24	6.89	7.31	9.22	7.06	7.45	7.78	6.94	8.68	7.7	8.44	9.27	8.36	8.05	8.23	9.19	8.41	8.2	8.88	8.42	8.24	7.99	9.78	8.58	7.93	8.03	8.6	9.31	8.53	8.35	8.18	8.17	8.02	8.56	7.71	8.2	8.74	8.28
MICALL2	7.75	7.96	7.6	7.98	8.17	7.6	7.62	7.85	7.84	7.51	7.74	7.62	7.78	8.68	7.58	7.95	7.38	7.97	7.87	8.29	7.67	7.53	6.38	7.66	7.84	7.68	7.28	7.14	7.27	6.29	7.38	8.1	7.02	6.34	7.55	7.93	7.1	7.55	8.15	6.61	7.81	8.48	7.1	7.61	7.6	6.89	7.51	7.29	6.57	7.54	7.69	7.31	7.48	6.94	7.04	7.78
FCER1G	9.38	9.28	9.34	9.06	8.6	8.62	8.75	6.75	10.2	7.91	7.49	8.05	8.04	8.02	7.71	9.25	10.02	9.29	6.73	7.8	7.22	7.14	7.48	8.33	7.74	8.01	7.5	7.39	7.5	7.5	7.49	7.81	7.61	7.57	8.16	7.45	8.84	7.57	7.3	7.8	7.74	9.12	7.51	7.31	7.7	8.02	7.88	7.79	7.11	8.15	7.65	8.11	9.44	7.5	7.39	7.61
SLC1A1	7.73	8.97	9.16	7.89	7.98	8.43	8.4	8.09	8.17	8.56	9	8.82	8.59	8.22	8	8.74	7.41	8.87	8.56	9.02	8.97	8.22	5.48	7.64	7.31	8.33	7.93	8.27	7.07	6.16	7.74	7.34	5.51	7.76	8.43	7.12	6.88	8.07	8.81	6.31	8.43	8.61	6.67	8.64	8.89	8.03	7.25	7.27	7.42	8.29	8.1	8.34	8.03	6.78	6.71	7.79
PARD6B	6.03	5.51	6.37	5.67	5.92	6.66	6.35	6.66	5.92	6.26	6.66	6.07	6.16	7.01	6.54	6.17	5.71	6.27	6.39	6.25	6.19	6.81	5.72	5.59	7.34	6.07	7.21	6.61	7.03	7.86	7.36	6.92	7.63	6.85	6.79	6.79	6.61	6.97	7.88	6.97	8	7.54	7.1	6.32	7.08	7.39	7.34	7.18	6.14	6.21	5.97	6.66	5.78	6.26	6.75	6.15
ANKH	9.65	9.19	9.52	9.4	8.99	9.22	8.81	8.95	9.19	8.62	9.08	9.29	9.33	8.83	10.16	9.64	9.18	9.55	9.67	9.19	9.34	9.36	9.59	9	9.59	8.94	10.43	9.03	9.09	9.16	9.33	9.53	9.9	9.33	9.75	9.73	8.86	9.7	9.63	10.49	11	11.34	10.09	9.21	8.9	10.4	9.8	9.75	10.53	9.94	9.45	10.02	8.73	10.02	10.07	9.21
S100A16	11.14	11.36	10.9	11.29	10.54	10.64	11.08	11.11	10.78	10.66	10.87	11.34	10.79	10.86	10.84	10.88	11.47	10.94	10.56	10.86	11.11	10.43	10.31	10.49	10.49	11.23	9.71	10.42	9.92	10.47	10.8	11.45	9.97	10.83	11.22	10.96	10.51	10.44	10.92	11.14	10.19	10.36	10.45	10.92	10.21	10.82	10.88	10.9	9.75	10.65	10.18	10.28	11.14	9.28	9.89	10.74
TSPAN6	10.37	10.59	10.42	10.19	9.85	10.58	9.62	9.72	8.93	10.34	10.3	9.46	9.45	10.21	10.28	10.86	9.95	10.66	10.46	9.67	10.11	11.16	9.89	10.09	10.45	10.31	11.04	10.58	11.36	11.45	10	10.26	11.33	11.15	10.52	9.98	10.33	10.26	10.72	10.93	10.64	9.18	10.38	9.75	9.07	11.86	10.65	10.44	11.08	10.3	10.44	11	9.7	11.11	10.49	10.1
MASP1	6.77	5.96	6.01	4.57	5.26	6.26	5.81	5.15	7.96	5.23	5.23	6.03	5.73	5.65	4.59	5.09	5.6	6.46	4.55	5.77	5.1	5.29	4.74	4.78	5.02	5.53	4.32	5.3	5.19	4.95	4.74	5.12	5.24	5.26	5.85	4.9	5.32	5.62	6.04	4.81	6.19	4.81	4.77	4.71	4.68	5.28	5.37	5.37	4.52	5.35	5.38	4.79	6.91	5.35	5.34	5.48
GM2A	9.23	9.27	9.31	9.73	9.17	8.63	9	8.24	9.12	8.86	8.91	8.61	8.9	8.77	8.1	9.51	9.88	9.73	7.8	8.56	8.79	8.2	8.7	9.09	8.31	8.67	8.24	8.51	8.07	7.84	8.52	8.34	7.76	8.36	8.46	8.52	8.69	8.57	8.28	8.19	8.38	9.09	8.69	8.47	8.18	8.38	8.73	8.49	8.16	9.06	8.22	8.59	9.25	8.53	8.64	8.44
FFAR4	6.1	7.51	6.57	6.19	6.65	7.09	6.31	7.23	5.84	7.18	6.77	6.2	6.65	3.81	5.82	7.61	5.81	7.55	6.41	6.8	6.94	4.93	5.02	6.1	4.6	6.35	5.71	2.43	5.08	4.46	5.68	5.01	2.65	5.42	3.54	4.64	3.9	6.46	7.66	5.39	4.66	4.28	2.2	7.21	4.95	5.75	5.76	5.35	5.42	6.22	6.16	6.69	6.25	4.35	3.85	6.52
CYP2B6	3.92	2.98	3.96	2.93	2.92	3.77	3.15	2.97	3.33	3.15	3.81	3.69	4.69	4.66	5.06	3.57	3.58	3.27	4.05	2.96	3.41	3.55	4.36	3.63	6.39	4.05	6.38	3.39	3.45	5.71	5.48	5.73	6	4.79	3.64	4	3.75	3.61	3.24	3.91	5.33	2.88	4.31	3.39	4.61	5.6	6.09	5.86	5.72	4.14	4.07	6.56	4.09	5.73	5.84	3.55
PRCP	9.85	9.54	9.52	8.85	9.73	9.25	9.38	8.68	10.09	9.12	9.08	9.3	8.99	8.95	9.5	9.66	9.81	9.61	8.74	9.2	8.91	9.23	8.05	9.32	8.94	8.85	9.41	8.78	9.17	8.48	8.43	8.35	8.87	8.45	8.19	9.03	9.09	9.13	9.07	8.09	8.46	9.82	8.85	9.03	8.36	8.96	8.57	8.56	9.4	9.25	9.18	9.01	9.87	8.82	9.28	9.16
LHFPL2	8.48	8.87	8.35	7.6	7.79	7.87	7.82	7.36	8.58	7.64	7.9	7.8	7.62	7.21	7.29	8.22	8.62	8.44	7.19	8.14	7.64	7.4	7.24	7.27	7.26	8.01	7.3	7.42	7.23	7.02	7.36	7.11	7.27	7.15	7.12	7.76	7.73	7.57	7.83	7.14	7.32	8.61	6.91	7.74	6.99	7.24	7.62	7.58	7.18	7.5	7.6	7.61	8.02	6.56	6.99	7.72
CMIP	8.78	8.63	8.07	8.32	8.25	7.66	7.82	8.25	7.57	7.83	7.52	8.28	8.19	8.57	7.71	9.39	7.93	8.69	8.07	8.46	7.7	7.51	8.09	7.81	8.09	8.31	7.15	7.6	7.88	7.53	7.49	7.78	7.9	7.42	7.75	7.19	7.49	6.57	6.98	7.04	7.19	7.02	7.42	7.57	8.3	7.38	7.59	7.69	7.75	7.71	7.85	7.8	8.07	7.8	7.79	7.64
LAMA2	6.81	7.06	6.56	6.5	6.85	6.48	6.44	4.93	7.67	6.2	6.12	6.73	6.68	5.42	5.49	6.36	6.51	7.39	5.89	6.75	5.74	5.65	5.47	6.2	6.16	5.35	5.89	5.2	5.45	5.22	5.38	5.29	6.14	4.59	5.43	7.37	5.63	6.11	6.2	5.29	5.4	7.39	5.35	6.18	5.53	5.46	5.78	5.75	5.24	6.43	6.12	6.32	6.38	5.25	5.95	6.03
CTSL	10.1	9.31	9.6	9.61	9.12	9.12	9.24	8.72	11.03	8.87	8.67	8.72	8.79	8.37	8.53	9.14	10.68	9.27	7.89	8.66	8.64	8.87	8.46	8.57	8.52	8.57	8.48	8	8.39	8.64	9.07	8.44	8.73	8.52	8.47	8.8	9.58	8.49	8.67	8.52	8.62	10.62	8.41	8.47	8	8.76	8.68	8.65	8.03	8.63	8.04	8.08	10.04	8.43	8.46	7.95
TNFSF8	5.24	5.85	5.52	5.4	5.44	5.9	5.51	4.5	7.39	5.38	5.09	4.76	5.64	5.61	4.7	5.4	5.64	5.56	4.63	5.22	4.84	4.68	5.63	6.18	3.53	5.01	4.84	4.7	4.78	3.98	4.96	4.78	4.41	4.77	5.05	5.03	5.12	4.89	5.23	4.61	5.66	6.41	4.21	4.92	4.21	4.57	3.97	4.52	4.62	5.95	5.03	5.46	5.62	4.9	5.53	4.92
FMO1	4.14	4.28	5.07	6.24	5.97	4.54	6.36	4.11	6.12	4.33	4.49	5.18	5.35	7.1	4.38	4.18	7.3	5.43	4.58	4.77	3.97	4.19	4.59	4.63	4.2	4.56	3.66	4.73	4.69	4.27	4.14	4.58	4.21	4.04	4.27	4.04	4.38	3.93	4.02	4.05	3.9	5.67	4.99	4.3	3.76	4.32	5.54	5.5	4.29	5.26	4.02	4.41	5.37	5.32	4.57	4.87
TFEC	4.26	4.88	5.46	5.22	4.86	5.4	4.51	2.88	6.69	4.48	3.72	4.58	4.79	3.73	4.27	4.35	5.87	5.36	2.64	3.97	2.66	3.11	3.38	4.63	2.95	3.6	3.53	3.76	3.55	3.31	3.16	3.36	3.97	3.1	4.13	3.37	4.41	4.12	3.86	4.3	5.16	5.75	3.57	3.52	4.01	4.32	3.84	4.1	3.49	4.97	4.39	4.58	5.3	4.18	4.67	4.16
TOX3	7.88	8.66	8.88	8.63	8.99	9.54	8.56	9.22	8.79	9.61	9.73	8.78	9.49	8.7	9.1	9.09	7.9	9.02	9.62	8.86	9.19	10.93	9.01	8.7	9.66	8.54	9.83	10.2	9.9	9.58	9.77	8.91	10.42	8.67	8.62	8.61	9.48	10.23	10.14	9.45	10.01	9.02	9.36	9.97	10.79	10.17	9.39	9.45	9.83	9.03	9.55	9.57	8.74	9.03	9.74	9.47
MS4A7	8.41	8.85	8.76	7.68	8.73	8.22	8.14	6.7	9.78	7.95	7.1	8.25	7.5	7.23	7.4	8.26	9.03	8.45	6.65	7.13	8.04	6.83	6.48	7.44	6.83	7.39	7.79	6.22	6.58	7.14	6.84	7.7	7.2	7.22	7.05	6.73	7.43	8.3	8.12	7.75	7.77	8.79	6.94	7.93	7.66	7.3	7.22	7.26	7.54	8.56	8.49	7.69	7.77	7	6.89	7.88
MRGPRF	7.37	7.59	7.02	6.65	7.79	7.49	7.54	5.44	9.17	7.28	6.77	8.01	7.41	6.82	6	7.43	7.46	8.15	5.98	7.61	5.48	6.93	4.89	7.24	6.85	6.56	6.3	5.9	6.09	5.41	5.76	6.36	6.95	4.99	7.06	6.62	6.9	6.78	7.21	5.33	6.06	7.17	5.99	6.85	5.95	6.72	6.6	6.84	5.9	7.31	7.06	6.85	8.18	5.93	6.73	7.74
ASPHD2	7.65	7.41	7.2	7.49	6.13	7.18	6.85	6.6	6.51	6.67	6.6	7.29	7.13	6.96	7.12	7.69	7.45	7.18	5.78	6.05	6.5	5.76	5.93	5.83	5.41	6.57	6.51	6.74	5.61	6.2	6.29	6.28	5.1	6.08	5.41	6.86	6.96	6.14	7.37	6.57	7	6.54	6.33	7.04	7.98	5.8	6.96	7.05	6.58	6.89	6.89	7.23	6.93	6.59	6.26	6.95
FUT11	7.93	7.67	7.41	7.88	6.97	6.74	6.45	6.92	7.98	6.68	6.58	6.64	6.57	6.26	6.72	7.77	7.75	7.67	5.6	6.8	5.57	6.43	6.69	6.65	6.31	6.75	6.49	6.48	6.08	6.12	6.62	6.43	6.83	6.62	6.79	6.31	6.78	6.61	7.11	5.99	6.75	8.24	6.78	6.5	6.92	6.27	6.24	6.28	6.02	6.63	6.38	6.37	6.78	5.98	6.66	6.4
EPOR	6.97	6.92	6.94	7.4	7.55	7.45	8.16	8.09	6.56	7.4	7.06	7.48	6.98	7.34	7.27	7.58	7.35	7.08	7.8	7.96	7.79	7.34	8.27	7.97	7.56	8.7	7.32	8.09	8.32	8.31	8.1	8.07	8.23	8.68	8.04	7.9	8.13	6.94	6.81	7.05	7.25	6.79	7.67	7.4	7.13	7.43	7.67	7.59	7.74	7.43	7.46	7.32	7.49	7.61	7.51	7.37
IFI35	8.69	8.8	8.86	8.75	8.03	8.62	8.25	7.3	7.65	7.83	8.15	7.19	8	8.02	7.03	8.59	8.32	8.57	7.35	7.96	7.86	7.33	7.34	8.29	7.72	8.13	7.94	8.04	7.94	7.81	8.14	7.14	7.83	7.53	8.2	8.2	8.4	7.31	7.64	8.01	7.34	7.3	6.93	7.65	7.5	7.88	7.29	7.37	7.33	7.32	7.35	7.35	7.65	7.52	7.37	7.34
LRRC17	5.44	5.43	5.28	5.23	6.76	4.32	5.35	4.58	7.3	5.51	5.17	4.46	5.92	4.24	4.62	4.74	4.54	5.76	4.13	5.25	4.07	4.74	4.18	5.32	5.21	3.22	4.02	4.26	4.91	3.78	4.85	4.57	4.55	4.16	4.03	4.76	4.59	5.63	4.89	3.99	4.3	6.47	4.73	4.88	3.91	4.6	4.67	4.48	4.91	5.31	5.58	4.9	6.84	4.02	4.5	5.53
STOM	9.7	9.18	9.36	8.71	9.46	9.63	8.54	8.04	10.11	8.86	9.07	9.01	8.94	8.33	8.4	9.15	9.59	9.28	7.65	9.34	7.6	8.86	7.89	8.87	8.84	9.05	8.19	8.61	8.36	7.5	8.26	8.54	8.14	7.67	9.16	8.75	9.14	7.89	9.05	7.39	8.4	10.16	8.37	8.34	8.28	8.47	8.09	8.17	7.63	8.97	8.26	8.55	9.59	8.16	9.33	8.61
EMP1	10.82	9.37	10.16	10.38	9.57	10.5	9.23	9.89	10.35	9.71	9.76	9.81	9.41	8.42	9.72	9.31	10.66	9.66	7.75	9.27	9.3	8.69	8.22	8.73	10.15	9.87	9.38	8.66	9.22	8.3	9.58	9.87	8.82	9.15	8.83	10.35	9.12	9.2	10.35	7.92	8.19	11.13	9.03	9.25	9.92	10.46	9.75	9.66	7.37	8.83	8.6	8.91	9.97	8.88	9.45	8.67
GAS2	3.27	3.42	3.39	3.61	3.65	3.6	3.17	3.39	3.43	3.54	3.71	3.55	3.66	4.62	4.64	3.31	3.16	3.57	4.07	3.64	3.23	4.16	3.45	3.57	3.54	3.98	5.26	5.11	7.91	3.95	4.09	5.27	6.86	3.57	4.39	4.69	3.18	4.64	3.72	7.13	6.78	4.66	3.31	3.36	5.8	5.01	4.35	4.62	4.48	3.67	3.4	4.93	3.48	4.89	5.41	3.62
MUC1	9.86	11.23	9.78	10.62	10.51	10.22	10.53	10.24	10.25	10.72	10.33	10.54	10.66	10.12	9.98	10.96	9.82	10.65	10.61	10.6	10.6	9.12	9.89	9.98	9.56	10.52	9.29	9.9	9.74	8.85	9.82	10.49	8.43	8.78	10.53	9.69	9.26	10.32	10.63	10.15	9.26	9.58	8.74	10.16	9.67	9.86	10.21	10.14	10.01	9.98	10.51	10.17	10.64	10.28	9.47	10.71
COL7A1	8.4	6.54	7	7.54	7.59	7.26	6.89	5.94	9.13	6.63	6.83	7.27	8.92	7.7	7.19	5.84	8.5	6.46	5.61	7.72	5.78	6.79	6.69	6.19	7.64	7.1	6.47	6.28	6.61	6.03	6.52	6.48	7.17	6.01	7.06	7.52	7.3	5.6	6.66	5.63	7.45	9.14	6.48	5.92	6.19	6.96	7.05	6.97	5.16	5.92	6.22	6.04	9.45	6.91	7.37	5.92
CEACAM8	2.71	2.27	2.37	2.66	2.49	2.46	3.05	2.94	2.51	2.59	2.83	2.38	2.4	3.14	2.83	2.63	2.65	2.63	2.61	2.58	3.81	2.6	3.47	2.54	3.45	3.35	3.03	2.58	3.44	5.02	3.85	3.13	2.9	2.98	3.26	2.68	2.78	2.75	3.49	2.64	2.9	2.81	2.47	2.52	2.61	3.23	3.71	3.41	2.77	2.54	2.65	2.43	2.55	4	3.43	2.67
PRKAR2B	6.86	8.09	7.41	7.35	7.87	8.31	7.94	6.61	8.08	7.87	7.47	8.36	7.86	5.61	7	8.01	6.41	8.26	6.92	6.97	7.47	5.79	5.62	7.52	6.63	7.29	6.35	6.35	6.37	4.93	6.93	6.67	6.47	4.4	6.75	5.98	6.81	8.12	8.36	6.36	7.53	7.23	5.02	7.77	6.23	6.92	6.66	6.78	6.4	7.52	7.99	7.49	7.85	6.24	7.48	8.05
MTCL1	7.41	7.47	7.24	7.57	7.16	7	5.88	8.23	7.93	6.61	6.19	7.05	7.38	6.39	7.35	6.51	7.21	6.93	6.23	7.22	5.25	7.03	5.16	6.05	6.01	6.77	6.92	7.28	6.66	5.26	7.56	6.29	5	5.95	5.99	6.75	7.23	6.16	7.35	7.52	5.84	8.51	4.74	5.78	7.79	6.5	7.12	7.04	6.75	7.04	7.05	6.55	6.65	6.49	6.19	6.23
MS4A14	5.53	5.89	5.38	5.48	5.69	4.99	5.27	4.59	8.11	5.29	4.71	4.92	5.1	4.47	4.92	4.36	5.73	5.67	4.04	5.42	4.78	4.98	4.46	5.18	4.72	5.24	4.54	4.41	4.56	4.86	4.45	4.93	4.66	4.37	5.11	4.94	4.97	4.36	4.72	3.45	4.72	7.25	4.26	4.95	4.94	4.75	4.42	4.79	4.46	4.84	5.23	5.22	5.83	4.64	4.75	4.75
CMPK2	6.7	6.29	8.72	7.78	6.5	8.57	6.83	5.53	7.72	7.46	8.08	6.3	9.1	7.58	6.87	6.92	7.75	6.85	5.57	5.93	5.98	6.55	5.28	6.51	6.55	6.08	7.76	6.81	6.15	8.2	8.7	6.17	4.67	3.71	5.93	8.57	7.5	6.46	7.05	6.85	7.17	7.45	5.18	5.8	6.77	6.97	7.13	7.15	5.83	6.38	6.46	6.32	6.08	7.31	6.96	6.85
LOC643733	5.62	7.02	6.2	5.86	6.49	6.58	6.1	5.65	6.16	6.43	5.93	5.08	5.07	3.39	4.76	5.65	5.58	6.35	4.07	5.33	4.61	4.29	4.61	6.04	4.72	5.64	4.65	4.58	4.23	3.99	5.7	5.28	3.84	4.11	5.3	4.32	6.55	5.72	6.64	5.47	4.49	5.55	3.93	5.61	4.46	5.71	4.73	4.24	6.83	5.21	5.72	5.39	5.48	4.19	4.72	6.42
KCNJ8	6.55	5.74	6.61	5.55	6.39	5.24	5.21	4.04	8.01	4.85	5.01	6.15	5.59	5.42	5.68	5.46	6.13	5.97	4.64	5.64	3.89	5.32	5.64	4.49	4.82	5.15	5.02	4.83	5.48	4.73	4.92	4.8	5.23	4.91	5.04	4.07	5.71	4.82	5.67	5.23	5.29	7.05	5.26	4.56	4.09	4.61	5.16	5.21	5.68	5.49	5.02	5.02	6.83	5.39	5.69	4.8
ARL4C	8.25	7.7	8.15	8.21	8.13	7.97	7.65	6.51	8.96	7.51	6.95	7.93	8.17	7.02	7.87	7.64	9.07	8.07	5.68	7.49	5.84	6.9	6.17	7.9	7.47	7.16	6.84	7.25	7.94	5.75	6.82	6.86	7.1	6.52	7.58	7.14	7.29	7.12	7.82	6.35	7.04	10.02	7.04	7.13	6.95	7.36	7.32	7.34	6.71	8.06	7.14	7.44	8.03	6.55	7.66	6.68
MST4	7.47	7.3	8.95	8.1	7.44	8.57	8.04	8.32	8.34	8.08	8.31	7.91	8.23	8.36	8.48	8.32	9	8.22	8.07	7.16	7.85	9.18	8.09	7.63	7.79	7.59	8.99	7.45	8.96	8.97	8.46	8.39	8.68	9.41	8.63	8.51	9.01	8.87	9.04	7.95	9.51	8.94	8.68	7.95	9.73	9.31	9.28	9.24	8.76	8.28	8.01	8.53	8.2	9.28	8.98	8.22
FNDC3B 	10.12	9.52	8.83	9.79	9.95	10	9.24	8.95	9.85	9.95	9.8	10.18	10.3	9.69	9.86	9.47	9.7	8.24	9.3	9.91	9.63	9.16	9.69	8.99	10.22	9.34	10.5	9.09	9.12	8.97	9.27	8.8	8.77	8.35	8.44	8.84	8.93	8.16	9.27	8.47	8.6	9.73	9.6	9.17	9.58	9.6	9.91	9.68	9.68	9.67	9.98	9.58	9.92	9.26	10.26	9.76
MSH5-SAPCD1 	4.87	4.76	5.09	4.55	5.14	5.52	4.66	5.2	5.21	5.52	5.79	5.71	5.66	6.09	5.55	4.5	5	5.38	6.08	4.77	5.14	5.41	5.23	5.25	6	4.92	6.09	5.31	5.41	4.85	6.57	5.29	5.99	5.91	5.34	5.77	4.92	6.17	5.36	5.33	6.92	5.83	6.12	5.47	5.9	5.94	6.6	6.37	6.47	5.47	6.19	5.95	5.52	6.17	6.48	6.16
LINC00920	6.05	4.73	4.78	4.81	3.78	4.48	4.54	5.56	3.36	4.36	3.85	4.07	4	5.23	3.72	4.79	5.11	4.46	4.58	4.2	4.04	4.6	5.96	4.47	5.4	4.75	4.81	5.12	5.52	6.01	5.5	3.55	5.48	6.06	5.21	4.65	6.1	4.66	4.69	4.33	4.54	4.51	6.29	4.6	6.52	4.69	4.82	5.15	5.25	4.5	4.89	4.78	4.44	5.73	5.68	4.48
SLC19A3	4.65	3.5	4.59	3.97	4	3.97	3.18	3.68	3.36	4.35	4.18	4.07	4.41	4.81	5.32	4.5	3.37	4.12	4.44	3.66	3.79	4.46	5.04	4.6	4.21	3.96	5.39	5.05	5.6	5.47	4.4	4.05	4.83	3.82	4.89	4.54	5.26	4.81	4.66	3.78	4.54	3.95	4.12	4.68	3.93	4.74	4.73	5.1	4.85	4.64	5.32	5.22	4.25	3.99	5.01	4.76
WARS	10.09	9.79	9.91	11.33	9.62	10.53	9.38	9.44	9.08	9.45	9.32	9.46	9.09	10.95	8.84	9.8	11	9.69	8.64	9.62	8.5	9.14	9.54	9.45	9.52	10.05	9.01	9.14	9.31	8.99	9.58	8.89	8.89	8.15	9.38	8.87	9.85	8.83	9.25	9.42	9.1	9.31	9.17	8.87	9.65	9.27	10.5	10.38	8.58	8.94	9.13	8.98	9.38	9.18	9.68	9.16
COL16A1	7.67	7.71	7.24	7.84	8.97	7.3	7.09	6.77	9.48	7.28	7.54	10.26	7.47	6.85	6.07	7.37	7.73	7.75	7.14	8.11	6.34	7.52	5.99	7.57	7.35	6.51	6.52	7.08	6.83	5.58	7.13	7.03	6.83	5.95	7.31	7.6	6.61	7.09	6.94	8.64	6.86	9.35	7.2	7.03	6.66	6.57	7.24	7.06	6.47	7.25	7.35	7.1	7.72	6.66	7.26	7.06
RGL1	7.83	8.63	8.24	6.87	7.78	8.01	7.34	5.94	8.52	7.74	7.46	7.59	8.19	7.9	7.55	8.11	7.87	8.65	6.44	7.23	7.12	7.02	5.98	7.25	6.66	6.88	6.94	7.78	7.29	6.82	6.38	6.82	6.95	6.56	7.31	7.33	7.49	7.59	7.56	6.85	7.47	8.55	6.32	6.97	6.92	7.39	7.12	7.27	6.94	7.82	7.69	7.74	8.07	6.89	7.55	7.93
FCGR1B	6.79	5.92	6.03	8.06	6.24	7.37	6.57	4.93	7.93	5.94	5.09	6.24	6.12	6.01	5.09	5.92	7.51	5.88	4.68	6.17	5.19	5.74	5.09	5.75	5.28	5.63	5.01	4.95	5.1	5.56	6.08	5.56	6.29	5.25	5.03	5.3	7.14	5.81	5.21	5.79	5.2	8.3	5.6	5	5.35	5.7	5.88	5.86	4.58	6.01	5.16	5.49	7.59	5.01	6.16	4.62
COL6A3	11.93	11.12	11.18	11.23	11.75	11.29	11.14	9.27	13.06	10.93	10.85	11.17	11.88	11	10.8	10.27	12.28	11.49	9.76	11.59	8.95	10.94	10.63	10.12	11.19	9.75	10.63	10.52	10.77	9.58	10.43	10.33	11.43	9.64	10.5	11.49	10.72	9.96	11.33	9.03	11.2	13.2	10.81	10.08	9.82	10.45	11.02	10.87	8.96	11.22	10.05	10.61	12.28	9.83	10.98	9.65
FAM65C	6.55	6.24	5.74	5.28	7.1	6.63	5.83	5.06	7.37	6.12	5.94	5.93	6.63	6.54	5.9	5.42	6.36	6.05	5.32	6.31	4.95	5.6	4.99	5.68	6.01	6.01	5.53	5.36	5.78	5.21	5.67	4.87	5.54	4.5	5.83	5.54	6.5	5.45	6.55	4.6	7.02	6.63	5.24	5.47	5.1	6.09	5.72	5.39	5.31	5.99	6.15	5.87	7.2	5.74	6.73	5.91
FAM20A	4.03	4.32	3.73	4.67	5.32	4.29	4.76	3.71	5.82	4.43	3.98	4.69	4.5	4.64	3.97	3.59	5	4.04	3.77	4.5	3.8	3.67	4.25	4.04	3.72	3.61	3.39	3.65	4.68	3.8	3.5	4.06	3.89	4.19	3.6	3.86	4.63	3.5	3.63	3.56	3.55	5.98	3.68	3.74	3.45	3.65	4.1	4.19	3.75	4.29	3.86	3.98	6.05	4.17	4.5	4.22
LOC283177	5.81	5.44	5.91	5.67	6.65	6.44	6.34	6.57	5.69	6.57	6.22	6.48	6.71	7.25	6.79	5.84	5.94	5.78	7.04	6.96	6.9	6.84	7.28	6.33	6.11	7	6.51	7.26	8.07	7.45	7.26	6.86	7.25	6.53	6.97	6.62	6.54	7.28	5.99	6.18	6.19	5.99	5.66	6.3	5.83	6.49	6.66	6.62	8.81	7.7	7.03	7.62	6.56	7.11	7.67	6.49
GSN	10.13	11.05	10.62	9.12	10.65	9.79	9.44	9.44	10.72	9.85	9.48	9.85	10.18	8.83	9.32	10.97	9.97	11.08	9.52	10.77	10.6	9.18	8.24	9.65	8.57	9.93	9.09	8.76	8.94	7.29	8.41	8.81	7.62	7.75	8.54	8.77	8.42	9.95	10.82	9.69	9.01	10.44	7.63	9.62	9.07	9	8.88	8.52	9.42	9.81	9.88	9.79	9.71	9.35	8.6	9.76
SNX24	6.7	7.53	7.16	6.53	7.27	6.89	6.68	6.63	6.57	6.86	6.92	6.57	6.74	5.33	6.36	7.54	7.14	7.59	6.79	6.81	7.13	5.44	5.49	6.55	6.14	6.31	5.8	5.55	5.33	5.59	6.56	5.85	4.74	5.9	4.75	6.39	6.12	6.88	6.64	5.61	5.42	6.9	5.86	6.96	6.35	6.09	5.83	5.81	5.49	6.8	7.34	6.98	6.75	5.91	5.33	6.72
HLX	6.91	7.11	6.49	5.66	6.37	6.49	6.42	5.06	8.19	6.13	6.24	6.19	5.69	6.28	5.52	6.61	7.05	6.75	4.82	6.24	5.69	5.75	6.17	5.72	5.7	5.5	5.89	5.64	5.52	4.83	5.15	5.47	5.73	5.09	5.93	5.57	6.26	6.19	6.38	5.62	5.79	7.52	5.77	5.68	5.4	6	5.48	5.65	5.29	6.16	5.78	5.8	7.29	5.43	5.95	5.98
KIT	7.4	8.22	7.7	7.32	8.52	7.39	6.89	5.22	6.64	6.55	6.85	8.02	7.81	5.58	9.42	8.43	6.51	8.07	6.14	6.62	6.52	6.04	6.79	7.68	5.89	6.7	6.84	5.16	6.09	4.42	5.83	6.69	5.45	5.28	6.1	5.93	6.21	7.71	7.83	6.88	6.84	7.41	5.48	6.74	5.07	6.38	6.68	6.69	7.32	7.71	7.99	6.85	7.43	6.26	6.53	7.81
ADAMTS2	8.33	6.48	7.46	9.24	8.4	7.71	7.48	4.53	9.15	6.59	6.84	7.65	8.45	7.9	7.42	5.34	9.73	6.71	4.05	8.38	4.59	7.51	6.69	5.35	6.93	6.21	6.54	7.03	7.04	5.71	7.05	6.27	7.81	6.06	5.83	8	7.3	5.65	7.21	4.62	6.47	9.86	7.13	5.03	4.65	6.24	7.94	7.65	4.69	7.25	5.29	7.08	8.99	6.54	7.72	5.56
IFIT1	7.12	7	9.2	7.61	6.85	8.53	7.44	4.4	9.59	7.23	8.12	5.62	9.48	6.07	5.24	6.62	7.7	7.12	5.54	6.58	5.68	6.6	5.04	7.23	5.8	4.93	8.41	7.36	6.82	7.64	8.01	5.87	5.85	4.9	5.62	9	8.3	5.8	5.97	4.72	4.59	7.57	5.06	5.82	5.6	6.38	7.13	7.17	5.5	6.58	6.52	6.19	7.2	5.28	6.86	6.72
AGPAT4	7.09	6.46	4.93	4.9	4.94	5.56	5.47	4.43	6.16	4.59	4.88	4.79	4.81	4.76	4.59	4.86	6.36	5.12	4.34	5.14	4.41	5.09	4.95	4.19	4.68	4.38	3.97	4.93	4.36	4.18	4.24	4.1	4.59	4.47	4.69	4.64	5.18	4.31	5.38	5.44	4.94	6.31	4.31	3.7	4.27	4.56	5.04	4.5	4.19	4.74	4.45	5	6.28	4.58	4.6	5.38
CTSE	9.03	10.17	9.44	6.36	8.27	8.77	8.08	7.72	9.69	8.77	8.89	9.28	8.5	5.34	8.32	9.11	9.05	8.92	7.65	8.3	9.29	6.69	5.49	9.2	5.6	8.64	8.16	5.67	6.38	6.76	8.38	9.47	5.18	4.81	6.35	8.19	6.31	7.96	8.45	8.32	6.23	8.5	4.4	9.32	6.54	8.04	6.94	6.96	6.99	8.22	8.4	8.46	8.28	5.69	4.7	8.77
CCR2	6.54	7.16	6.68	6.59	6.92	6.57	7.01	3.93	6.44	5.96	6.23	5.9	6.67	5.31	5.74	7.34	5.85	7.04	5.22	4.75	5.64	5.26	5.02	6.28	3.92	6.04	5.73	4.04	4.07	3.93	4.86	5.68	4.92	6.91	4.4	4.55	5.35	6.08	6.13	4.62	5.43	6.47	4.05	6.22	5.72	5.07	5.57	5.65	6.2	6.46	6.72	6.46	7.23	5.44	5.67	7.02
RBM26-AS1	4.64	4.67	4.52	5.44	5.1	5.12	5.91	5.47	4.99	4.93	4.96	5.65	5.44	6.33	5.32	5.12	5.61	4.73	5.72	5.09	5	6.72	4.85	5.26	5.24	5.84	5.62	5.74	5.61	5.26	5.52	5.54	5.13	5.62	5.3	5.2	5.38	6.37	5.3	6.21	5.48	5.72	5.39	5.12	5.68	6.18	5.38	5.22	7.14	6.16	5.43	6.3	5.28	5.98	5.9	5.99
CD163	8.19	9.12	8.5	8.67	8.96	8.79	8.6	6.3	10.69	8.27	7.33	7.26	8.26	7.49	6.57	8.42	9.5	8.78	6.61	7.99	7.39	7.29	6.76	7.81	6.95	7.41	7.22	5.91	6.4	6.53	6.72	7.31	7.2	6.82	6.09	7.96	8.47	7.75	7.32	7.37	7.39	9.82	6.89	7.56	7.75	7.24	7.17	7.24	7.28	8.08	8.05	7.65	10.17	6.99	7.37	7.66
GCH1	9.06	9.62	9.6	9.06	8.9	9.69	8.73	9.02	9.36	9.21	9.25	10.46	8.99	9.23	8.62	9.81	9.26	9.77	9.01	8.69	8.78	8.47	7.31	8.64	8.94	8.89	8.74	8.45	8.65	8.05	8.49	9.06	8.11	8.06	9.34	8.05	8.56	8.93	9.08	10.4	9	9.11	8.99	9.24	8.41	9.25	9.52	9.46	8.87	8.82	9.01	8.78	9.02	9.11	8.71	9.11
ZNF93	5.76	6.17	5.97	6.59	6.7	7.11	6.73	6.43	6.08	6.95	6.8	6.91	6.82	5.24	6.72	5.85	5.57	5.82	6.9	6.78	7.1	6.65	6.89	7.09	7.06	6.47	7.82	7.15	7.53	7.5	8.09	7.42	7.88	6.43	7.07	7.06	6.38	6.19	6.36	6.69	6.93	6.32	6.33	6.91	6.15	7.24	6.74	6.82	6.67	7.08	7.1	6.79	6.69	7.13	7.22	7.02
PLAG1	2.85	3.14	3.35	3.22	3.87	3.8	3.09	3.25	3.77	3.58	3.35	3.5	3.76	3.49	3.34	3.28	3.24	3.43	3.19	3.24	3.47	3.06	3.21	3.48	4.34	3.04	3.74	3.63	5.08	4.36	3.75	5	5.29	3.12	4.22	4.06	3.12	3.79	3.64	4.82	5.27	3.81	3.13	3.49	3.34	4.24	4.11	3.65	4.41	4.44	3.93	3.7	3.47	3.33	4.43	3.67
JAG1	10.66	9.87	10.01	10.27	10.17	9.86	9.73	10.48	10.91	10.23	9.98	10.24	10.1	10.11	10.37	10.06	10.84	10.07	9.96	10.31	9.63	9.59	8.25	9.23	9.88	9.6	11.06	7.85	9.08	9.16	9	9.61	9.48	9.97	8.34	10	9.62	10.31	10.94	8.01	9.02	10.96	9.91	9.95	10.11	10.12	9.84	9.81	9.93	10.06	10.11	9.89	10.06	10.02	9.3	10.25
C1QC	8.75	9.46	9.26	9.92	10.4	9.37	9.7	7.69	8.55	9.03	8.4	8.51	8.85	8.48	8.08	9.69	9.51	9.62	7.56	9.16	9.15	8.79	8.21	9.25	8.42	8.29	8.67	8.36	8.49	8.22	8.48	9.28	8.24	8.07	8.95	8.12	9.02	8.53	8.25	8.11	8.24	8.96	7.89	8.45	8.65	8.62	8.14	8.05	7.94	8.87	8.57	8.85	8.52	8.08	8.4	8.26
TICAM2 	6.93	6.9	7.3	6.81	6.87	6.93	6.79	5.61	7.9	6.57	6.5	6.96	6.92	6.63	6.53	6.83	7.23	6.96	5.55	6.31	6.4	5.75	5.91	6.56	6.13	6.3	5.95	5.46	6.14	5.85	5.97	5.81	6.55	5.33	6.06	6.27	6.41	6.78	7.16	6.59	6.56	8.09	6.22	6.45	6.87	6.18	6.56	6.47	5.98	7.08	6.74	6.95	7.57	6.09	6.38	6.86
FAM201A	3.3	3.28	2.94	2.64	2.52	3.61	3.1	3.59	2.67	2.8	3.2	3.07	3.26	3.31	3.02	3.34	3.4	3.36	4.12	3.68	3.41	3.73	3.79	3.02	3.49	3.27	3.33	2.7	4.06	4.1	4.35	2.8	3.77	3.87	2.49	2.38	4.86	4.48	4	2.45	3.68	3.57	2.62	2.81	4.4	3.46	3.77	3.45	2.97	3.06	3.08	3.66	3.34	3.01	3.43	3.32
TYROBP	8.58	8.79	8.89	8.71	8.91	8.49	8.95	6.68	10.47	7.91	7.65	7.58	7.5	7.88	7.07	8.69	9.44	9.1	7.17	7.53	7.63	7.44	7.02	8.59	7.69	8.03	7.65	7.53	7.44	7.6	7.28	7.75	7.47	7.09	8.15	7.14	8.36	8.01	7.79	7.86	7.81	9.24	7.23	7.51	7.52	8.13	7.19	7.24	6.82	8.01	7.4	7.49	9.08	6.92	7.3	7.48
SLC16A9	7.32	8.98	8.81	7.92	7.23	8.32	7	6.65	8.79	7.34	8.29	6.79	7.67	6.76	7.96	8.11	7.32	8.53	8.35	8.48	8.88	7.54	6.8	8.71	6.95	6.72	6.63	7.07	5.95	4.82	5.52	6.08	6.52	6.3	5.7	7.82	5.74	7.81	7.88	4.96	5.65	5.49	6.53	8.86	5.75	6.54	6.78	6.95	7.8	7.98	7.63	7.57	7.8	4.63	7.03	7.58
GBP5	6.01	6.18	6.66	7.54	6.64	7.98	6.4	5.03	7.97	6.08	5.57	6.06	5.54	6.79	5.58	5.91	8.14	6.05	4.73	5.37	5.22	5.89	5.53	6.16	5.46	6.15	5.76	5.7	5.37	5.4	5.58	5.5	5.37	5.06	5.65	5.27	6.83	6.13	6.17	5.67	6.48	7.35	6.08	5.69	5.84	5.97	6.17	6.69	5	5.97	5.65	5.94	7.13	5.74	6.26	5.6
CPXM1	7.22	7.15	5.89	6.35	8.27	5.57	6.3	4.43	7.97	4.77	5.61	5.25	6.25	6.34	5.32	6.01	7.42	6.51	4.49	6.27	4.31	5.98	6.53	5.9	4.73	5.25	5.2	6.02	5.7	4.94	5.68	5.11	5.99	5.56	5.95	6.12	5.89	5.04	5.14	4.87	5.6	6.92	5.76	4.92	4.8	5.23	6.15	5.83	4.7	5.29	4.83	5.16	7.46	5.22	5.52	4.86
EPB41L5	6.85	6.19	6.94	6.72	5.78	6.43	5.94	6.82	6.21	6.67	6.81	6.38	6.52	7.31	6.92	5.95	7.08	6.15	6.56	5.79	6.6	7.33	6.59	6.14	7.35	6.78	7.71	6.62	7.07	7.3	7.48	7.35	7.26	7.73	7.04	6.98	6.85	7.02	7.1	7.79	8.19	6.23	7.65	6.56	6.75	7.86	7.29	7.16	7.06	6.02	6.15	7.03	6.36	7.7	7.54	6.17
COL1A2	12.88	11.77	11.99	12.95	13.16	12.02	12.35	9.82	13.82	11.88	11.89	12.27	13.1	11.98	12.16	11.22	13.39	11.95	10.94	12.98	10.63	12.38	11.68	11.1	11.99	10.72	11.85	11.75	12.08	10.61	11.73	11.36	12.34	10.93	11.56	12.87	11.62	11.37	11.61	9.8	11.55	13.85	12.48	11.4	10.35	11.22	12.1	12.07	10.08	12.27	10.73	11.76	13.2	10.91	12.17	10.74
HPSE	7.14	8.34	7.11	6.33	6.86	7.11	7.37	5.88	8.08	7.34	7.01	6.56	6.79	5.84	6.13	7.6	7.58	7.31	6.14	7.39	6.78	6.07	4.43	6.68	5.53	7.58	6.09	6.98	6.18	6.31	5.31	6.09	5.72	5.71	6.3	5.98	7.18	6.68	7.33	7.07	5.78	7.33	5.91	6.53	6.53	6.46	5.85	5.88	5.95	6.67	6.12	6.52	7.61	5.29	5.38	6.79
KDELR3	9.8	10.26	9.71	10.01	9.43	9.74	9.7	10.73	10.42	9.73	9.78	10.1	8.5	8.78	9.47	9.71	9.78	9.28	9.61	10.28	9.6	9.57	8.35	9.31	8.88	10.32	9.22	9.21	9.31	8.9	8.74	9.03	8.37	10.13	8.9	8.75	9.55	8.84	10.07	9.55	9.11	9.52	8.65	9.87	11.13	9.67	8.57	8.59	9.64	9.42	9.48	9.34	9.95	8.15	8.49	9.21
LIPA	10.15	10.74	10.48	10.18	10.17	9.74	9.53	9.06	10.47	9.81	10.26	9.77	9.68	9.61	9.95	10.6	10.55	10.63	8.85	9.01	10.35	9.53	9.05	10.19	9.32	9.35	9.72	9.34	9.07	8.94	9.11	9.05	9.34	8.8	9.2	9.65	9.07	9.68	9.54	8.89	9.91	9.95	9.69	9.37	10.56	9.61	9.67	9.68	8.96	10.83	9.79	10.02	9.93	9.62	9.37	10.07
PI3	12.54	12.37	11.14	11.85	11.62	11.61	11.89	11.74	11.23	11.09	11.33	10.77	10.3	9.65	11.01	11.79	9.76	10.03	10.82	11.69	10.54	10.84	10.5	11.2	10.23	12.04	10.56	9.33	11.71	11.17	12.17	11.2	9.74	11.22	12.09	11.87	11.82	8.58	12.56	9.02	12.64	10.31	10.25	10.67	8.44	11.93	9.27	9.11	7.19	10.39	10.14	10.33	11.26	7.96	9.43	10.1
C4A 	7.83	9.58	8.28	8.09	9.91	8.73	8.36	6.46	9.29	7.98	7.79	8.66	8.2	7.97	7.75	8.95	7.92	8.65	8.26	7.72	7.17	7.3	7.52	8.84	8.17	7.83	6.17	8.81	8.65	7.28	7.86	8.28	8.03	6.91	9.02	6.74	6.87	6.99	8.12	6.91	7.58	8.17	6.6	8.46	7.7	7.5	7.58	7.35	7.5	8.38	8.97	7.9	8	7.58	8.09	7.87
SH3BP5	7.73	8.16	7.6	7.65	8.37	8.08	7.94	7.38	10.31	7.95	7.7	8.03	7.87	7.97	7.19	8.27	8.53	8.46	6.42	7.91	6.76	7.72	5.36	8.16	7.66	6.79	7.79	6.47	7.73	5.89	6.85	7.5	7.42	6.57	7.41	8.25	7.67	7.83	7.81	6.84	7.13	9.46	7.31	7.54	6.74	7.03	7.76	7.79	7.22	8.08	7.74	7.86	8.34	7.18	7.64	7.68
BLVRA	8.1	8.32	8.27	8.55	7.95	7.99	8.15	7.83	8.47	7.48	7.25	7.49	7.61	7.73	6.65	7.98	9.64	8.28	6.37	7.09	6.27	7.73	6.96	7.8	6.69	7.02	7.53	6.98	7.1	7.07	7.39	7.98	7.08	8.11	7.46	7.33	7.86	7.16	7.25	7.31	7.03	8.82	7.37	7.09	7.18	7.31	7.24	7.24	7.01	7.63	7.44	7.54	8.35	7.19	7.76	7.65
ANTXR2	9.84	9.91	9.08	8.29	9.33	8.81	8.65	7.94	9.65	9.19	8.75	8.55	8.79	7.42	8.2	9.32	9.11	9.67	8.32	8.86	8.9	7.98	8.03	8.69	8.11	8.87	8.41	7.56	7.97	7.53	7.82	7.72	7.13	6.94	8.15	8.17	8.29	8.94	9.07	8.06	7.96	9.52	7.85	8.96	8.72	7.99	7.81	7.83	8.47	8.95	8.88	8.84	8.97	8.38	8.03	8.66
AZGP1	7.04	4.48	4.25	5.73	4.23	5.65	5.08	6.6	4.42	3.72	7.27	6.39	6.53	7.47	6.67	5.04	7.34	3.58	6.8	4.48	4.03	8.1	8.21	4.54	9.24	6.71	8.32	8.22	7.68	7.75	8.45	7.27	6.86	9.16	8.21	9.17	7.27	4.8	6.75	9.1	7.14	6.69	4.48	4.52	8.53	7.61	7.25	7.16	6.09	5.27	4.05	6.71	5.95	5.63	8.08	5.11
LOC101929880 	9.09	8.84	9.05	5.81	8.73	7.67	8.27	6.77	7.84	8.43	9.03	7.82	8.61	10.27	8.63	9.18	7.69	8.66	9.33	8.49	9.23	8.74	8.57	8.95	9.21	8.5	8.69	9.66	9.14	8.82	9.08	9.64	10.36	8.25	9.74	8.92	9.34	9.61	8.93	8.98	10.23	7.79	8.67	9.12	6.39	10.91	8.23	8.3	9.37	8.6	8.85	9.19	8.1	7.65	9.61	9.29
AIF1	9.19	10.28	9.83	9.2	9.55	9.35	9.52	8.62	10.85	9.01	8.62	9.04	8.99	8.88	8.36	9.76	10.07	10.19	8.11	9.01	8.86	8.21	8.77	9.65	8.58	8.98	8.56	8.95	8.95	8.56	8.66	9.08	8.71	8.58	9.22	7.89	9.17	8.93	8.6	9.01	8.72	9.88	7.98	8.68	8.58	9.03	8.2	8.1	8.21	9.13	9.03	9.11	9.83	8.31	9.24	8.99
SHANK3	5.55	5.48	5.03	5.87	7.19	6.31	5.64	5.7	7.2	6.26	5.94	6.64	6.43	6	5.75	5.36	4.68	5.55	6.1	7.94	4.77	5.99	5.63	6.32	6.04	5.41	5.66	5.23	6.11	4.51	4.77	5.7	5.7	5.01	5.13	5.9	5.51	4.18	4.65	4.36	4.56	6.44	5.64	4.81	4.96	5.5	5.71	5.84	5.23	6.1	6.17	5.91	6.93	5.62	6.33	6.47
SLC18A1	4.59	5.29	4.55	3.35	4.25	4.1	4.21	6.04	5.02	4.35	4.64	5.29	5.04	3.39	4.53	5.55	3.86	5.53	4.79	4.72	4.41	3.62	3.44	3.86	3.62	4.24	3.75	3.43	3.56	3.45	3.39	3.51	3.41	3.22	2.65	3.39	3.15	4.76	5.05	5.97	2.87	2.9	3.5	4.95	3.05	3.89	3.92	3.99	5.1	5.04	4.82	4.32	4.6	4.53	3.4	4.18
NFATC1	7.01	6.44	6.25	6.68	6.73	6.73	6.58	5.93	6.74	6.21	5.76	7.42	5.76	5.8	6.2	6.33	6.35	6.24	5.68	7.17	5.57	6.33	5.94	7.16	6.8	6.84	5.83	6.21	5.71	5.3	5.29	5.71	6.13	5.53	6.88	6.11	6.47	5.14	6.16	6.1	5.54	7.07	5.73	5.83	5.92	5.6	5.78	6.08	5.2	6.43	5.63	5.85	6.51	6.07	6.31	5.9
TNFSF13B	7.38	8.04	7.97	9.12	8.51	8.71	8.02	5.18	9.76	8	7.24	7.54	8.02	7.12	6.86	7.81	8.82	8.21	5.86	7.36	6.37	6.5	5.59	8.99	6.61	7.28	6.58	7.21	6.99	6.25	6.73	7.6	7.1	6.04	7.53	6.84	8.22	7.49	7.07	6.86	7.04	8.7	6.7	7.38	6.7	7.1	7.23	7.22	7.01	7.85	7.52	7.62	8.6	6.78	7.63	7.88
OAS2	6.84	6.49	7.96	8.31	6.45	8.59	6.92	5.5	7.15	6.34	7	6.21	8.35	6.93	5.62	6.74	8.24	6.26	6.47	6.91	5.4	6.69	6.11	6.93	5.67	6.73	8.19	6.29	6.4	7.02	8.02	5.69	5.74	6.1	5.97	8.31	7.28	5.13	6.23	6.31	5.46	6.19	5.2	5.65	5.92	6.15	6.9	6.92	5.92	6.29	6.43	6.06	6.11	6.48	6.48	5.89
SAMD9L	7.66	8.59	8.1	8.05	7.4	8.58	6	5.48	8.5	8.02	7.57	7.27	7.93	6.12	6.84	7.44	8.28	7.67	6.88	7.95	6.97	5.97	5.9	7.75	6.09	7.67	7.47	5.46	6.24	5.92	6.91	6.12	5.82	5.5	6.07	6.37	6.94	6.5	8.05	7.31	6.16	8.22	5.57	6.96	7.49	6.9	7.28	7.18	6.6	6.93	7.85	7.48	7.4	7.45	7.06	7.18
AHNAK	10.25	10.72	10.17	9.82	10.51	10.29	9.67	9.57	10.56	10.54	10.23	9.48	9.79	8.77	9.21	10.77	10.14	10.71	9.93	10.4	10.43	8.84	8.9	9.95	9.73	9.66	9.77	9.08	8.96	7.88	9.48	9.5	8.36	8.83	9.11	9.71	8.57	10.48	10.3	8.36	8.35	10.6	9.06	10.46	9.76	9.19	9.28	9.54	9.07	10.07	9.82	9.58	9.43	8.56	8.4	10.09
CD274	6.41	6.4	6.06	6.97	5.82	6.8	5.51	5.32	8.37	5.85	5.23	5.83	5.96	7.4	5.63	5.71	8.06	5.81	4.34	5.46	4.42	5.2	6.04	5.96	5.13	6.99	5.92	5.36	5.78	5.15	5.34	5.24	5.08	4.59	5.2	5.17	6.4	5.48	6.23	5.83	5.47	7.03	5.04	4.69	5.01	5.3	6.78	6.72	4.85	5.66	5.74	5.8	7.2	6.03	6.2	5.73
APOE	8.15	8.46	8.02	9.3	8.67	7.32	8.55	6.79	8.94	7.73	8.24	7.78	7.79	7.87	7.64	8.83	9.4	8.66	7.41	7.84	8.01	7.64	7.3	8.48	6.67	7.88	7.16	6.57	6.94	7.14	6.99	8	6.85	7.81	6.69	8.21	7.64	7.83	7.8	7.27	7.78	8.88	7.71	8	6.95	7.8	7.55	7.36	6.88	8.49	7.79	7.63	7.85	6.84	5.94	7.73
HERC6	6.6	7.49	8.52	6.91	6.98	7.88	6.95	4.65	7.21	6.82	6.77	6.85	8.63	7.63	6.59	7.22	7.26	7.48	6.22	6.71	6.29	6	5.3	7.12	5.47	6.61	7.6	6.67	6.51	7.22	7.22	5.5	5.09	4.87	5.89	7.39	6.46	6.47	6.85	7.38	6.17	6.9	5.39	6.3	7.07	6.83	6.67	6.81	6.85	6.96	7.09	6.85	6.65	6.92	6.61	7.04
ITLN1	12.09	12.93	11.61	9.57	12.41	11.77	11.39	9.33	11.69	12.13	11.8	12.68	11.76	4.26	12.23	12.1	10.43	12.31	11.92	11.88	11.81	8.22	6.41	12.99	9.49	10.19	10.69	3.91	8.25	8.1	6.45	9.26	4.32	4.05	7.6	8.9	9.73	11.77	11.72	13.49	5.26	6.9	5.94	12.66	8.87	9.19	9.66	9.54	10.73	12.57	12.63	12.18	9.34	7.41	8.42	11.28
ERG	6.56	6.44	5.76	4.45	5.94	5.7	5.08	4.34	7.3	4.99	4.95	5.78	5.53	4.71	6.74	5.87	6.19	6.25	4.03	6.35	4.06	4.91	4.39	5.43	5.5	4.54	4.82	3.92	4.54	3.43	4.3	4.89	4.76	5.03	5.04	4.73	5.57	5.23	5.62	5.27	5.14	7.17	4.29	4.45	4.38	4.92	4.82	5.1	4.27	5.59	5.31	5.23	6.68	4.56	5.99	5.16
MUC5AC	6.52	7.8	6.25	5.39	5.26	6	5.65	8.96	7.78	6.04	6.93	8	6.21	6.48	7.05	6.09	6.34	5.25	6.38	7.25	5.9	5.82	6.04	5.77	6.13	7.06	5.71	5.66	5.63	5.99	5.6	6.37	5.9	6.11	6.04	6.57	6.17	5.08	6.31	7.76	5.01	5.28	5.63	5.89	10.33	6.2	4.97	5.82	5.6	6.61	6.09	6.48	5.19	5.01	5.53	4.88
PDGFRL	5.47	5.98	5.16	5.27	6.41	5.66	5.79	5.22	8.42	5.36	4.97	5.92	5.75	4.27	4.29	5.96	6.37	5.56	5.08	5.46	4.42	4.93	4.26	4.5	4.98	5.53	4.6	4.34	3.96	4.4	4.51	4.49	4.77	4.24	4.21	4.21	5.02	5.17	5.57	7.23	4.62	8.62	4.53	5.55	4.78	4.76	4.59	4.82	4.7	4.92	4.83	4.49	5.67	3.83	4.57	5.17
AL132709.8	3.49	3.1	3.66	3.61	4.8	4.47	3.83	3.51	5.34	4.48	4.19	5.09	5.35	3.71	4.15	2.89	3.57	3.34	4.11	4.57	3.69	3.8	4.07	3.62	3.91	3.81	3.65	4.17	3.91	3.32	4.12	3.31	3.8	3.22	4.07	4.14	3.76	3.14	3.43	2.8	3.15	4.37	3.96	4.49	3.17	3.83	3.72	3.92	3.35	4.1	4.05	3.66	5.59	3.59	4.48	3.94
MAFB	8.38	9.29	8.86	9.41	9.9	9.44	8.58	6.33	10.63	9.01	8.25	8.48	9.09	8.3	8.07	9.22	9.24	9.12	6.51	7.94	8.05	7.91	6.49	8.89	7.61	7.39	8.26	7.75	7.49	7.06	7.42	9.13	7.96	7.12	7.63	7.66	8.21	8.79	8.67	7.8	8.09	10.47	7.65	8.49	7.95	8.23	8.48	8.58	8.07	9.41	8.81	8.76	9.54	7.7	8.76	8.54
NREP	9.24	8.98	9.18	9.76	9.81	8.72	8.51	7.98	9.91	8.94	9.47	9.24	9.74	8.37	8.92	8.81	10.1	9.16	7.74	8.85	8.06	8.1	8.08	8.77	8.59	7.38	8.83	8.51	8.85	7.73	8.49	8.31	8.92	8.13	8.15	8.81	8.85	8.88	8.03	8.62	8.06	10.29	9.51	8.55	8.44	8.48	8.99	8.94	8.6	9.57	9.22	9.37	9.86	8.05	9.01	9.01
RP3-508I15.21	6.19	5.71	5.74	5.34	5.77	5.65	4.97	5.24	7.76	5.47	5.06	5.21	4.85	5.9	5.1	5.48	6.05	5.29	5.57	6.05	5.18	5.15	5.42	4.75	5.15	5.92	4.86	4.73	5.29	4.47	4.99	5.44	4.81	4.77	5.24	5.69	4.8	5.57	6.05	4.51	6.29	6.54	4.72	4.89	5.59	4.99	5.04	4.77	4.71	4.47	5.1	5.12	5.43	5.01	4.9	4.88
LYPLA1	9.14	8.37	9.36	8.97	8.88	9.26	9.78	9.92	9.78	9.64	10.01	9.71	9.45	9.9	9.51	8.86	9.15	8.85	9.47	8.69	9.26	10.74	8.97	8.81	9.46	8.89	10.07	10.13	10.97	10.72	10.22	10.11	10.51	10.36	10.55	10.12	9.82	10.24	10.29	10.76	10.89	10.2	10.35	9.66	9	11.09	10.16	10.24	9.88	9.72	9.2	9.85	9.2	9.79	9.88	9.4
SDR16C5	8.51	8.47	7.37	7.81	7.27	7.7	7.88	8.4	8.08	6.3	7.81	9.63	6.84	6.98	6.91	7.32	8.07	7.48	6.3	7.68	6.8	4.71	6.72	7.84	5.52	8.59	6.2	4.6	6.26	6.8	7.98	7.85	4.1	9.09	6.3	8.67	6.78	7.25	8.13	9.96	3.41	7.63	5.06	7.32	6.75	7.13	6.44	6.38	8.04	6.64	7.2	7.15	7.63	4.5	6.49	7.7
CD14	8.88	9.55	9.13	8.97	9.57	8.95	9.16	7.64	10.92	8.86	8.52	8.76	8.89	8.42	7.91	9.9	9.78	9.4	8.3	9.25	8.63	8.08	7.84	8.48	7.76	8.54	8.16	8.85	7.43	7.95	7.94	8.6	8.24	7.87	8.81	8	8.89	8.43	8.69	8.18	8.18	10.02	7.91	9.06	8.21	8.46	8.02	7.94	8.08	8.77	8.83	8.59	9.93	7.54	8.02	8.3
PCDH17	7.78	7.17	6.86	6.21	7.29	6.22	6.54	5.39	8.23	6.08	6.8	7.5	7.57	6.8	7.07	6.3	7.51	6.15	6.04	7.78	4.89	6.68	6.56	6.01	6.7	6.17	6.16	6.07	6.22	5.29	5.58	5.89	6.53	5.78	5.84	6.51	6.71	6	7.01	5.53	6.57	8.43	6.8	6.3	6.08	6.32	6.59	6.49	5.77	6.88	6.21	6.46	8.32	6.09	7.41	6.34
LOC728613	8.27	7.57	8.65	6.06	8.1	8.06	8.45	7.82	6.93	8.92	8.23	7.92	7.13	7.91	8.96	8.51	8.28	7.27	8.5	7.26	7.82	8.39	8.72	5.22	8.08	6.02	9.59	8.35	8.02	9.21	9.8	7.82	8.78	8.95	7.84	8.18	8.62	8.87	9.04	9.93	9.91	9.37	8.18	9.05	9.79	10.3	8.38	8.64	8.05	8.99	8.39	8.81	8.65	9.09	9.62	8.52
FMR1	7.31	7.19	8.28	8.58	8.26	8.78	8.15	7.91	8.97	8.55	8.36	8.38	8.64	8.83	8.83	7.67	8.74	8.18	8.33	7.68	7.61	9.06	7.14	7.86	8.75	7.26	9.11	8.47	9.3	9.68	9.02	8.34	9.2	9.03	9	9.46	9.4	9.13	9.1	8.64	9.81	9.41	8.92	8.41	8.91	9.46	9.72	9.66	8.67	8.6	8.52	8.97	8.31	8.81	9.45	8.47
KIF26A	7.23	6.93	6.6	6.92	6.13	5.6	6.03	5.7	6.27	6.01	6.16	5.91	6.35	7.81	5	6.73	5.79	6.83	6.03	5.69	5.86	5.78	6.32	6.12	5.45	5.26	5.97	6.38	5.28	5.02	5.22	5.64	6.06	6.38	5.83	6.54	5.62	5.94	5.51	5.46	5.26	6	5.87	6.25	5.99	5.75	6.36	6.59	5.68	5.83	5.93	5.33	6.9	6.19	6.19	6.81
IFIT5	7.43	7.71	8.63	7.48	7.29	8.19	7.1	5.93	8.26	7.52	7.49	7.08	8.05	7.63	7.77	7.33	8.25	7.62	6.48	7.12	6.84	7.69	6.51	6.9	6.66	6.8	7.96	7.02	6.76	7.32	7.59	6.29	6.91	5.93	5.98	7.42	7.9	7.43	7.81	6.94	6.79	8	7.07	6.66	7.81	6.79	7.51	7.53	7.05	7.31	7.25	7.45	7.81	7.49	7.13	7.62
CLEC11A	7.31	6.75	6.46	6.27	6.97	6.19	6.81	5.79	8.12	6.02	6.06	6.57	6.78	6.87	6.24	6.6	7.74	6.76	5.69	6.26	5.06	6.21	6.05	5.74	6.25	6.2	5.91	5.86	6.33	6.16	5.97	5.51	6.36	5.83	5.87	6.91	5.69	6.29	6.36	6.3	6.05	8.78	5.81	5.25	5.39	5.87	6.08	6.09	5.23	6.47	6.14	6.34	7.7	5.78	6.22	5.99
PILRA	5.82	6.24	5.65	6.37	6.17	5.59	6.1	4.83	8.1	5.15	5.29	5.52	5.35	5.95	4.78	5.94	6.77	5.83	5.13	5.34	4.93	4.96	5.25	5.71	4.95	5.42	4.74	5.14	4.79	5.26	4.87	5.65	5.38	5.48	5	5.4	5.75	4.98	5.31	5.23	5.68	6.75	5.18	4.97	4.93	5.48	5.54	5.47	4.84	5.77	5.06	5.17	7.13	5.04	5.31	5.22
TRPS1	6.5	7.35	7.19	7.25	7.99	7.28	7.21	6.19	8.24	6.75	6.94	7.29	7.44	6.07	6.54	7.42	7.65	7.51	6.07	6.85	6.32	5.8	5.96	6.51	6.67	6.11	6.37	7.51	5.72	6.48	6.34	6.49	6.63	5.91	6.45	6.58	6.87	6.69	6.71	5.41	6.16	8.4	6.31	6.57	6.24	6.36	6.64	6.6	6.5	7.58	7.27	7.21	7.82	6.23	7.35	7
CCR1	7.39	7.63	7.88	7.57	6.57	7.44	7.36	5.28	10.74	6.39	6.37	7.04	7.06	7.32	6.42	7.5	8.2	7.7	5.91	6.45	5.99	6.5	5.29	6.73	6.55	6.47	6.38	6.69	6.58	6.48	5.98	6.16	6.57	5.8	6.83	6.39	7.83	6.46	7.14	6.32	7.34	8.58	6.04	5.93	6.61	6.93	6.66	6.72	5.75	6.86	6.22	6.5	8.15	6.38	7.04	6.62
FRMD3	7.46	9.02	8.17	5.9	8.64	8.15	7.89	7.47	8.36	8.66	8.07	8.36	8.59	7.06	8.13	9.42	6.4	8.89	8.45	8.93	8.1	6.35	5.55	8.03	6.24	8.5	6.13	6.12	7.26	5.32	5.62	6.76	3.79	3.41	6.08	5.85	5.54	8.33	9.17	6.82	5.45	7.11	3.91	9.36	9.21	7.91	7.24	7.53	7.64	8.46	8.14	8.38	7.75	6.18	5.51	8.51
CCNYL1	7.24	8.28	8	7.26	7.67	8.18	7.6	7.7	8.04	8.77	8.37	7.77	7.36	7	7.8	7.97	7.65	7.84	7.63	8.18	8.31	7.37	6.27	7.04	6.6	7.72	7.65	6.36	7.23	6.63	7.98	7.24	6.81	7.15	6.32	7.28	7.07	7.64	8.62	7.99	7.5	7.98	7.03	7.99	7.86	7.82	7.54	7.35	7.15	7.35	7.91	7.55	7.68	7.19	7.2	7.75
FAM111B	5.2	4.86	5.74	4.77	4.62	5.01	5.63	6.16	4.66	5.42	5.66	5.53	5.47	5.1	6.01	5.04	5.27	4.63	5.14	5.13	5.32	5.34	5.23	4.96	4.79	5.31	5.27	6.51	6.67	6.52	5.71	5.66	6.39	6.09	5.63	6.22	5.98	5.81	6.03	6.47	6.49	5.6	6.81	5.72	6.06	5.95	5.73	5.74	5.07	5.41	4.93	5.77	5.55	5.84	5.69	5.32
ELOVL7	8.59	8.86	8.4	7.48	7.61	8.19	8.06	8.58	6.72	8.64	8.17	8.4	8.18	8.03	8.35	8.22	7.8	8.51	7.08	7.25	7.89	8.28	6.22	7.64	7.4	6.92	8.03	7.4	7.82	7.87	8.84	7.54	8.29	7.25	7.04	7.24	8.03	8.27	8.33	7.91	8.18	7.26	8.21	8.12	6.89	5.76	8.06	8.04	8.36	7.57	8.23	7.95	7.82	8.29	7.2	8.47
KCNH8	3.43	3.17	2.53	4.65	2.7	3.86	3.3	3.71	2.83	3.44	3.85	3.18	3.83	4.76	3.48	3.37	4.5	3.44	3.51	2.89	3.17	5.05	4.25	3.31	5.31	2.95	4.75	3.13	3.34	3.87	4.47	3.62	3.88	4.34	4.1	4.13	4.28	4.21	3.3	5.42	5.11	4.13	3.75	3.36	3.89	3.86	3.58	3.69	5.24	3.81	3.75	3.84	2.75	4.68	4.99	3.67
GLYR1 	7.29	7.67	7.68	7.29	7.92	7.86	7.06	5.14	7.72	6.84	7.65	7.33	7.12	6.95	6.56	7.74	7.64	7.81	5.54	6.94	5.75	5.39	6	8.17	6.08	6.44	6.2	5.94	5.35	6.11	6.64	6.64	6.17	7.01	6.57	6.11	7.33	6.95	7.46	5.94	6.62	7.71	6.05	6.32	7.21	6.57	6.46	6.45	6.74	7.93	7.16	7.16	7.17	7.41	7.27	7.54
THSD7A	4.66	5.26	4.87	4.73	5.94	4.7	5.28	4.12	6.27	5.56	4.67	5.54	5.05	5.1	4.81	5.74	4.97	5.11	4.81	5.82	4.81	5.02	4.2	5.37	4.8	4.48	3.83	4.65	4.33	4.24	4.08	4.41	4.35	3.81	4.42	3.9	4.08	5.2	4.74	4.01	4.09	5.54	4.71	4.68	4.28	4.25	4.84	4.85	4.14	5.69	4.96	4.85	6.06	4.64	5.23	5.54
PTGFR	5.03	4.96	4.98	4.08	5.35	5.36	5.41	4.28	7.58	5.28	4.61	6.38	5.25	5.11	4.78	5.36	5.58	5.89	3.84	4.74	4.19	4.84	4.25	4.43	5.07	4.71	4.48	4.23	4.58	4.31	4.64	5.22	4.97	3.87	4.57	4.69	4.76	4.99	5.13	3.9	4.87	5.18	4.28	4.68	4.18	4.74	4.43	3.94	4.46	5.45	5.41	4.9	6.85	5.03	5.33	5.22
SLAMF8	6.4	7.02	7.25	7.44	7.81	7.7	7.02	4.5	8.15	6.06	6.08	6.32	6.49	7.07	5.91	7.11	8.18	7.48	5.47	6.54	5.71	5.54	5.66	6.82	5.41	6.15	5.69	5.92	5.81	5.51	5.94	5.96	5.36	4.92	6.36	5.83	7.21	6.21	6.07	6.55	6.9	8.13	5.45	5.38	6.27	6.47	5.92	5.74	5.06	6.68	6.35	6.79	7.57	5.96	6.4	6.11
IFIT3	7.92	7.8	9.05	9.58	7.83	9.53	7.74	5.64	10.48	8.45	8.43	7.08	9.37	8.54	6.97	7.38	9.1	7.89	6.52	7.96	6.26	7.87	6.56	7.84	7.3	7.61	8.87	7.37	8.02	8.35	8.94	6.06	6.83	5.58	6.84	9.14	9.33	7.74	7.91	7.97	6.88	8.99	6.67	6.42	6.99	7.66	8.44	8.4	7.33	7.31	7.58	7.44	8.65	7.81	8.07	7.35
COL3A1	12.82	12.17	12.41	12.87	13.38	12.41	12.63	10.29	13.83	12.42	12.28	12.29	13.17	12.46	11.89	11.64	13.15	12.45	11.24	12.9	11.37	12.42	11.8	11.72	12.49	11	12.11	11.91	12.21	10.79	11.99	11.72	12.51	11.09	11.91	12.83	11.95	11.87	12.08	10.34	12.25	13.72	12.46	11.93	11.17	11.55	12.56	12.53	10.97	12.58	11.7	11.9	13.6	11.27	12.59	11.66
ALPK2	5.43	4.61	4.21	4.58	5	4.52	4.65	3.33	5.66	4.58	4.48	4.99	5.14	4.78	3.8	3.96	6.07	4.58	3.76	4.41	4.02	3.52	3.97	4.88	3.86	4.39	3.5	3.96	3.91	3.83	4.03	3.92	3.92	3.64	4.15	4.44	4.04	3.57	4.12	3.12	4.09	6.94	4.03	3.87	3.8	3.69	4.68	4.38	3.71	4.64	3.85	4.27	5.86	4.3	4.4	4.3
COL5A1	9.9	9.09	8.88	9.8	10.2	8.9	8.69	6.44	10.65	8.07	8.79	9.03	10.06	9.12	8.64	8.45	10.44	9.05	7.72	9.78	7.4	8.74	8.33	7.77	9.08	7.57	8.52	8.45	8.59	7.42	8.71	8.15	9.06	7.53	8.37	9.54	8.3	7.41	8.44	6.55	7.99	11.38	8.71	7.91	7.29	7.96	8.9	8.73	7.4	8.9	8.16	8.73	10.18	7.97	9.28	7.93
C1QA	8.78	9.75	9.2	9.93	10.23	9.28	9.4	7.4	7.3	8.97	8.2	8.04	8.3	8.11	7.42	9.6	9.59	9.73	7.75	8.98	9.03	8.05	8.17	9.51	8.35	8.73	8.03	7.9	8.06	8.12	8.01	8.88	7.75	7.78	8.71	7.94	8.69	7.11	6.76	7.41	7.15	7.65	7.65	8.38	8.51	8.51	7.64	7.77	7.63	8.04	8.25	8.2	8.01	7.58	8	8.12
CD109	6.97	6.89	6.56	7.14	7.18	6.11	6.1	4.74	9.41	6.36	5.87	6.72	6.92	5.13	5.84	6.18	7.91	7.6	5.23	6.69	4.38	6.62	4.38	5.59	5.89	4.9	5.5	5.14	5.47	3.95	4.73	5.44	5.08	4.39	5.48	6.64	5.43	7.03	6.94	5.07	6.05	9.59	5.63	4.95	5.6	5.16	5.97	5.78	4.24	6.42	5.79	5.95	7.8	4.9	6.06	6.36
SLC19A2	6.49	5.55	6.62	6.46	6.1	6.54	6.01	6.6	6.84	6.34	6.63	7.18	6.75	6.48	6.91	6.43	6.41	6.3	6.4	5.76	5.94	7.7	6.37	5.37	6.96	5.93	7.24	7.74	7.14	7.3	7.25	7.31	6.57	7.23	7.52	8.12	6.68	6.65	7.63	7.66	7.99	7.26	7.6	6.34	7.66	7.24	7.04	6.85	6.73	6.43	6.36	6.68	6.32	6.83	7.16	6.25
TAC1	2.33	3.8	2.58	2.69	3.59	2.95	2.81	2	3.68	3.81	5.23	2.83	4.85	2.13	2.18	3.76	4.82	5.46	2.87	4.96	2.77	7.56	4.32	2.79	2.67	3.01	2.58	7.98	2.36	7.02	2.26	2.28	7.35	5.88	7.75	2.33	4.48	4.81	3.29	2.26	4.72	2.35	2.34	2.9	3.49	2.63	2.67	2.93	6.26	5.11	3.95	5.07	5.54	4.08	4.48	5.45
FGFBP1	7.21	8.3	7.68	7.71	6.42	7.45	7.27	9.18	5.57	7.56	7.41	7	7.85	6.29	7.51	7.19	5.6	7.45	7.45	7.29	8.27	6.99	6.08	7.07	7.06	7.86	5.93	6.14	6.55	5.77	6.14	7.58	5.15	7.61	6.04	6.62	7.25	6.69	7.66	6.42	5.15	5.45	7.81	7.74	6.4	7.79	6.83	6.73	6.61	6.31	5.49	6.66	8.15	7.13	6.62	8.24
KANK2	7.98	8.98	8.42	8.15	9.04	8.47	7.82	6.61	9.98	8.45	8.02	8.34	8.44	7.82	7.62	8.8	8.13	9.35	7.57	8.5	7.55	7.34	6.9	8.52	8.06	7.14	8.03	7.41	7.48	7.18	7.48	7.87	7.75	7.05	7.52	7.87	7.29	8.49	8.3	6.55	8.14	9.7	7.54	8.04	7.74	7.31	7.49	7.47	7.03	8.15	8.46	7.94	8.34	7.17	7.84	8.59
MAP4K3	5.98	5.91	6.52	6.29	6.42	7.13	6.95	6.95	7.71	6.62	6.92	6.42	6.57	5.91	7.01	6.11	5.96	6.47	6.41	6.23	6.54	7.34	6.1	6.29	7.03	5.86	7.81	7.12	7.24	7.18	7.36	7.03	6.89	7.16	7.39	7.05	6.7	7.55	7.75	7.79	8.17	7.8	6.97	6.7	8.05	7.24	7.06	6.97	7.46	6.72	6.78	6.91	6.46	6.84	6.95	6.76
TWIST2	6.25	6.03	5.57	4.82	5.51	5.38	5.94	3.84	7.52	5.04	4.73	5.35	5.67	5.64	4.18	5.6	6.33	6.39	4.15	5.33	4.39	5.06	4.12	5.38	4.95	4.16	4.02	4.11	4.87	4.15	4.12	4.37	5.39	3.81	4.98	4.91	4.87	5.25	5.21	3.95	4.44	6.09	4.36	4.63	3.77	4.56	4.95	5.29	4.39	5.45	5.41	4.99	7.01	4.51	5.63	6.02
ESM1	5.29	4.43	5.48	4.78	3.81	4.67	3.7	4.85	4.92	4.65	5.28	5.13	4.99	3.51	5.48	4.16	6.18	4.55	4.51	4.93	3.81	4.87	6.05	4.08	5.91	4.8	5.91	4.98	5.36	4.58	5.38	5.26	4.77	5.53	5.68	5.37	6.51	4.78	7.06	6.92	6.48	7.48	6.26	4.63	4.71	5.9	6.3	5.71	4.13	4.05	4.67	4.83	5.07	5.47	6.34	3.3
AF070581	2.71	3.26	3.27	2.52	3.25	3.24	3.12	2.65	5.49	3.08	2.99	3.69	3.35	2.86	3.24	3.03	2.99	3.37	2.44	2.72	2.46	2.36	2.37	3.34	2.83	2.19	2.97	2.52	2.6	2.7	2.96	2.69	2.82	2.63	2.47	2.72	2.97	2.96	3.47	2.71	2.26	3.94	2.6	2.81	2.45	2.62	2.78	2.54	2.94	4	3.62	3.38	3.52	2.59	2.91	4.29
TFF1	11.41	11.65	11.39	11.02	9.82	11.31	11.57	12.42	13.2	11.3	11.7	11.94	11.74	10.75	11.05	10.91	9.26	11.41	10.85	12.31	8.84	9.58	10.91	12.04	9.94	12.53	11.08	9.28	10.72	11.39	11.19	11.54	7.07	9.82	10.66	10.34	11.13	9.99	12.26	13.25	12.76	11.49	11.48	9.36	12.07	11.85	10.93	10.95	8.65	11.25	10.7	9.91	12.16	7.59	8.34	9.64
PRMT3	6.06	5.84	7.05	6.89	5.88	6.66	6.3	7.82	6.83	6.39	6.86	6.57	6.57	6.79	8.09	6.1	7.23	6.02	6.85	5.62	5.72	7.63	6.69	5.55	7.59	5.95	7.46	7.76	8.25	7.87	7.77	7.45	8.02	7.95	7.2	7.51	7.36	7.25	7.47	8.35	8.01	7.03	8.26	6.1	7.31	8.6	7.78	7.76	7.13	6.61	6.54	7.04	6.4	7.51	7.66	6.69
BTN3A2	8.89	9.57	9.4	9.28	9.54	9.38	9.22	8.49	8.9	9.22	8.83	7.84	8.9	8.46	8.33	9.57	9.05	9.35	8.1	7.75	8.87	7.74	7.66	9.5	8.29	8.89	8.23	8.28	8.11	8.27	9.12	8.58	8.56	7.57	8.73	8.15	9.02	9.34	9.23	9.19	7.29	9.44	8.23	8.88	8.86	8.6	8.12	8.22	8.92	8.8	9.08	8.93	8.55	8.26	8.6	8.35
MEOX1	6.34	6.01	5.25	4.26	5.93	5.76	5.51	3.74	7.14	5.56	5.82	5.88	5.4	4.71	4.95	5.52	5.57	5.9	4.21	5.99	4.13	5.29	4.22	5.67	4.91	5.17	5.07	4.09	4.55	4.22	3.8	4.8	5.03	3.97	4.95	4.02	5.63	4.96	5.75	4.69	5.09	5.83	4.23	5.18	4.73	5.61	4.92	4.77	4.3	5.81	5.29	5.33	6.74	4.29	5.67	5.61
AGPAT9	6.31	7.64	6.63	5.11	7.07	7.27	6.44	6.31	6.73	7.07	6.83	7.21	7.09	5.62	6.96	7.49	5.91	7.46	6.88	7.06	7.55	5.25	4.15	6.46	5.75	7.19	6.18	6.11	5.22	4.38	4.71	5.52	3.83	5.13	5.39	4.64	5.98	6.92	7.79	6.53	5.34	6.76	5.29	7.61	5.88	6.49	5.79	5.86	5.43	7.2	6.63	6.68	7.35	4.63	5.08	7.04
CKAP4	10.87	11.32	10.58	9.87	9.55	10.07	10.16	10.12	10.97	10.07	9.88	10.18	10.24	8.58	9.58	11.55	11.03	11.09	10.2	10.13	10.09	9.69	9.19	9.53	8.69	9.88	10.14	9.38	9.47	9.09	9.54	9.18	8.65	9.45	9	9.31	9.48	10.49	10.54	10.72	9.82	10.76	9.42	10.02	9.51	8.74	9.39	9.26	9.23	9.39	9.49	9.63	9.99	8.63	8.71	9.78
ECHDC3	7.63	7.09	4.46	6.69	6.06	4.87	5.82	5.34	5.02	6.4	7.07	5.02	6.45	4.63	4.19	5.54	5.7	5.59	4.93	4.46	5.01	4.25	5.34	5.56	7	5.06	4.16	4.68	5.1	6.32	4.14	4.92	4.1	4.41	4.58	7.83	6.27	4.22	4.25	4.4	4.33	5.5	4.36	4.22	4.41	4.79	4.87	4.74	5.35	5.23	5.41	6.24	5.97	7.07	6.41	5.19
TIE1	6.03	6.09	4.81	4.56	6.84	4.89	5.08	3.65	7.24	4.95	4.84	5.57	5.33	5.37	4.98	5.37	5.61	6.02	4.13	7.02	4.27	5.81	4.73	5.15	5.4	4.52	4.64	4.47	4.76	3.89	3.81	4.63	4.32	4.16	4.68	4.61	5.41	4.09	4.54	4.05	4.48	6.07	4.38	4.01	3.69	4.45	4.97	4.82	3.53	5.26	4.69	4.82	7.01	4.55	5.57	5.07
ISG20	9.52	9.5	9.1	8.4	8.95	9.59	9.08	8.05	9.67	8.73	8.87	8.31	8.04	8.45	7.89	9.28	9.5	8.64	7.91	9.03	8.13	7.71	7.87	9	7.71	10.02	8.39	7.59	7.84	8.22	8.65	8.82	6.86	8.72	8.71	8.22	9.42	7.75	9.26	9.43	8.61	8.9	7.53	8.31	9.01	8.91	7.89	7.89	7.54	7.91	7.97	8.22	8.54	8.09	8.15	7.62
FAM107B	7.93	8.94	8.22	8.76	9.07	9.97	8.58	8.61	9.24	8.81	8.44	9.39	8.96	7.91	8.55	8.69	8.66	8.87	8.74	9.75	9.21	7.68	7.75	9.35	7.74	8.94	9.39	7.49	7.73	7.21	6.81	7.7	6.42	6.93	7.67	8.56	8.29	8.47	8.75	8.12	7.64	9.24	7.23	9.01	8.77	7.89	8.52	8.67	8.8	8.9	8.8	8.81	8.73	7.27	8.18	8.52
MIR22 	8.33	9.04	8.62	6.81	9.03	8.99	7.92	7.21	9.52	9.11	8.62	9.25	8.43	7.28	8.26	8.61	7.51	9.16	8.42	8.73	8.22	7.59	6.83	7.58	7.76	8.86	7.9	6.73	7.11	6.62	7.32	8.17	7.24	6.39	7.64	7.43	7.55	8.03	9.76	8.87	8.17	9.48	7.59	8.53	7.47	8.24	7.85	7.78	7.41	8.05	8.27	8.53	8.71	6.87	7.57	8.45
LOC284926	4.8	4.25	4.73	4.13	4.56	4.7	4.8	5.61	4.84	4.95	4.77	4.78	4.91	5.12	6.56	4.72	4.31	4.34	4.8	4.11	4.99	5	4.25	4.88	6.01	4.37	5.76	6.7	6.05	4.42	4.96	4.8	5.46	4.97	5.17	5.54	5.6	5.49	5.35	6.04	6.53	4.88	5.49	5.18	6.38	6.46	5.81	5.97	5.99	4.95	5.32	5.21	5.33	5.16	5.43	5.56
PDZD8	7.63	7.63	7.68	8.22	7.65	8.27	8.62	8.25	8.18	8.49	8.69	8.65	8.64	6.14	8.55	8.25	8.15	8.7	7.85	6.89	8.02	8.37	6.92	7.64	8.28	7.36	8.49	9.1	8.55	8.92	9.33	8.56	7.97	8.55	8.25	8.85	8.89	9.25	9.25	8.15	9.68	7.78	9.06	8.64	9.74	8.94	8.61	8.53	9.56	7.98	9.06	8.56	8.21	8.57	8.59	8.92
EVPL	7.48	6.12	6.03	6.97	6.14	5.87	6.54	6.75	5.29	5.95	6.32	5.93	6.09	7.77	6.59	6.57	6.11	6.16	7.04	5.87	6.58	7.46	7.07	6.03	7.04	6.86	6.99	6.29	7.77	7.2	7.83	6.64	6.93	6.86	7.61	7.67	6.73	6.21	5.99	5.93	7.05	6.14	6.83	6.21	6.4	7.09	7.14	7.31	7	6.59	6.41	6.58	5.86	7.48	7.29	6.46
MOSPD1	7.09	6.68	7.83	6.53	6.25	6.84	6.46	5.98	7.39	6.54	6.93	7.05	6.86	7.67	7.5	6.61	7.29	7.4	7.37	6.21	6.43	8.27	6.09	6.2	7.43	6.1	8.52	7.11	7.67	7.8	7.06	6.59	7.5	7.22	7.41	7.2	7.46	7.24	7.49	8.04	8.02	7.8	6.73	6.74	7.74	8.32	7.58	7.65	7.34	7.05	6.92	7.48	7.12	7.29	7.96	7.07
ANGPTL2	8.32	7.8	6.99	7.44	8.33	7.98	7.85	5.73	9.64	7.56	7.45	8.58	8.27	8.11	7.55	7.01	9.34	8.39	5.75	8.09	5.64	7.1	6.89	5.85	7.73	7.32	7.16	6.66	7.23	6.31	7.34	7.13	7.1	6.04	7.58	7.99	7.74	6.63	7.73	6.24	7.37	9.11	7.44	6.3	5.89	7.81	7.8	7.72	5.73	7.77	6.74	7.22	9.36	7.77	8.56	6.59
TP53I3	8.94	9.69	9.18	7.95	9.05	8.68	8.93	7.81	8.97	9.2	8.99	8.52	8.59	7.47	8.3	8.94	8.69	9.17	8.55	8.74	8.9	7.62	7.06	8.87	7.78	9.29	7.95	7.59	8.19	7.6	7.91	8.5	7.06	7.79	7.31	7.4	8.31	8.8	9.23	9.06	7.29	8.21	8	9.04	8.66	8.56	7.83	7.64	8.42	8.45	8.47	8.57	9.38	8.24	7.73	8.68
LOC101928102 	4.02	5.33	5.15	3.54	5.06	4.81	4.5	3.4	4.62	5.31	3.67	4.55	5.41	6.94	3.39	5.4	4.46	6.39	5.48	5.22	5.09	4.75	3.78	5.55	4.75	4.44	5.87	4.54	4.58	6.08	3.67	6.09	5.15	3.95	5.43	4.13	4.32	7.04	5.15	5.51	4.74	5.94	3.34	5.27	5.8	6.51	5.76	5.78	7.48	4.82	5.06	5.73	4.9	5.23	4.86	6.31
OSBPL1A	6.67	7.63	7.8	6.58	7.31	7.53	7.5	7.24	8.46	7.98	7.29	7.26	7.59	6.02	6.67	7.84	7.34	8.49	6.53	7.04	7.77	6.3	5.49	7.49	5.74	5.99	6.78	6.83	6.55	5.52	7.24	5.85	6	5.59	5.99	6.51	6.1	8.22	7.71	6.84	6.38	7.37	7.42	7.64	5.98	7.02	6.92	6.91	7.12	7.27	7.35	7.39	7.25	6.58	6.31	7.65
XPNPEP2	4.54	6.19	4.61	4.84	5.13	4.72	5.18	5.19	4.71	5.26	5.48	5.09	5.4	5.96	4.7	5.84	4.23	6.2	6.15	5.59	5.17	5.51	5.62	5.85	5.29	5.08	4.95	6.43	5.76	5.27	5.24	6.37	5.15	5.33	7.34	4.68	5.09	4.85	4.62	5.16	6	5.36	5.36	5.89	4.46	7.37	6.02	5.8	4.73	5.62	5.35	6.48	5.32	5.44	5.32	5.73
DDX60L	7.72	7.52	7.26	7.07	7.45	7.84	6.27	6.41	10.07	7.55	7.7	7.32	7.91	5.49	6.96	6.78	7.88	7.13	6.37	7.25	6.68	6.62	5.33	6.29	6.81	7.18	7.17	6.35	5.91	6.23	6.7	5.82	5.33	5.47	6.56	7.32	6.73	7.48	7.89	8	6.75	8.45	6.15	7.27	7.53	6.5	7.3	7.21	6.9	6.99	7.12	7.34	7.72	6.54	6.86	7.35
FAM20C	7.69	7.25	6.81	6.67	7.52	7.34	7.2	4.95	8.69	6.62	6.19	7.29	7.04	7.05	6.25	7.33	7.66	7.48	5.68	6.78	5.8	6.47	6.09	6.66	6.85	6.69	6.11	6.26	6.6	5.61	6.16	6.09	5.89	4.9	6.81	6.49	6.88	6.48	6.93	5.49	6.96	8.36	6.06	6.4	6.52	6.65	6.36	6.28	5.43	6.59	6.73	6.04	8.3	5.72	7.01	6.77
LAMC1	9.84	9.75	9.41	8.87	9.44	9.48	8.77	8.34	10.46	8.93	9.04	9.55	9.42	9.01	9.1	9.08	9.7	10	8.22	9.64	7.77	9.01	8.78	8.69	9.21	8.06	9.39	9.14	8.92	8.15	8.57	8.75	9.06	8.15	8.87	8.61	8.77	9.01	9.39	8.62	9.2	10.81	8.8	8.52	8.19	8.98	8.68	8.9	8.31	8.9	8.99	9.24	10.07	8.57	9.52	8.77
FHL5	4.31	3.99	3.62	2.78	5.23	3.35	3.41	2.8	4.17	4.87	3.54	4	4.41	2.77	3.68	3.57	4.04	4.58	3.19	4.82	2.95	3.07	3.64	3.09	2.65	3.57	3.7	2.92	3.23	2.9	3.16	3.37	3.56	3.18	2.65	3.05	3.25	2.93	3.33	3.16	3.03	3.55	3.79	3.09	3.1	3.93	3.64	3.37	2.64	4.14	3.33	3.45	4.28	3.46	3.82	4.24
MAP1B	5.9	6.47	5.44	5.4	8.19	7.6	6.68	5.44	8.85	7.76	6.87	7.7	7.94	5.52	6.51	5.37	5.63	6.44	6.27	8.24	6.37	6.79	6.09	6.7	6.95	5.68	6.19	5.69	5.98	4.5	5.62	5.77	6.01	4.86	6.2	6.02	6.35	5.88	6.48	4.07	5.28	7.86	5.95	6.77	5.32	5.69	6.3	6.25	5.28	7.2	7.07	6.68	8.35	5.52	6.76	7.71
IGFBP5	9.88	9.87	9.79	8.78	9.93	9.71	9.79	8.01	10.91	9.04	9.58	9.92	9.01	9.27	8.47	9.97	9.78	10.21	8.9	10.05	6.88	9.62	8.38	8.76	10.34	8.3	8.22	9.41	8.93	7.95	8.4	8.74	9.77	6.12	9.88	8.63	8.84	8.83	10.2	6.77	9.29	11.72	8.62	9.33	7.64	8.99	8.09	8.05	7.33	9.13	8.06	9.05	9.34	7.64	9.59	7.92
CILP	5.7	7.65	5.83	5.14	7.4	5.93	6.12	5.43	8.21	6.89	5.75	6.99	7.35	6.08	5.87	6.1	5.6	8.25	5.81	6.36	5.44	5.66	5.51	6.75	5.06	4.81	4.68	5.37	5.37	5.14	5.02	5.8	5.87	5.69	4.65	5.36	4.62	6.46	5.9	5.07	4.87	7.18	5.58	6.11	5.05	5.11	6.52	6.57	6.44	7.75	6.54	7.81	5.61	5.58	5.95	6.99
EML1	6.67	6.37	6.92	5.6	6.02	6.31	6.2	4.1	8.12	6.22	5.46	6.24	6.21	5.34	5.11	5.61	6.86	7.02	4.57	6.03	4.63	5.41	4.54	5.53	5.6	4.49	5.49	4.42	5.5	4.69	4.79	5.35	5.38	3.98	5.37	5.37	5.15	6.17	6.79	5.02	5.94	7.67	4.58	5.09	4.61	5.3	5.91	5.83	5.08	6.3	5.99	5.58	7.39	4.89	5.94	6.2
PTPRM	7.56	7.65	6.94	6.8	7.98	7.43	6.98	5.53	9.27	7.07	7.2	7.75	7.59	6.87	6.93	7.21	7.6	8.14	6.42	7.59	5.9	6.85	5.54	6.39	6.69	6.31	6.8	5.75	6.14	5.06	5.67	5.72	5.95	5.43	6.5	6.58	6.65	7.34	7.89	7.13	7.21	9.26	6.56	6.91	7.09	6.89	6.99	7.09	6.25	7.52	7.11	7.06	7.84	6.42	7.56	7.12
C1QB	8.95	9.67	9.19	10.16	9.97	9.27	9.71	7.48	8.4	8.96	7.98	8	8.34	8.17	7.45	9.69	9.84	9.56	7.37	8.68	9.01	8.06	8.06	9.13	8.06	8.31	7.79	7.74	8.05	8.34	8.44	9.03	8.15	8.34	8.98	8.26	8.97	8.4	8.06	8.47	8.43	9.41	7.9	8.13	8.45	8.44	7.66	7.67	7.43	8.32	8.09	8.26	7.89	7.35	7.51	8.01
COL6A2	10.24	9.93	9.35	10.48	11.78	9.82	10.02	7.72	9.42	9.35	9.23	9.66	10.3	9.69	8.92	9.85	10.68	10.58	9.27	11.32	9.53	9.83	9.61	10.38	10.79	9.12	8.57	9.05	9.38	7.63	8.64	9.21	9.15	7.85	9.5	9.75	9.38	6.58	7.03	5.37	6.66	9.66	8.46	8.95	7.58	8.58	9.08	8.96	7.76	9.37	9.22	8.89	11.02	8.25	9.3	9.06
CD84	6.7	7.66	7.45	7.92	7.65	7.31	7.02	5.59	7.98	7.42	6.61	7.17	7.93	6.48	7.01	7.65	8.03	7.73	6.13	6.29	6.79	5.78	6.25	7.69	6.01	6.84	6.38	6.06	6.09	5.91	6.44	6.77	6.44	6.22	6.56	6.42	6.67	7.02	6.63	5.99	6.91	8.34	6.1	6.26	6.35	6.23	7.12	6.85	6.99	8.08	7.51	7.57	7.52	6.83	7.01	7.23
CCL4	8.79	8.09	8.21	8.77	8.29	7.62	8.23	6.48	11.45	7.33	6.77	8.88	6.96	9.96	7.24	8.04	10.28	7.57	7.24	7.31	5.91	7.34	7.71	7.6	6.95	8.69	6.54	7.46	6.74	7.5	7.06	7.49	7.55	6.99	8.27	8.08	8.44	6.32	7.81	8.14	8.51	8.72	8.11	6.51	6.86	7.68	8.12	7.93	6.49	7.35	6.59	6.82	9.69	7.3	7.73	6.98
CELSR3	5.93	5.41	6.08	6.77	5.41	5.95	5.99	6.67	5.18	5.17	5.64	5.35	5.43	7.54	6.44	6	6.22	5.64	6.27	5.94	5.88	6.78	6.57	5.32	7.57	6.48	6.1	7.21	6.86	6.42	6.56	5.65	6.76	6.11	5.95	6.87	6.1	5.65	5.96	7.28	7.86	5.47	6.49	5.41	6.42	6.14	6.87	6.76	6.22	6.23	5.56	6.15	5.98	6.81	6.89	5.77
RRN3 	6.33	6.14	5.64	6.48	7.13	7.21	6.13	7.69	6.81	7.56	7.48	6.76	7.21	5.67	7.89	5.54	6.12	6.4	6.71	7.09	6.77	7.32	6.92	6.65	8.16	6.29	7.64	6.98	6.91	6.99	6.61	6.49	8.89	5.56	7.65	6.91	6.66	7.49	8.18	8.63	7.96	7.48	7.12	7.01	9.4	7.58	8.12	8.13	8.66	7.9	7.59	7.67	6.8	7.53	8.71	7.56
GPNMB	10	10.93	10.95	10.8	10.81	9.28	10.22	7.24	11.34	10.11	9.97	9.17	9.93	8.52	8.74	11.11	11.09	11.44	8.24	9.89	11.04	9.41	7.56	10.29	8.41	9.49	9.1	6.91	8.73	8.03	7.72	9.24	8.67	8.36	8.06	9.37	8.71	10.38	9.28	7.93	8.76	11.17	8.76	9.78	8.05	9.05	9.25	9.26	7.77	10.86	9.71	9.25	9.57	7.94	8.17	9.68
VAMP5	6.74	7.14	6.94	6.76	6.8	7.08	6.68	4.55	7.14	6.13	6.16	6.07	5.98	7.3	5.4	6.51	7.57	6.93	4.85	5.93	5.18	5.88	5.17	6.22	5.74	6.12	5.74	5.51	5.43	5.52	5.84	6.1	6.26	5.72	6.04	5.57	7.1	6.27	6.49	6.85	5.85	7.37	5.64	6.07	5.99	6.34	5.81	6.01	5.25	6.19	6	5.83	6.94	5.92	6.3	6.22
MRVI1	7.71	8.77	7.97	7.79	8.4	8.32	7.55	6.11	9.67	7.89	7.61	8.51	8.38	7.4	7.33	7.95	8.01	8.92	7.09	8.49	6.92	7.25	6.82	8.09	7.72	6.77	7.27	7.11	7.36	6.55	7.3	7.07	7.35	6.86	7.47	7.49	7.28	7.84	7.87	6.26	7.17	8.75	7.43	7.08	6.83	7.02	7.57	7.66	7.22	8.59	8.16	8.09	8.31	7.11	8.49	8.14
SH3PXD2B	8.45	7.8	7.62	8.35	8.54	7.74	7.32	8.07	9.29	7.01	7.06	7.89	7.93	8.26	7.71	7.8	8.54	7.88	7	8.32	6.55	7.97	7.64	6.63	8.23	6.76	7.67	7.73	7.87	7.2	7.42	7.33	7.54	7.25	7.4	8.3	7.83	6.96	7.62	6.98	7.95	9.32	7.44	6.47	7.13	6.75	7.87	7.75	7.3	7.68	7.12	7.09	8.63	7.7	8.07	6.97
CEP72	5.18	4.34	5.63	5.58	4	4.65	4.12	5.48	4.19	4.81	4.99	4.63	5.2	6.02	5.75	4.67	6.29	4.53	5.14	4.54	4.19	5.65	6.33	4.38	5.97	4.25	6.37	5.82	4.94	5.79	6.11	5.38	5.78	5.71	5.12	6.2	6.04	4.94	5.69	5.52	6.63	6.18	6.24	3.78	5.98	7.11	6.17	6.17	4.87	4.77	4.07	4.5	5.27	5.6	6.25	4.77
RNF213	8.38	8.24	8.42	9.04	8.53	9.35	7.44	7.46	8.35	7.91	7.93	7.88	8.58	9.59	7.91	8.18	9.13	8.04	7.72	8.39	7.74	8.6	8.2	8.13	8.01	8.2	8.7	7.03	7.77	7.27	8.17	6.95	7.23	6.51	7.89	8.47	8.27	7.79	7.99	7.39	8.54	8.58	7.47	7.31	8.07	7.53	8.66	8.51	7.43	7.8	8.01	8.03	8.35	8.97	7.87	7.71
TMEM45A	6.99	7.84	7.37	7.89	7.21	6.91	7.4	5.43	9.23	6.89	5.61	7.78	7.84	6.28	6.32	7.53	8.19	7.8	5.88	6.79	5.79	5.97	4.73	6.39	6.08	5.5	6.04	4.95	5.51	5.29	5.9	6.61	6.58	6.17	6.33	6.21	6.43	7.35	7.43	7.54	6.81	9.16	6.72	6.34	5.29	5.96	6.55	6.43	6.48	7	6.74	7.05	8.87	5.86	6.88	6.72
GNG4	7.38	4.94	5.88	5.55	4.56	6.69	5.21	3.99	5.17	4.74	4.7	5.96	4.83	7.65	4.49	5.26	4.21	5.02	6.76	6.01	5.8	9.25	6.62	5.53	8.34	6.38	8.03	5.49	7.97	5.88	5.37	5.16	8.43	7.73	6.25	9.19	4.61	6.3	5.83	3.82	7.49	4.54	6.29	5.15	4.79	8.05	6.19	6.43	4.85	5.95	5.04	6.31	5.78	8.4	7.93	5.08
AMOTL1	7.6	8.21	7.3	6.87	7.5	7.34	6.32	5.27	8.93	6.67	6.07	7.76	7.49	6.64	6.51	7.77	7.77	8.59	6.16	7.54	5.83	6.42	6.17	6.83	6.92	5.49	6.13	6.25	5.97	5.16	5.9	6.07	6.14	5.36	6.41	6.08	6.29	6.84	6.86	5.32	5.64	8.63	5.94	6.11	5.71	6.03	6.69	6.41	5.99	7.7	7.39	7.1	7.8	6.09	7.3	7.61
TNC	9.55	7.31	7.68	6.9	8.83	9.27	8.87	7.24	10.98	8.68	8.57	9.53	9.33	8.45	8.14	6.33	10.38	8.36	5.8	9.37	4.1	8.09	6.88	7.49	9.71	8.21	7.98	6.78	7.68	6.02	7.58	6.94	8.66	6.29	8.23	8.91	9.52	7.44	9.47	5.4	8.2	10.48	7.7	7.37	6.12	8.07	8.7	8.71	5.51	7.66	7.21	7.63	10.44	7.98	8.46	7.09
PDE1A	4.21	6.12	5.58	3.82	6.62	4.36	5.4	4.09	7.21	5.33	5.2	5.24	5.06	4.05	3.99	5.32	5.26	6.67	4.32	5.15	4.19	3.95	3.38	5.02	4.15	4.03	4.02	3.78	4.05	3.23	3.4	4.29	3.65	3.85	4.28	3.6	4.01	6.04	5.13	4.54	3.88	6.27	3.89	4.69	3.61	4.15	4.19	4.3	4.67	5.46	5.74	5.34	5.8	4.12	4.73	5.36
ZBTB46	6.6	6.31	6.18	4.83	5.04	5.36	4.34	3.81	6.03	4.06	4.8	5.07	5.05	4.76	4.62	6.38	5.64	5.55	4.33	4.91	4.03	4.21	5.12	4.86	4.33	4.69	4.62	4.29	4.13	4.19	3.74	4.16	4.19	4.16	4.63	4.37	4.22	4.83	5.12	4.35	5.14	6.51	4.01	4.16	5.38	4.23	4.26	4.39	3.85	5.13	5.04	5.2	5.73	3.93	4.89	4.99
QPRT	8.96	8.18	8.79	5.2	7.9	7.07	7.38	6	7.12	7.85	8.13	7.02	8.15	9.48	8.04	8.33	7.11	7.95	8.01	7.53	8.39	7.73	8.22	8.07	8.35	8.2	8.41	9.6	8.97	8.37	8.4	8.79	9.8	7.89	8.94	8.13	9.19	8.71	8.41	8.97	9.55	6.85	8.46	8.38	5.58	10.13	7.83	7.67	8.27	7.76	7.41	7.94	7.98	7.1	8.86	8.25
MAOB	5.88	7.35	6.56	5.73	7.04	6.13	6.23	6.98	7.6	6.87	5.65	7.39	7.34	5.54	6.32	7.15	6.91	7.87	5.44	6.58	5.52	5.75	4.91	7	5.64	6	4.93	5.24	5.96	5.74	5.18	5.84	4.71	5.82	5.34	5.79	5.44	6.64	6.45	6.38	6.25	6.79	5.07	6.08	5.18	5.83	6.69	6.95	6.39	7.25	6.91	6.51	6.84	5.92	6.08	7.34
PRKCH	7.3	7.74	7.23	7.14	7.88	7.6	7	6.53	8.3	7.15	7.08	7.58	7.25	6.51	6.69	7.73	7.37	7.78	5.9	7.26	6.15	6.79	6.61	8.03	6.74	6.75	6.61	6.98	6.13	5.22	6.5	6.55	6.35	5.32	7.49	6.26	6.92	7.16	7.35	6.5	7.08	8	6.02	6.94	7.12	6.78	6.58	6.6	7.15	7.56	7.39	7.21	7.88	6.56	7.53	7.06
ACER3	7.98	8.97	8.65	7.4	8.2	8.3	7.5	7.74	8.62	8.68	8.36	8.3	8.79	7.41	8.78	8.77	8.41	8.75	8.15	8.33	8.59	7.47	6.87	7.74	7.27	7.56	8.46	7.69	7.47	7.34	7.66	7.74	6.21	7.74	7	7.38	7.42	8.51	8.95	7.17	8.24	8.66	7.44	8.69	7.07	8.15	7.61	7.43	8.43	8.29	8.04	8.35	7.86	7.54	7.5	8.64
FOXF1	8.56	8.23	8.18	7.41	8.47	8.87	8.32	6.42	9.02	8.06	8.28	8.41	8.23	7.7	7.93	8.46	7.25	8.51	6.92	8.03	7.4	7.36	6.81	7.84	8.68	6.79	8.02	7.4	8.2	6.87	7.63	7.68	8.3	6.58	8.22	7.51	7.67	8.47	8.7	7.08	8.13	8.49	7.31	7.72	7.54	7.66	7.59	7.54	7.02	8.27	8.45	8.23	7.96	7.16	8.76	8
PTGS1	8.58	7.85	7.24	6.06	6.96	7.83	7.17	6.46	7.43	6.69	6.6	7.06	7.19	6.73	6.76	7.42	7.1	7.69	5.87	6.79	6.48	6.52	6.89	7.44	6.8	7.21	6.23	5.94	6.4	5.73	6.06	6.26	6.47	7.16	7.03	6.71	7.16	6.38	7.14	6.6	8.1	7.62	6.35	6.47	5.81	7.24	6.57	6.71	6.3	6.71	6.51	6.32	7.84	5.95	6.88	7.31
FPR3	7.72	7.59	8.13	7.27	7.12	7.67	7.05	5.65	8.32	6.68	6	7.1	7.03	6.45	6.81	7.68	8.35	8.16	5.8	6.76	6.75	6.25	6.56	6.78	6.4	6.56	6.88	6.04	6.11	5.81	6.41	6.19	6.22	5.75	6.71	6.12	6.8	6.78	6.97	6.41	7.08	8.51	5.94	5.98	6.63	6.88	6.69	6.55	5.77	7.31	6.75	6.63	8.09	6.14	6.69	6.57
PRRX1	8.73	6.8	7.82	8.04	8.18	7.92	7.07	4.63	9.8	7.34	6.87	8.14	8.2	6.71	6.79	7.04	9.92	7.91	4.83	7.65	4.62	6.83	5.85	7.12	7.33	6.63	6.1	6.3	6.2	5.65	6.12	6.14	7.08	3.83	6.68	7.67	7.27	6.57	7.12	4.63	6.58	10.59	6.66	6.46	5.71	6.37	7.12	6.99	5.57	7.73	6.75	7.02	9.25	7.03	7.24	6.97
PAPPA	7.34	6.8	6.37	4.2	6.16	6.83	5.46	4.31	7.05	5.55	5.35	7.36	6.9	5.56	6.01	5.74	6.74	6.51	4.47	6.1	4.23	5.25	4.25	3.7	6.01	4.65	5.04	4.03	5.33	4.75	4.02	4.81	6.25	3.41	5.72	5.32	6.12	5.18	7.37	4.28	6.2	8.58	4.95	4.92	4.92	5.97	5.45	5.42	4.26	6.01	6.01	5.66	7.52	5.23	6.76	5.16
SFMBT2	5.42	5.88	5.35	5.26	5.72	5.8	4.82	3.65	6.4	5.45	5.16	5.58	5.31	4.73	4.81	5.63	5.29	5.88	4.18	5.31	4.71	4.41	4.19	5.17	4.71	4.84	4.34	3.9	4.31	3.43	4.39	4.38	4.01	3.66	4.56	5.74	4.97	5.51	5.82	4.3	5.54	6.38	4.44	5.23	5.11	4.47	4.66	4.56	4.87	5.49	5.56	5.42	5.47	5.16	4.94	5.22
DHRS9	10.43	10.61	9.98	8.06	8.96	9.75	8.95	8.36	8.71	9.94	9.76	8.43	8.43	6.68	9.62	8.91	8.61	9.39	8.53	10.18	9.71	7.23	7.32	8.48	8.24	10.75	8.97	6.74	9.12	8.37	8.59	8.65	6.39	8.12	8.76	8.8	7.94	8.24	10.5	5.96	6.7	9.85	6.71	9.66	9.03	9.71	8.65	8.66	7.19	8.09	7.92	8.38	9.43	6.36	6.93	8.86
HRASLS2	6.54	6.52	9.64	4.63	5.02	7.59	6.7	4.88	4.67	6.75	6.45	4.14	6.88	5.5	4.49	6.36	6.37	7.57	5.14	6.28	6.6	5.08	5.53	6.84	4.68	5.73	4.55	4.98	4.8	5.62	5.78	5.63	3.92	5.21	4.72	5.87	5.52	4.67	7.31	4.43	4.49	4.74	5.43	6.22	4.74	6.92	5.46	5.05	4.27	4.62	3.85	4.22	6.62	3.92	4.22	4.58
CLEC12A	4.67	4.41	3.87	4.41	4.16	4.67	4.5	3.65	8.06	4.47	3.87	4.11	4.58	3.86	4.02	4.01	4.96	4.51	4.08	4.15	3.83	3.39	3.69	3.88	4.28	4	3.91	3.95	3.58	3.66	3.77	4.04	4.24	3.62	3.84	4.13	4.57	3.96	3.8	3.96	4.03	4.4	3.45	4.17	4.01	3.8	3.84	3.93	4.08	3.9	4.19	4.53	5.97	3.99	4.95	4.04
ASRGL1	8.48	9.41	8.81	7.95	8.35	8.37	9.15	9.66	8.69	8.78	9.02	9.03	8.5	7.76	8.73	8.79	8.19	8.92	8.53	8.47	9.02	7.5	7.62	8.11	8.02	9.78	8.38	8.76	9.25	7.9	8.47	8.1	7.83	6.58	9.07	7.44	9.51	7.93	9.07	9.8	7.54	6.77	6.62	8.84	8.33	8	7.73	7.86	8.16	8.53	8.24	8.38	9.02	6.86	7.16	9.14
FAS	7.98	9.99	8.31	7.95	9.36	8.91	9.17	8.06	8.57	9.64	8.69	8.75	8.99	6.88	8.09	8.48	8.31	9.17	8.46	8.77	8.65	7.43	6.82	9	7.42	8.66	7.51	7.81	7.25	7.57	8.21	7.71	7.36	7.55	6.98	8.02	8.84	9	8.84	6.35	6.79	8.14	8.82	9.53	9.07	7.61	7.47	7.76	7.89	8.73	8.79	8.88	8.91	8.31	7.7	9.13
MFAP5	7.13	8.94	8.52	7.22	8.18	8.08	7.76	5.81	9.07	8	7.41	8.44	8.43	3.98	6.52	7.89	8.73	9.47	6.99	7.37	6.39	7.37	4.26	8.38	6.41	6.79	6.54	5.72	5.72	5.21	5.22	6.56	5.11	5.53	5.2	4.71	5.18	7.31	8.08	5.99	4.8	10.41	4.63	8	5.47	7.11	6.95	7.35	7.12	8.28	7.93	7.9	7.48	5.35	6.6	7.42
GABRE 	7.13	5.78	6.06	6.12	6.62	7.16	5.16	5.78	6.01	6.21	7.47	6.39	6.52	7.84	6.61	5.07	6.43	5.62	7.63	7.44	5.46	8.17	7.35	5.06	8.65	8.51	6.67	7.82	7.79	7.6	6.71	6.02	7.46	7.94	8.01	8.09	7.13	5.62	7.11	6.63	7.61	8.01	5.71	5.63	9.56	7.97	7.99	7.95	6.01	6.38	6.42	7.07	6.42	8.79	7.71	5.54
ISL1	4.6	6.83	6.91	4.68	6.09	6.08	6.46	5.4	8.57	7.2	6.78	6.96	6.67	4.39	5.25	7.14	5.56	7.47	4.99	5.51	6.49	5.13	4.56	6.76	4.56	4.23	5.27	4.29	4.68	4.31	5.23	6.26	4.31	4.28	5.35	4.13	3.92	7.23	6.56	4.6	4.99	4.86	3.97	6.23	7.2	4.59	5.24	5.49	6.48	6.96	7.07	6.47	5.44	4.8	5.69	7.44
LATS2	8.56	8.5	8.33	7.66	8.22	8.32	7.45	6.49	9.22	7.69	7.72	8.63	8.25	8.04	8.44	8.28	8.63	8.48	7.19	8.17	6.81	8.32	6.54	7.19	8.07	7.79	8.07	7.65	7.12	7.49	8.01	7.11	8.34	6.52	7.73	7.53	7.65	7.24	8.3	6.66	7.94	9.57	7.48	7.19	7.76	7.44	7.45	7.58	6.99	8.36	7.7	7.94	8.55	7.28	8.26	7.63
CD69	5.02	5.23	5.41	4.39	6.61	5.87	4.97	3.54	9.71	5.82	4.28	7.46	5.46	5.71	4.41	5.39	7.37	5.5	3.88	4.33	3.92	3.64	3.95	6.47	3.68	5.53	4.21	5.02	4.01	3.37	4.35	4.93	3.79	3.25	5.61	4.52	5.52	5.34	6.02	4.64	4.74	6.07	4.09	4.96	4.62	5.09	4.69	4.67	5.59	6.22	5.35	5.76	5.45	4.81	5.9	5.29
RP11-305O6.3	3.26	3.33	3.39	4.02	6.11	5.15	3.28	3.07	6.2	4.63	4.04	6.51	5.64	3.89	4.48	3.31	3.71	3.98	3.99	5.19	3.59	4.05	3.59	4.03	4.53	2.89	4.03	3.33	3.52	3.41	3.43	3.59	3.44	3.35	3.41	3.36	3.11	4.19	4.31	3.13	3.34	7	3.86	4.14	3.51	3.33	3.98	4	3.75	4.47	4.74	4.62	4.65	3.47	4.81	4.78
C3AR1	8.1	8.72	8.37	8.26	8.28	8.28	8.48	6.94	9.31	7.71	7.48	8.07	8.08	7.79	7.39	8.47	9.49	8.57	7.01	7.85	7.58	7.32	7.47	8.07	7.14	7	7.54	7.61	6.71	7.02	7.68	7.65	7.79	7.3	7.75	8.08	7.98	8.04	7.87	7.35	7.86	9.55	7.67	7.59	7.69	7.82	7.21	7.3	7.07	8.29	7.61	7.76	8.33	7.17	7.66	7.69
RUNX1T1	5.76	6.72	6.57	5.77	7	6.3	5.73	3.08	7.97	6.06	5.98	6.42	6.69	5.68	5.28	6.62	6.88	7.17	4.18	6.02	4.9	5.17	4.28	5.66	5.13	4.36	5.31	4.92	5.16	4.28	5.34	5.47	5.58	3.67	4.35	4.64	4.71	6.37	5.76	4.42	5.17	8.26	5.19	5.22	5.3	4.63	5.63	5.49	5.37	6.4	6.6	6.24	6.45	4.9	6.19	6.64
LY6G6D 	9.38	4.99	7.55	4.73	4.67	5.82	4.9	5.37	4.45	4.31	7.78	4.17	3.82	10.2	6.04	4.57	4.92	4.96	8.83	4.5	5.05	8.55	9.5	5.33	9.27	7.65	5.45	6.67	9.73	10.06	8.08	5.18	9.86	8.65	6.29	8.57	6.07	8.06	6.33	6.8	9.1	3.99	9.62	4.7	4.72	10.81	7.57	7.51	5.82	7.37	4.09	7.71	5.82	7.66	9.39	5.44
PCOLCE	9.17	8.51	8.57	9.3	9.96	8.67	9.23	6.9	10.39	8.4	8.42	8.63	9.3	8.76	7.95	8.51	9.86	8.71	7.3	8.77	7.35	8.41	8.63	8.78	8.76	7.79	8.07	8.62	8.64	7.96	8.41	8.46	8.76	7.93	8.89	9.32	8.43	7.87	8.17	6.86	8.03	10.53	8.36	7.79	7.06	7.99	7.97	8.08	7.42	8.37	8.25	7.99	10.32	7.58	8.5	8.16
TRIM36	5.75	6.86	6.78	5.5	6.17	6.42	6.36	5.72	5.68	6.76	6.68	6.52	6.7	5.13	5.85	6.84	5.96	7.15	6.08	6.2	6.25	4.12	4.65	5.83	5.68	5.16	5.38	4.12	3.99	4.48	4.79	6.05	3.85	4.32	4.35	5.26	5.65	6.99	7.4	5.91	6	6.21	4.51	6.62	6.62	5.55	5.76	5.86	5.52	6.33	6.66	6.65	6.14	5.36	4.22	7.03
PXDN	10.11	9.28	8.47	7.87	8.64	8.59	7.68	6.4	10.33	8.17	8.14	9.12	8.83	7.94	8.3	8.11	9.45	8.67	7.19	8.66	7.01	8.14	8.15	6.58	8.53	7.6	8.24	7.37	8.03	6.64	7.53	7.06	8.24	6.95	7.94	7.85	8.4	7.6	8.98	7.99	8.87	11.02	7.87	7.53	7.08	8.32	8.04	8.02	6.49	8.05	7.55	7.56	9.54	7.88	8.89	7.06
LINC00261	8.31	10.05	8.97	7	9.65	9.26	8.21	9.76	8.54	9.46	8.66	10.58	8.45	5.09	7.59	10.29	7.77	10.29	9.58	9.38	9.19	8.15	5.17	8.37	7.35	8.32	7.54	7.69	6.74	6.53	6.75	7.53	6.06	4.71	7.27	5.62	6.83	8.32	8.31	10.25	5.9	6.24	5.65	9.66	8.78	6.89	8.27	8.1	9.28	8.41	9.37	8.47	8.33	5.82	6.48	8.37
LPPR4	3.53	3.59	3.67	3.99	3.63	3.52	3.39	2.93	6.47	3.4	4.17	4.02	4.99	3.34	4.63	3.22	4.34	4.1	3.21	4.18	3.11	3.1	3.27	3.13	3.45	3.09	3.73	3.38	3.52	2.96	3.23	3.05	3.55	3.13	3.17	2.91	3.23	3.82	3.81	2.97	3.47	6.19	3.8	3.01	3.34	3.11	3.52	3.52	2.96	3.87	3.85	3.69	4.64	3.21	3.66	4.23
MBOAT2	8.57	8.41	8.6	7.82	7.86	8.05	7.84	8.23	8.45	8.05	8.25	8.66	7.96	8.11	7.79	8.37	8.13	8.47	7.9	8.2	8.38	8.24	7.21	8.11	6.93	7.41	6.48	7.21	6.97	7.88	7.08	7.06	6.36	8.02	7.16	8.46	7.2	8.01	7.81	8.87	7.93	8.51	7.33	8.43	9.15	7.73	8.15	8.25	8.6	8.27	7.95	7.72	8.12	6.07	7.85	7.85
AHNAK2	7.55	6.63	6.22	8.01	7.03	6.23	6.7	7.2	8.73	6.2	5.5	6.35	6.96	7.08	5.12	6.01	8.4	7.41	4.66	6.19	4.67	6.65	6.06	5.69	7.14	5.74	6.1	5.84	5.32	5.22	6.33	6.54	5.28	5.86	5.64	6.37	5.54	6.23	7.11	4.11	4.93	8.74	6.1	5.29	7.5	6.09	7.08	7.36	4.33	6.83	6.2	5.8	6.16	7.01	6.7	6.61
ST3GAL4	7.45	8.19	7.32	6.76	7.61	7.56	7.55	8.55	7.65	7.68	7.69	6.51	6.55	5.35	6.54	7.43	6.43	7.8	7.6	8.23	8.04	7.24	5.07	7.52	6.89	8.34	6.89	7.27	7.27	7.06	6.4	6.76	6.29	6.24	7.07	7	6.6	6.6	7.63	7.27	4.52	6.33	5.48	7.63	6.05	6.92	5.53	5.64	6.76	6.54	6.57	6.57	7.32	5.03	6.01	6.62
PLEK	7.32	7.45	7.53	7.46	7.3	7.71	7.33	6.77	10.49	7.37	7.12	7.18	7.18	9.86	7.21	7.67	9.27	6.89	8.15	8.18	6.84	7.55	7.16	7.88	7.15	7.4	6.72	6.55	7.21	6.92	6.4	7.47	7.41	6.83	6.75	6.7	7.33	6.06	6.92	6.19	6.96	9.22	6.79	6.72	6.58	6.58	6.93	7.13	6.55	7.51	6.74	6.86	8.89	6.87	7.67	6.71
SPINK5	10.01	11.85	11.26	6.95	10.17	10.41	10.1	8.7	6.42	11.27	11.01	9.9	9.68	4.96	9.74	10.05	7.82	11.33	10.77	10.1	11.06	8.05	6.78	10.29	8.61	10.81	8.68	6.25	8.15	8.44	7.5	8.71	5.79	6.96	7.4	7.05	9.11	9.85	10.67	6.32	4.6	6.51	5.84	10.96	7.87	9.93	7.99	8.16	6.56	9.86	9.2	9.25	9.08	5.14	5.93	9.66
MS4A6A	8.58	9.67	9.58	9.36	9.28	9.31	9.22	7.27	9.17	8.94	8.08	8.53	8.83	7.44	7.85	9.17	9.74	9.8	7.48	8.28	8.07	7.71	7.73	9.01	7.67	8.16	8.21	8.29	7.91	7.87	7.97	8.47	8.24	8.2	8.53	7.5	9.03	8.74	8.27	8.58	8.22	9.2	7.66	8.16	8.25	8.51	7.92	7.84	8.11	9.05	8.89	8.67	8.73	8.08	8.31	8.53
ID3	10.37	9.91	9.95	9.4	10.11	9.1	9.2	9.89	9.6	9.6	9.34	8.49	8.91	8.98	8.96	10.15	9.32	9.8	7.77	9.61	9.84	8.19	9.18	9.3	9.26	8.77	8.97	9.46	8.43	8.29	7.83	8.88	7.65	8.42	9.1	9.34	9.65	9.55	9.21	7.63	9.65	10.02	9.37	9.89	8.34	10.11	9.06	9.16	8.76	8.98	8.46	8.71	9.6	9.06	9.34	9.41
RPL29P7 	5.32	5.09	6.1	5.37	4.63	4.94	6.9	6.93	5.56	5.32	5.44	4.68	4.55	4.48	5.14	5.27	5.68	5.68	4.92	4.39	5.27	5.9	5.03	5.55	5.54	5.15	5.46	6.38	6.58	7.24	6.44	6.45	6.69	6.12	6	5.72	5.88	6.37	5.95	7.5	5.66	5.66	6.16	5.41	5.83	6.8	5.72	5.54	5.89	5	5.29	5.37	5.16	5.48	5.31	5.4
ZNF521	4.91	4.49	4.38	4.56	5.54	5.1	4.6	3.16	6.84	4.77	4.04	4.69	5.6	4.13	4.14	3.99	5.45	5.08	3.99	5.73	3.69	4.37	3.06	4.29	4.82	3.06	4.18	5.27	3.97	2.95	3.68	3.52	3.94	3.06	3.88	3.86	4.17	4.79	4.58	4.22	4.38	7.01	4.23	3.55	3.45	3.79	4.28	4.14	3.49	4.68	3.9	4.31	5.72	3.54	4.66	4.45
LTBP1	9.13	8.72	8.85	8.03	8.73	8.69	8.24	8.08	9.82	7.93	8.15	9.13	8.68	8.5	8.09	8.46	8.94	9.23	7.65	8.82	7.49	7.86	6.85	8.15	9.14	7.52	8.49	8.17	7.6	7.55	8.15	8.05	8.47	7.37	7.97	8.37	7.09	8.49	8.81	6.68	8.33	10.56	7.62	7.98	8.36	8.14	7.96	7.84	8.14	8.84	7.89	8.45	9.3	7.9	8.49	8
TRIM13	7.93	8.56	8.71	8.51	8.73	8.31	8.24	8.36	8.43	8.47	8.68	8.33	8.44	7.72	8.25	8.35	6.23	8.63	8.19	7.3	8.39	8.55	6.79	8.44	7.59	7.6	8.31	7.95	8.04	8.26	8.4	8.17	7.99	7.75	8.89	7.64	7.23	8.44	8.24	7.34	8.55	8.07	7.95	8.79	6.11	7.94	8.09	8.19	5.69	8.82	8.62	8.98	7.48	7.89	8.35	8.73
IL18BP	6.14	7.04	7.11	7.83	7.51	7.7	6.83	5.26	7.39	6.68	6.46	6.85	6.67	7.55	6.1	7.51	7	7.64	5.85	7.17	6.81	6.34	6.43	7.96	6.49	6.99	5.83	6.51	6.56	6.21	6.58	6.49	5.93	6.15	6.47	5.76	6.99	6.15	6.26	5.85	6	6.46	5.74	5.81	5.73	6.26	6.59	6.52	6.09	7.16	6.76	7.2	6.75	5.81	7.09	6.85
SOBP	6.25	6.7	6.32	6.39	6.24	6.02	6.14	4.7	8.29	6.12	5.4	6.27	6.35	5.3	5.87	6.62	6.13	6.88	4.84	5.84	4.99	5.1	4.5	5	5.71	4.68	6.35	7.68	5.72	4.4	5.75	5.62	5.65	4.44	5.73	5.34	5.51	6.48	6.64	5.36	5.52	7.65	4.45	5.11	5.72	4.84	5.16	5.02	5.55	5.96	6.23	5.89	6.62	5.12	6.11	6.45
HERC5	5.01	5.86	6.58	5.47	5.77	6.5	5.55	3.59	7.98	5.49	5.45	5.54	6.86	5.42	5.51	5.75	6.03	6.1	4.08	5.46	4.19	4.94	3.73	5.68	4.8	4.76	6.23	5.17	6	5.61	5.11	4.63	4.36	4.07	4.8	5.94	6.49	5.58	5.66	5.48	4.28	6.47	4.63	5.07	4.29	5.87	5.34	5.17	5.16	5.89	6.1	5.58	5.84	5.18	5.64	5.78
CCL8	5.96	7.25	6.34	6.38	6.22	6.95	6.62	4.94	8.95	6.04	5.31	6.72	7.7	6.19	5.15	6.27	9.29	7.27	4.43	6.43	5.26	6.67	4.71	4.33	4.54	5.14	4.94	3.86	4.24	5	4.95	4.64	6.2	4.15	3.84	5.88	8.11	5.82	5.91	5.52	4.29	10.01	5.37	5.88	4.63	4.44	6.91	7.01	5.81	6.15	5.56	5.92	7.11	4.22	5.92	5.53
RPS4XP3 	4.34	4.08	4.57	4.77	4.25	4.55	6.04	5.9	4.34	4.39	4.97	4.15	3.68	3.97	4.29	3.88	4.82	3.78	4.55	3.95	4.45	4.77	4.07	5.06	4.97	4.35	4.86	5.3	5.9	5.86	5.39	5.27	5.68	6.53	5.18	5.31	5.2	5.45	5.39	6.68	5.52	4.59	5.04	4.4	5.57	5.97	5.04	4.77	4.71	4.46	4.55	4.2	4.51	4.97	4.13	4.45
CFD	8.55	9.63	8.86	7.85	8.97	7.88	9.45	8.13	8.54	9.06	7.98	8.3	8.58	8.28	6.63	9.94	7.95	10.22	8.48	8.58	8.75	8.16	6.23	8.99	6.61	7.74	7.55	5.94	7.49	6.3	6.62	7.51	7.16	6.87	7.38	8.51	7.2	9.43	8.91	6.14	6.22	7.57	7.51	8.94	7.48	7.38	8.01	7.91	7.69	9.04	8.9	8.45	7.69	6.48	7.37	9.76
AC006026.13	4.74	6.03	4.37	3.52	5.3	5.19	5.22	4.48	4.4	3.82	4.82	5.29	5.58	3.63	4.9	6.05	5.22	5.67	4.38	4.42	5.15	6.07	4.32	4.67	5.43	4.31	5.23	5.11	5.14	4.36	5.6	3.78	4.74	4.2	5.51	5.38	4.31	6.25	5.69	7.04	5.28	4.54	4.67	4.23	5.83	3.81	5.16	5.63	7.29	4.95	5.85	5.88	5.8	5.61	5.78	6.12
MX2	6.75	6.86	7.4	7.97	6.87	8.35	6.85	6.27	9.9	6.83	6.62	7.21	8.7	8.01	6.51	6.71	8.14	6.79	6.57	6.85	5.52	6.68	5.82	7.29	6.31	6.57	7.63	6.76	7.2	7.11	7.86	6.44	6.56	6.09	6.67	8.15	7.28	6.16	6.69	6.76	7	8.57	5.85	5.95	6.13	6.65	7.87	7.72	6.51	7.21	6.85	6.87	8.24	6.95	7.67	7.17
IFI44L	5.26	4.67	7.97	8.36	5.96	8.67	5.33	3.69	7.97	6.38	6.57	5.22	9.09	5.55	4.58	5.31	7.17	5	5.14	6.73	3.88	5.98	4.32	6.78	4.43	4.95	8.25	6.53	5.64	7.15	7.62	4.97	5.01	4.09	4.52	8.72	6.26	4.79	5.68	4.78	3.56	6.96	4.22	4.34	4.06	5.12	6.13	6.23	4.63	5.53	6.01	4.78	4.67	5.63	5.75	5.64
SRGAP2B 	5.58	5.74	5.33	5.56	6.33	5.85	5.17	4.36	7.48	5.38	5.03	5.74	5.85	5.22	5.36	4.71	5.7	5.24	4.95	6.27	5.3	5.3	4.47	5.56	5.37	4.28	5.39	5.25	5.39	4.38	4.89	4.77	4.82	4.63	5.13	5.51	5.31	5.43	5.69	4.67	5.76	7.45	5.12	5.31	5.14	4.68	4.94	4.99	4.34	5.46	5.11	5.08	6.29	5.17	5.67	5.36
PIK3R5	6.17	6.28	5.73	5.6	6.09	5.92	5.73	4.88	8.47	5.23	5.29	5.64	5.88	6.04	5.19	6.09	6.47	6.2	4.52	5.55	4.96	4.76	5.44	5.58	5.42	5.47	4.99	5.17	5.24	5.07	4.69	5.15	4.89	5.42	5.72	5.33	5.82	5.3	5.75	4.71	5.68	7.18	4.81	5.37	5.47	5.36	5.4	5.3	5.27	5.91	5.78	5.8	7.01	5.68	5.85	5.37
BCAT1	6.01	6.03	5.78	6.74	7.67	5.65	6.51	3.57	9.5	6	5.33	6.38	7.66	5.39	6.16	5.68	8.25	6.14	2.93	6.54	4.03	5.93	4.48	5.01	5.36	4.43	5.17	4.05	5.32	4.06	4.84	4.29	5.57	4.53	4.72	6.26	6.34	5.36	5.42	4.44	5.05	9.53	6.31	5.09	3.9	4.93	6.24	6.46	3.91	6.8	5.08	6.25	8.95	5.4	6.7	5.25
RP3-428L16.2	6.08	4.98	4.3	4.18	6.79	4.36	5.13	3.16	7.97	4.69	3.81	5.47	5.71	4.81	4.65	3.93	6.1	4.31	3.49	4.79	3.34	4.44	3.29	3.64	4.05	3.43	4.35	4.38	4.19	3.87	3.94	3.44	5.17	2.62	4.2	5	4.47	4.5	5.26	5.07	4.67	6.66	4.97	3.37	3.98	4.32	4.98	5.51	4.17	5.84	3.49	5.29	7.15	3.67	5.17	4.11
LGALS1	12.02	11.24	11.36	11.42	11.57	11.15	11.85	9.89	12.82	11.1	11.04	11.47	11.47	11.09	10.8	10.75	12.33	11.45	9.51	11.22	10.01	10.9	10.72	10.89	11.42	10.65	10.81	10.76	10.9	10.43	10.64	10.7	11.12	10.6	11.18	11.19	11.82	11.21	11.25	10.92	10.78	12.91	10.72	10.45	10.98	11.16	10.82	10.81	9.55	11.3	10.48	10.72	12.49	10.51	11.39	10.96
KAZN	6.98	7.77	7.5	6.76	8	7.97	6.99	7.61	7.37	8.08	7.87	7.88	7.69	7.97	7.81	8	6.14	7.55	7.59	8.46	7.27	8.27	6.95	7.08	8.33	7.21	7.07	7.77	6.83	6.49	7.19	7.47	7.83	6.75	7.87	7.52	6.62	6.11	7.01	6.14	5.4	7.3	6.65	7.44	7.55	7.66	7.08	7.19	6.6	7.55	7.98	7.55	7.68	6.71	7.65	7.75
NEXN	6.31	6.92	6.23	5.68	6.8	6.46	5.45	4.2	8.97	6.78	5.65	6.83	6.58	4.45	5.57	6.59	7.46	8.03	4.82	6.83	4.87	5.04	3.92	5.84	5.56	4.81	4.83	5.02	5.7	4.01	5.32	5.43	5.93	4.38	5.48	4.79	5.69	6.2	6.8	4.37	5.04	7.8	5.42	5.67	4.74	5.52	5.49	5.46	4.41	6.51	6.04	6.22	6.28	5.04	5.59	6.15
NAV3	7	4.21	3.82	4.73	5.02	3.62	4.26	4.01	6.03	4.38	4.14	4.28	4.78	3.77	3.7	4.07	4.68	4.88	3.68	3.73	3.69	3.33	4.29	3.85	3.96	4.6	3.45	3.61	4.59	3.92	4.34	4.1	3.98	4.27	4.18	4.32	3.78	4.56	4.04	3.7	3.68	6.01	3.9	3.57	3.31	3.61	3.99	4.42	3.68	4.87	4.1	4.45	4.92	3.82	4.01	4.9
LOXL1	7.16	6.53	6.6	8.26	8.09	7.31	7.33	6.73	9.1	6.62	7.29	7.56	6.73	6.33	6.31	6.6	7.27	6.97	5.98	7.84	5.69	7.13	6.63	7.38	7.33	6.19	6.61	6.93	6.78	5.76	7.17	7.52	7.05	6.02	6.95	7.09	6.93	6.4	6.95	6.06	5.19	9.5	6.37	6.24	5.4	6.65	6.52	6.38	5.49	7.24	5.87	7.18	7.93	6.23	7.48	6.5
ITGA8	7.23	8.2	7.3	5.25	7.73	7.05	6.32	5.47	10.42	7.36	6.73	7.35	7.05	6.47	6.03	7.39	6.02	8.23	6.18	6.7	6.89	5.95	5.98	6.9	6.26	6.47	6.44	5.44	6.44	5.32	5.85	6.46	5.87	6.13	6.6	5.66	5.92	7.35	7.25	5.96	7.86	6.92	5.9	6.48	6.45	6.78	6.37	6.41	6.87	7.14	7.42	7.24	6.79	5.6	7.23	7.44
THBS2	8.82	7.16	7.91	9.87	9.24	7.3	8.23	4.26	11.14	6.88	7.4	8.41	9.3	8.37	7.06	5.73	10.03	6.86	4.43	9.07	4.3	8.13	5.23	5.39	7.76	4.99	6.81	7.84	8.38	6.45	7.22	6.1	8.5	6.04	6.9	8.93	7.09	6.64	7.13	5.57	6.53	12.02	8.99	5.86	5.06	6.07	8.54	8.56	4.83	8.78	4.49	7.98	9.27	6.91	8.95	5.6
TUBB6	8.71	8.25	8.29	8.33	8.68	8.65	8.96	6.84	9.99	8.38	8.16	9.08	8.57	7.87	7.83	7.65	9.34	8.76	6.94	8.84	6.72	8.2	7.49	8.36	8.46	7.98	7.72	7.64	8.07	6.59	7.57	7.79	8.47	7.4	8.73	8.24	8.61	7.58	8.51	7.4	7.54	9.99	7.93	7.66	7.24	8.21	7.87	8.13	6.86	8.32	7.76	7.84	9.4	7.56	8.8	8.22
CD86	6.56	6.74	7.2	7.24	6.71	7.56	7.01	5.35	8.86	6.01	5.84	7.03	6.71	6.29	6.41	6.32	8.24	6.96	5.24	6.3	5.74	5.75	5.87	6.7	5.9	6.49	5.86	6.1	6.07	6.14	6.04	6.31	6.05	6.11	6.7	5.92	7.21	6.24	6.71	6.53	6.49	7.89	5.93	5.57	5.96	6.64	6.39	6.4	5.6	6.64	6.2	6.51	8.07	6.04	6.72	6.05
EMB	8.71	8.58	8.02	8.01	8.23	8.8	7.88	7.77	8.12	8	8.37	8.72	7.82	6.38	7.4	8.58	7.26	7.69	7.5	7.43	8.38	7.87	7.37	9.03	6.03	8.41	7.22	7.37	6.2	5.98	8.18	6.98	5.69	5.32	7.94	6.2	7.12	7.99	8.16	7.59	7.67	7.93	7.54	8.35	8.98	6.96	7.7	7.62	7.75	8.43	8.21	8.28	7.63	7.17	8.63	7.94
IL17A	4.76	3.09	3.24	4.39	3.63	4.06	3.59	3.5	3.15	2.98	3.31	2.85	2.59	3.57	4.03	3.32	3.38	2.7	3.58	3.33	3.19	3.53	6.32	3.1	3.37	4.05	5.96	3.34	4.2	4.34	5.2	3.67	6.9	5.29	5.85	3.84	6.09	3.41	5.29	6.87	7.86	3.16	3.89	3.29	3.15	4.2	3.07	3.51	3.41	2.67	3.02	3.34	5.25	4.8	4.96	3.1
HBG1 	7.48	10.22	6.73	5.87	9.28	6.46	6.92	5.77	8.69	6.47	5.93	7.31	6.9	6.49	6.47	6.97	9.45	7.33	6.58	7.81	6.09	5.58	5.71	6.98	6.07	6.97	6.09	5.96	7.32	5.79	6.12	6.24	6.81	6.64	6.58	5.61	6.84	6.49	6.43	6.73	6.05	7.89	6.16	6.44	5.83	5.71	6.13	6.16	7.65	6.29	7.06	5.64	7.29	6.43	7	6.59
VASH1	7.35	7.4	6.99	6.64	7.53	6.74	5.95	5.26	7.04	6.28	6.44	6.43	7.16	6.86	6.04	7.09	7.83	7.19	6.12	6.87	5.74	6.26	6.34	6.31	5.98	5.92	5.96	6.15	5.61	5.46	5.3	6.02	5.84	5.36	5.99	5.92	6.34	6.03	6.17	5.76	5.96	7.82	6.08	5.55	6.03	6.38	6.33	6.31	5.87	6.96	6.66	6.94	7.42	6.48	7.4	6.47
PARM1	10.32	11.88	10.99	8.5	11.02	10.38	9.93	9.28	9.96	11.14	10.71	10.03	10.51	8.23	9.92	12.03	9.14	11.7	10.52	10.38	11.05	9.49	8.08	10.33	9.14	9.59	10.09	8.91	8.99	8.43	8.18	9.25	6.12	7.32	7.99	8.81	9.07	11.37	11.33	9.04	8.74	8.64	9.33	11.02	9.02	9.39	9.15	8.99	9.63	10.36	10.98	10.48	9.86	8.63	8.54	10.14
DENND2A	7.62	9.23	8.8	5.63	7.11	7.01	8.25	7.19	7.37	7.57	7.48	7.17	7.51	6.53	7.08	8.65	6.71	8.9	7.36	6.95	7.59	6.86	6.11	7.36	6.22	6.82	6.16	7.04	6.32	6.62	5.9	5.97	5.69	7.07	6.1	5.88	7.56	8.88	8.11	7.61	5.84	6.23	5.59	7.77	7.77	6.79	6.38	6.44	6.92	7.32	7.3	7.44	7.18	6.02	6.34	7.95
HDAC9	5.6	6.89	6.34	5.11	6.38	5.96	5.42	4.55	7.77	6.65	5.96	6.14	6.66	5.19	6.2	7.08	5.61	7.31	5.17	6.25	5.44	4.83	5.03	6.24	5.39	5.48	5.42	4.61	4.84	4.17	5.52	4.86	4.4	5.1	5.1	4.9	5.08	6.8	6.45	4.84	6.29	6.78	4.89	5.78	5.39	5.53	5.39	5.31	5.58	6.7	6.16	6.58	5.54	5.06	5.47	6.76
CYBB	8.37	8.88	8.83	7.12	6.81	8.26	6.45	5.19	9.62	7.44	6.32	7.1	7.45	6.77	6.87	9.04	9.68	8.98	5.98	6.7	6.51	6.1	6.06	6.93	5.38	5.71	7.2	5.91	5.69	4.81	5.7	5.89	5.5	5.53	5.36	5.47	6.31	8.08	8.03	7.65	8.29	9.63	6.35	6.52	6.3	6.3	6.33	6.23	6.53	7.63	7.3	7.1	7.43	6.69	6.76	6.29
TFF2	6.59	6.92	6.94	5.95	6.42	6.01	6.5	6.49	10.81	6.53	6.22	9.29	6.02	7.59	6.25	7.21	5.32	7.33	6.88	7.05	5.82	6.16	6.26	7.06	6.43	6.63	5.67	6.83	5.55	5.43	6.6	8.61	5.65	6.53	6.23	5.37	6.12	5.34	7.1	9.79	7.19	6.63	6.31	6.02	5.7	7.02	5.73	5.17	5.96	6.42	5.96	6.05	6.49	5.3	5.52	5.82
RAB31	9.48	8.76	9.3	9.21	9.08	8.91	8.95	6.42	10.95	8.39	8.19	8.66	9.02	8.4	7.94	8.5	10.7	9.28	6.68	9.21	7.13	8.03	7.19	7.96	8.41	7.74	8.01	7.93	8.17	7.19	7.74	7.38	8.72	6.55	8.18	9.06	8.78	7.73	8.43	7.37	8.22	11.71	8.28	7.94	7.32	8.19	8.37	8.47	6.62	8.38	7.81	8.15	9.97	7.79	8.67	7.67
IGFBP6	8.02	7.51	7.22	6.99	7.37	7.39	7.63	5.59	10.28	7.3	6.65	7.13	7.61	7.99	5.56	6.97	7.92	8.38	5.68	7.46	6.15	7.37	6.59	6.32	7	6.26	6.13	7.06	7.02	5.92	6.77	6.44	7.22	6.57	7.31	7.31	7.25	7.32	7.09	6.3	6.93	8.44	6.53	6.33	6.06	6.66	7.03	6.97	5.68	7.39	6.37	6.28	7.87	6.53	7.07	7.84
CREM	7.23	7.35	7.33	6.87	7	7.74	6.84	6.45	9.97	6.84	6.74	7.97	6.96	6.88	6.81	6.6	7.7	7.1	6.39	6.68	5.6	6.78	5.85	6.44	6.69	6.93	7.1	7.12	6.64	6.73	6.3	6.78	6.93	6.36	7.22	7.05	7.15	6.91	8.13	7.11	7.65	8.32	6.79	6.67	6.94	6.82	6.93	6.89	6.21	6.96	6.82	6.73	7.9	6.57	7.35	6.61
MMP2	9.8	10.05	9.01	10.61	11.65	9.8	10.36	7.43	10.66	9.87	9.76	10.21	10.59	9.89	9	9.66	10.59	10.16	8.56	10.71	8.4	9.98	9.02	9.23	10.39	9.15	8.83	9.71	9.94	8.3	9.44	9.15	10	8.17	9.88	10.16	9.45	8.37	8.26	7.16	8.08	10.92	9.83	9.01	8.58	8.97	9.9	9.89	8.35	10.24	9.19	9.54	11.03	9.02	10.38	8.94
ITGAM	5.7	6.34	5.99	6.05	6.14	5.86	6.38	4.58	8.84	5.71	5.13	6.67	6.73	5.97	5.26	6.27	7.49	6.39	4.5	5.46	5.03	4.6	4.19	6.48	5.13	4.64	5.24	4.43	4.55	4.19	5.11	5.64	5.72	4.77	4.45	5.39	5.53	5.69	5.65	5.37	5.19	8.29	4.66	5.44	4.97	4.99	5.84	5.65	5.64	6.85	6.23	6.02	7.74	5.7	5.68	6.2
IL10RA	6.95	7.86	7.18	7.5	8.34	8.15	7.24	5.32	8.79	7.14	6.66	7.32	7.05	6.99	6.43	7.87	7.36	7.99	6.2	7	6.66	6.41	6.3	8.08	6.48	7.62	6.76	6.29	6.68	5.77	6.41	7.05	5.77	6.3	6.89	6.09	7.17	7.16	7.61	6.44	7.33	7.83	5.84	6.56	6.46	6.76	6.43	6.69	6.72	7.46	7.03	7.23	7.6	6.81	7.24	7
TEK	6.43	5.88	6.09	4.67	6.88	6.15	5.62	4.04	7.64	5.93	5.84	6.36	6.27	5.38	5.46	5.71	6.11	6.9	5.27	6.74	4.7	5.88	4.1	5.34	5.42	5.4	5.27	4.57	5.5	3.52	4.56	4.24	4.73	4.52	5.27	4.58	5.79	5.59	5.82	4.75	5.92	7.06	5.09	5.31	5.01	5.37	5.35	5.6	4.9	6.41	5.73	5.94	7.25	4.63	6.23	6.17
SERPINI1	5.57	5.61	4.86	5.27	5.61	5.02	6.13	4.23	6.12	5.34	4.97	5.66	5.71	4.99	4.68	4.8	5.12	5.42	4.03	4.78	4.12	3.64	4.13	4.39	4.41	4.52	4.48	4.31	4.8	3.83	4.47	4.55	4.93	5.46	5.46	4.68	5.59	5.03	5.77	6.11	6.23	5.81	5.55	4.2	4.9	4.96	4.9	5.31	4.42	5.42	4.96	5.45	5.2	5.61	5.84	5.55
ARL10	5.48	5.48	5.29	5.42	5.51	4.98	4.95	4.1	7.25	5.48	5.04	5.48	5.77	5.38	5.8	4.87	5.58	5.77	4.29	4.69	3.81	4.97	3.33	4.93	5.28	4.78	4.3	5.11	4.99	4.52	4.58	4.59	5.46	4.86	4.71	4.95	4.71	5.42	4.92	5.95	4.49	6.92	4.26	4.5	4.82	4.79	5.68	5.41	4.94	5.71	5.59	5.49	6.06	5.39	5.77	5.44
