GeneSymbol	GSM3374350_response	GSM3374352_response	GSM3374356_response	GSM3374362_response	GSM3374366_response	GSM3374368_response	GSM3374369_response	GSM3374370_response	GSM3374386_response	GSM3374396_response	GSM3374401_response	GSM3374412_response	GSM3374413_response	GSM3374414_response	GSM3374415_response	GSM3374353_non	GSM3374354_non	GSM3374355_non	GSM3374357_non	GSM3374358_non	GSM3374359_non	GSM3374360_non	GSM3374361_non	GSM3374363_non	GSM3374364_non	GSM3374365_non	GSM3374367_non	GSM3374371_non	GSM3374372_non	GSM3374373_non	GSM3374374_non	GSM3374375_non	GSM3374376_non	GSM3374377_non	GSM3374378_non	GSM3374379_non	GSM3374380_non	GSM3374381_non	GSM3374382_non	GSM3374384_non	GSM3374387_non	GSM3374388_non	GSM3374392_non	GSM3374394_non	GSM3374398_non	GSM3374400_non	GSM3374402_non	GSM3374403_non	GSM3374404_non	GSM3374405_non	GSM3374406_non	GSM3374407_non	GSM3374408_non	GSM3374409_non	GSM3374410_non	GSM3374411_non
NEXN	1	1	1	1	1	1	1	1	1	1	1	1	1	1	1	1	1	1	1	1	1	1	1	1	1	1	1	1	1	1	1	1	1	1	1	1	1	1	1	1	1	1	1	1	1	1	1	1	1	1	1	1	1	1	1	1
CLEC12A	NA	NA	NA	NA	NA	NA	NA	NA	NA	NA	NA	NA	NA	NA	NA	NA	NA	NA	NA	NA	NA	NA	NA	NA	NA	NA	NA	NA	NA	NA	NA	NA	NA	NA	NA	NA	NA	NA	NA	NA	NA	NA	NA	NA	NA	NA	NA	NA	NA	NA	NA	NA	NA	NA	NA	NA
GAMT	NA	NA	NA	NA	NA	NA	NA	NA	NA	NA	NA	NA	NA	NA	NA	NA	NA	NA	NA	NA	NA	NA	NA	NA	NA	NA	NA	NA	NA	NA	NA	NA	NA	NA	NA	NA	NA	NA	NA	NA	NA	NA	NA	NA	NA	NA	NA	NA	NA	NA	NA	NA	NA	NA	NA	NA
KCNH8	55.9964132580334	63.1707392832421	65.6620867231917	34.7391562609253	64.8793656695849	51.1538779768269	59.6593140175777	44.3112626195104	62.984413475413	51.6083062808755	46.07265244969	61.351881877797	45.9277313683642	35.4134708306479	48.1355836032653	57.6316189564367	39.6467104859684	54.4237683630164	55.3698030413621	63.8474811044176	62.5279265701063	39.3674223953044	41.2142119778785	61.3083714539525	38.8127182997783	65.1726538625981	35.4375973060013	63.1099110508181	58.2343840568113	49.2652197145807	42.7723909212415	50.0408047889655	50.9142771509555	44.9757087383651	47.4269547793759	47.2375246534397	37.7414893002682	44.0296740600194	61.547972279824	44.8738981171976	38.0858127377408	45.6023189550364	43.1298918858663	57.8210490823729	47.8402897538143	50.9577875748	53.1664852242385	43.3915832615079	35.2743226854243	49.2720838377078	37.2480693420327	43.1770695484718	64.1416577337038	33.7802100121177	28.6685806578097	45.1332505639224
SIGLEC10	311.449877160761	311.449877160761	311.449877160761	311.449877160761	311.449877160761	311.449877160761	311.449877160761	311.449877160761	311.449877160761	311.449877160761	311.449877160761	311.449877160761	311.449877160761	311.449877160761	311.449877160761	311.449877160761	311.449877160761	311.449877160761	311.449877160761	311.449877160761	311.449877160761	311.449877160761	311.449877160761	311.449877160761	311.449877160761	311.449877160761	311.449877160761	311.449877160761	311.449877160761	311.449877160761	311.449877160761	311.449877160761	311.449877160761	311.449877160761	311.449877160761	311.449877160761	311.449877160761	311.449877160761	311.449877160761	311.449877160761	311.449877160761	311.449877160761	311.449877160761	311.449877160761	311.449877160761	311.449877160761	311.449877160761	311.449877160761	311.449877160761	311.449877160761	311.449877160761	311.449877160761	311.449877160761	311.449877160761	311.449877160761	311.449877160761
PTPRM	1	1	1	1	1	1	1	1	1	1	1	1	1	1	1	1	1	1	1	1	1	1	1	1	1	1	1	1	1	1	1	1	1	1	1	1	1	1	1	1	1	1	1	1	1	1	1	1	1	1	1	1	1	1	1	1
LOC284926	357.316126454691	313.308465365742	298.433679573102	243.08152776967	285.692089343553	292.736501369402	381.058296551263	403.395507830374	341.815392146799	383.403286437418	333.584907293318	368.847250884508	311.998563757542	270.769306238321	338.744117074871	296.535473447999	258.6558418813	292.585668143729	373.614764350748	272.199440817253	357.286582784216	235.944988770564	304.293438549124	331.550899983095	335.40199305627	312.043588413869	353.93984031326	356.081993928688	291.429864262234	316.604812409696	311.561423734426	367.017768874269	408.959045429987	334.569741049042	412.753457628929	415.556040906465	373.492176538812	422.99957310698	375.526183849035	367.133861608063	410.289362592204	361.454231274656	399.257403010409	310.295489045454	292.324355467563	262.841622004978	376.685135800897	425.344562993136	382.620613337727	334.743859245179	338.476750003716	334.677777925119	340.37495612882	260.744493045877	410.788527440225	383.756668702516
LINC00528	NA	NA	NA	NA	NA	NA	NA	NA	NA	NA	NA	NA	NA	NA	NA	NA	NA	NA	NA	NA	NA	NA	NA	NA	NA	NA	NA	NA	NA	NA	NA	NA	NA	NA	NA	NA	NA	NA	NA	NA	NA	NA	NA	NA	NA	NA	NA	NA	NA	NA	NA	NA	NA	NA	NA	NA
FAM201A	NA	NA	NA	NA	NA	NA	NA	NA	NA	NA	NA	NA	NA	NA	NA	NA	NA	NA	NA	NA	NA	NA	NA	NA	NA	NA	NA	NA	NA	NA	NA	NA	NA	NA	NA	NA	NA	NA	NA	NA	NA	NA	NA	NA	NA	NA	NA	NA	NA	NA	NA	NA	NA	NA	NA	NA
FAM111B	153.74234783704	153.74234783704	153.74234783704	153.74234783704	153.74234783704	153.74234783704	153.74234783704	153.74234783704	153.74234783704	153.74234783704	153.74234783704	153.74234783704	153.74234783704	153.74234783704	153.74234783704	153.74234783704	153.74234783704	153.74234783704	153.74234783704	153.74234783704	153.74234783704	153.74234783704	153.74234783704	153.74234783704	153.74234783704	153.74234783704	153.74234783704	153.74234783704	153.74234783704	153.74234783704	153.74234783704	153.74234783704	153.74234783704	153.74234783704	153.74234783704	153.74234783704	153.74234783704	153.74234783704	153.74234783704	153.74234783704	153.74234783704	153.74234783704	153.74234783704	153.74234783704	153.74234783704	153.74234783704	153.74234783704	153.74234783704	153.74234783704	153.74234783704	153.74234783704	153.74234783704	153.74234783704	153.74234783704	153.74234783704	153.74234783704
LOC283177	381.993178791262	381.993178791262	381.993178791262	381.993178791262	381.993178791262	381.993178791262	381.993178791262	381.993178791262	381.993178791262	381.993178791262	381.993178791262	381.993178791262	381.993178791262	381.993178791262	381.993178791262	381.993178791262	381.993178791262	381.993178791262	381.993178791262	381.993178791262	381.993178791262	381.993178791262	381.993178791262	381.993178791262	381.993178791262	381.993178791262	381.993178791262	381.993178791262	381.993178791262	381.993178791262	381.993178791262	381.993178791262	381.993178791262	381.993178791262	381.993178791262	381.993178791262	381.993178791262	381.993178791262	381.993178791262	381.993178791262	381.993178791262	381.993178791262	381.993178791262	381.993178791262	381.993178791262	381.993178791262	381.993178791262	381.993178791262	381.993178791262	381.993178791262	381.993178791262	381.993178791262	381.993178791262	381.993178791262	381.993178791262	381.993178791262
TRIM69	NA	NA	NA	NA	NA	NA	NA	NA	NA	NA	NA	NA	NA	NA	NA	NA	NA	NA	NA	NA	NA	NA	NA	NA	NA	NA	NA	NA	NA	NA	NA	NA	NA	NA	NA	NA	NA	NA	NA	NA	NA	NA	NA	NA	NA	NA	NA	NA	NA	NA	NA	NA	NA	NA	NA	NA
LOC728613	1651.06571219522	1651.06571219522	1651.06571219522	1651.06571219522	1651.06571219522	1651.06571219522	1651.06571219522	1651.06571219522	1651.06571219522	1651.06571219522	1651.06571219522	1651.06571219522	1651.06571219522	1651.06571219522	1651.06571219522	1651.06571219522	1651.06571219522	1651.06571219522	1651.06571219522	1651.06571219522	1651.06571219522	1651.06571219522	1651.06571219522	1651.06571219522	1651.06571219522	1651.06571219522	1651.06571219522	1651.06571219522	1651.06571219522	1651.06571219522	1651.06571219522	1651.06571219522	1651.06571219522	1651.06571219522	1651.06571219522	1651.06571219522	1651.06571219522	1651.06571219522	1651.06571219522	1651.06571219522	1651.06571219522	1651.06571219522	1651.06571219522	1651.06571219522	1651.06571219522	1651.06571219522	1651.06571219522	1651.06571219522	1651.06571219522	1651.06571219522	1651.06571219522	1651.06571219522	1651.06571219522	1651.06571219522	1651.06571219522	1651.06571219522
WARS	5016.32359711202	5016.32359711202	5016.32359711202	5016.32359711202	5016.32359711202	5016.32359711202	5016.32359711202	5016.32359711202	5016.32359711202	5016.32359711202	5016.32359711202	5016.32359711202	5016.32359711202	5016.32359711202	5016.32359711202	5016.32359711202	5016.32359711202	5016.32359711202	5016.32359711202	5016.32359711202	5016.32359711202	5016.32359711202	5016.32359711202	5016.32359711202	5016.32359711202	5016.32359711202	5016.32359711202	5016.32359711202	5016.32359711202	5016.32359711202	5016.32359711202	5016.32359711202	5016.32359711202	5016.32359711202	5016.32359711202	5016.32359711202	5016.32359711202	5016.32359711202	5016.32359711202	5016.32359711202	5016.32359711202	5016.32359711202	5016.32359711202	5016.32359711202	5016.32359711202	5016.32359711202	5016.32359711202	5016.32359711202	5016.32359711202	5016.32359711202	5016.32359711202	5016.32359711202	5016.32359711202	5016.32359711202	5016.32359711202	5016.32359711202
GSN	1	1	1	1	1	1	1	1	1	1	1	1	1	1	1	1	1	1	1	1	1	1	1	1	1	1	1	1	1	1	1	1	1	1	1	1	1	1	1	1	1	1	1	1	1	1	1	1	1	1	1	1	1	1	1	1
LAMC1	1	1	1	1	1	1	1	1	1	1	1	1	1	1	1	1	1	1	1	1	1	1	1	1	1	1	1	1	1	1	1	1	1	1	1	1	1	1	1	1	1	1	1	1	1	1	1	1	1	1	1	1	1	1	1	1
CKAP4	1	1	1	1	1	1	1	1	1	1	1	1	1	1	1	1	1	1	1	1	1	1	1	1	1	1	1	1	1	1	1	1	1	1	1	1	1	1	1	1	1	1	1	1	1	1	1	1	1	1	1	1	1	1	1	1
STOM	NA	NA	NA	NA	NA	NA	NA	NA	NA	NA	NA	NA	NA	NA	NA	NA	NA	NA	NA	NA	NA	NA	NA	NA	NA	NA	NA	NA	NA	NA	NA	NA	NA	NA	NA	NA	NA	NA	NA	NA	NA	NA	NA	NA	NA	NA	NA	NA	NA	NA	NA	NA	NA	NA	NA	NA
MMP2	1	1	1	1	1	1	1	1	1	1	1	1	1	1	1	1	1	1	1	1	1	1	1	1	1	1	1	1	1	1	1	1	1	1	1	1	1	1	1	1	1	1	1	1	1	1	1	1	1	1	1	1	1	1	1	1
LGALS1	1	1	1	1	1	1	1	1	1	1	1	1	1	1	1	1	1	1	1	1	1	1	1	1	1	1	1	1	1	1	1	1	1	1	1	1	1	1	1	1	1	1	1	1	1	1	1	1	1	1	1	1	1	1	1	1
GPNMB	NA	NA	NA	NA	NA	NA	NA	NA	NA	NA	NA	NA	NA	NA	NA	NA	NA	NA	NA	NA	NA	NA	NA	NA	NA	NA	NA	NA	NA	NA	NA	NA	NA	NA	NA	NA	NA	NA	NA	NA	NA	NA	NA	NA	NA	NA	NA	NA	NA	NA	NA	NA	NA	NA	NA	NA
NREP	NA	NA	NA	NA	NA	NA	NA	NA	NA	NA	NA	NA	NA	NA	NA	NA	NA	NA	NA	NA	NA	NA	NA	NA	NA	NA	NA	NA	NA	NA	NA	NA	NA	NA	NA	NA	NA	NA	NA	NA	NA	NA	NA	NA	NA	NA	NA	NA	NA	NA	NA	NA	NA	NA	NA	NA
EMP1	NA	NA	NA	NA	NA	NA	NA	NA	NA	NA	NA	NA	NA	NA	NA	NA	NA	NA	NA	NA	NA	NA	NA	NA	NA	NA	NA	NA	NA	NA	NA	NA	NA	NA	NA	NA	NA	NA	NA	NA	NA	NA	NA	NA	NA	NA	NA	NA	NA	NA	NA	NA	NA	NA	NA	NA
COL6A3	1	1	1	1	1	1	1	1	1	1	1	1	1	1	1	1	1	1	1	1	1	1	1	1	1	1	1	1	1	1	1	1	1	1	1	1	1	1	1	1	1	1	1	1	1	1	1	1	1	1	1	1	1	1	1	1
PRCP	1	1	1	1	1	1	1	1	1	1	1	1	1	1	1	1	1	1	1	1	1	1	1	1	1	1	1	1	1	1	1	1	1	1	1	1	1	1	1	1	1	1	1	1	1	1	1	1	1	1	1	1	1	1	1	1
PPP4R1	1	1	1	1	1	1	1	1	1	1	1	1	1	1	1	1	1	1	1	1	1	1	1	1	1	1	1	1	1	1	1	1	1	1	1	1	1	1	1	1	1	1	1	1	1	1	1	1	1	1	1	1	1	1	1	1
TNC	1	1	1	1	1	1	1	1	1	1	1	1	1	1	1	1	1	1	1	1	1	1	1	1	1	1	1	1	1	1	1	1	1	1	1	1	1	1	1	1	1	1	1	1	1	1	1	1	1	1	1	1	1	1	1	1
SGK1	1	1	1	1	1	1	1	1	1	1	1	1	1	1	1	1	1	1	1	1	1	1	1	1	1	1	1	1	1	1	1	1	1	1	1	1	1	1	1	1	1	1	1	1	1	1	1	1	1	1	1	1	1	1	1	1
CD14	1	1	1	1	1	1	1	1	1	1	1	1	1	1	1	1	1	1	1	1	1	1	1	1	1	1	1	1	1	1	1	1	1	1	1	1	1	1	1	1	1	1	1	1	1	1	1	1	1	1	1	1	1	1	1	1
SH3BP5	1	1	1	1	1	1	1	1	1	1	1	1	1	1	1	1	1	1	1	1	1	1	1	1	1	1	1	1	1	1	1	1	1	1	1	1	1	1	1	1	1	1	1	1	1	1	1	1	1	1	1	1	1	1	1	1
CTSL	1	1	1	1	1	1	1	1	1	1	1	1	1	1	1	1	1	1	1	1	1	1	1	1	1	1	1	1	1	1	1	1	1	1	1	1	1	1	1	1	1	1	1	1	1	1	1	1	1	1	1	1	1	1	1	1
ARL4C	NA	NA	NA	NA	NA	NA	NA	NA	NA	NA	NA	NA	NA	NA	NA	NA	NA	NA	NA	NA	NA	NA	NA	NA	NA	NA	NA	NA	NA	NA	NA	NA	NA	NA	NA	NA	NA	NA	NA	NA	NA	NA	NA	NA	NA	NA	NA	NA	NA	NA	NA	NA	NA	NA	NA	NA
COL1A2	1	1	1	1	1	1	1	1	1	1	1	1	1	1	1	1	1	1	1	1	1	1	1	1	1	1	1	1	1	1	1	1	1	1	1	1	1	1	1	1	1	1	1	1	1	1	1	1	1	1	1	1	1	1	1	1
PCOLCE	1	1	1	1	1	1	1	1	1	1	1	1	1	1	1	1	1	1	1	1	1	1	1	1	1	1	1	1	1	1	1	1	1	1	1	1	1	1	1	1	1	1	1	1	1	1	1	1	1	1	1	1	1	1	1	1
LTBP1	1	1	1	1	1	1	1	1	1	1	1	1	1	1	1	1	1	1	1	1	1	1	1	1	1	1	1	1	1	1	1	1	1	1	1	1	1	1	1	1	1	1	1	1	1	1	1	1	1	1	1	1	1	1	1	1
GBP2	2840.46809733464	1892.26640535683	3232.44629810106	2923.21017282504	2768.5361620676	4702.29722965973	2212.36749982053	1	4644.77025662197	2916.29053272058	950.861359024923	2293.99257008903	998.96887153476	1755.9421154367	1521.43498350127	1576.87660548838	2540.48190547487	2554.31405941354	2653.00351659338	1133.20811162758	2121.75797503076	2104.41316375338	1549.05130445644	1710.60339749341	494.435974641094	2113.58441638873	630.76026456122	1818.29898717042	1970.94015730545	1	2528.98414224971	934.323350697674	643.457257278264	2247.31140822807	1262.00987159926	1352.93519604045	3769.51497752633	3555.49871088464	1415.95146128022	4114.07922284479	1787.25746522674	4316.68346403648	1980.96046437705	154.44532048461	1185.53630312535	1261.63095340189	2711.77557139548	1654.78439192497	2260.47501233037	852.07827559312	1824.05346018056	1267.47800145411	3079.80512796603	1	1739.18605774041	449.097256697807
C1QB	NA	NA	NA	NA	NA	NA	NA	NA	NA	NA	NA	NA	NA	NA	NA	NA	NA	NA	NA	NA	NA	NA	NA	NA	NA	NA	NA	NA	NA	NA	NA	NA	NA	NA	NA	NA	NA	NA	NA	NA	NA	NA	NA	NA	NA	NA	NA	NA	NA	NA	NA	NA	NA	NA	NA	NA
THBS2	1	1	1	1	1	1	1	1	1	1	1	1	1	1	1	1	1	1	1	1	1	1	1	1	1	1	1	1	1	1	1	1	1	1	1	1	1	1	1	1	1	1	1	1	1	1	1	1	1	1	1	1	1	1	1	1
IFIT1	NA	NA	NA	NA	NA	NA	NA	NA	NA	NA	NA	NA	NA	NA	NA	NA	NA	NA	NA	NA	NA	NA	NA	NA	NA	NA	NA	NA	NA	NA	NA	NA	NA	NA	NA	NA	NA	NA	NA	NA	NA	NA	NA	NA	NA	NA	NA	NA	NA	NA	NA	NA	NA	NA	NA	NA
UPP1	1	1	1	1	1	1	1	1	1	1	1	1	1	1	1	1	1	1	1	1	1	1	1	1	1	1	1	1	1	1	1	1	1	1	1	1	1	1	1	1	1	1	1	1	1	1	1	1	1	1	1	1	1	1	1	1
PLEK	1	1	1	1	1	1	1	1	1	1	1	1	1	1	1	1	1	1	1	1	1	1	1	1	1	1	1	1	1	1	1	1	1	1	1	1	1	1	1	1	1	1	1	1	1	1	1	1	1	1	1	1	1	1	1	1
LOXL1	NA	NA	NA	NA	NA	NA	NA	NA	NA	NA	NA	NA	NA	NA	NA	NA	NA	NA	NA	NA	NA	NA	NA	NA	NA	NA	NA	NA	NA	NA	NA	NA	NA	NA	NA	NA	NA	NA	NA	NA	NA	NA	NA	NA	NA	NA	NA	NA	NA	NA	NA	NA	NA	NA	NA	NA
IFIT5	NA	NA	NA	NA	NA	NA	NA	NA	NA	NA	NA	NA	NA	NA	NA	NA	NA	NA	NA	NA	NA	NA	NA	NA	NA	NA	NA	NA	NA	NA	NA	NA	NA	NA	NA	NA	NA	NA	NA	NA	NA	NA	NA	NA	NA	NA	NA	NA	NA	NA	NA	NA	NA	NA	NA	NA
HMOX1	1	1	1	1	1	1	1	1	1	1	1	1	1	1	1	1	1	1	1	1	1	1	1	1	1	1	1	1	1	1	1	1	1	1	1	1	1	1	1	1	1	1	1	1	1	1	1	1	1	1	1	1	1	1	1	1
PRKAR2B	1	1	1	1	1	1	1	1	1	1	1	1	1	1	1	1	1	1	1	1	1	1	1	1	1	1	1	1	1	1	1	1	1	1	1	1	1	1	1	1	1	1	1	1	1	1	1	1	1	1	1	1	1	1	1	1
ST3GAL4	1	1	1	1	1	1	1	1	1	1	1	1	1	1	1	1	1	1	1	1	1	1	1	1	1	1	1	1	1	1	1	1	1	1	1	1	1	1	1	1	1	1	1	1	1	1	1	1	1	1	1	1	1	1	1	1
IGFBP6	1	1	1	1	1	1	1	1	1	1	1	1	1	1	1	1	1	1	1	1	1	1	1	1	1	1	1	1	1	1	1	1	1	1	1	1	1	1	1	1	1	1	1	1	1	1	1	1	1	1	1	1	1	1	1	1
CYBB	1	1	1	1	1	1	1	1	1	1	1	1	1	1	1	1	1	1	1	1	1	1	1	1	1	1	1	1	1	1	1	1	1	1	1	1	1	1	1	1	1	1	1	1	1	1	1	1	1	1	1	1	1	1	1	1
VASH1	1	1	1	1	1	1	1	1	1	1	1	1	1	1	1	1	1	1	1	1	1	1	1	1	1	1	1	1	1	1	1	1	1	1	1	1	1	1	1	1	1	1	1	1	1	1	1	1	1	1	1	1	1	1	1	1
KDELR3	1	1	1	1	1	1	1	1	1	1	1	1	1	1	1	1	1	1	1	1	1	1	1	1	1	1	1	1	1	1	1	1	1	1	1	1	1	1	1	1	1	1	1	1	1	1	1	1	1	1	1	1	1	1	1	1
MAOB	1	1	1	1	1	1	1	1	1	1	1	1	1	1	1	1	1	1	1	1	1	1	1	1	1	1	1	1	1	1	1	1	1	1	1	1	1	1	1	1	1	1	1	1	1	1	1	1	1	1	1	1	1	1	1	1
QPRT	1257.62817230826	627.855650107563	1196.56919542058	149.176216330726	242.329597458106	165.710132229301	243.872698838282	236.733444013305	189.228716839021	203.101781866139	492.863041039403	179.604392592299	673.76493603118	1453.79555433571	446.948817138171	1020.14348918572	206.299646531071	260.341646318239	375.282062509006	140.887404446025	1026.47756253437	180.33732819784	990.808651677314	534.74089289467	983.361224572751	878.291136485738	1041.51613307918	1776.15904160369	1247.77963348355	996.450674975834	1033.09843602339	1102.81546644496	1785.01242236835	199.042312952453	1289.4226372649	569.593105514339	1485.81057989633	1064.04051961035	1045.57560199287	1402.11737858182	1710.2592120515	159.125763389967	1084.80341758483	1022.81114832457	268.762757043859	1834.12385658418	190.624615896662	153.976854849108	1086.34651896501	184.003742407642	177.669669058995	221.566699483627	354.095375293858	159.681960891686	1217.75588263573	982.591102749922
CCL4	NA	NA	NA	NA	NA	NA	NA	NA	NA	NA	NA	NA	NA	NA	NA	NA	NA	NA	NA	NA	NA	NA	NA	NA	NA	NA	NA	NA	NA	NA	NA	NA	NA	NA	NA	NA	NA	NA	NA	NA	NA	NA	NA	NA	NA	NA	NA	NA	NA	NA	NA	NA	NA	NA	NA	NA
TYROBP	1	1	1	1	1	1	1	1	1	1	1	1	1	1	1	1	1	1	1	1	1	1	1	1	1	1	1	1	1	1	1	1	1	1	1	1	1	1	1	1	1	1	1	1	1	1	1	1	1	1	1	1	1	1	1	1
COL7A1	1	1	1	1	1	1	1	1	1	1	1	1	1	1	1	1	1	1	1	1	1	1	1	1	1	1	1	1	1	1	1	1	1	1	1	1	1	1	1	1	1	1	1	1	1	1	1	1	1	1	1	1	1	1	1	1
GCH1	1	1	1	1	1	1	1	1	1	1	1	1	1	1	1	1	1	1	1	1	1	1	1	1	1	1	1	1	1	1	1	1	1	1	1	1	1	1	1	1	1	1	1	1	1	1	1	1	1	1	1	1	1	1	1	1
FCER1G	1	1	1	1	1	1	1	1	1	1	1	1	1	1	1	1	1	1	1	1	1	1	1	1	1	1	1	1	1	1	1	1	1	1	1	1	1	1	1	1	1	1	1	1	1	1	1	1	1	1	1	1	1	1	1	1
COL16A1	1	1	1	1	1	1	1	1	1	1	1	1	1	1	1	1	1	1	1	1	1	1	1	1	1	1	1	1	1	1	1	1	1	1	1	1	1	1	1	1	1	1	1	1	1	1	1	1	1	1	1	1	1	1	1	1
IFI44L	662.525349157137	662.525349157137	662.525349157137	662.525349157137	662.525349157137	662.525349157137	662.525349157137	662.525349157137	662.525349157137	662.525349157137	662.525349157137	662.525349157137	662.525349157137	662.525349157137	662.525349157137	662.525349157137	662.525349157137	662.525349157137	662.525349157137	662.525349157137	662.525349157137	662.525349157137	662.525349157137	662.525349157137	662.525349157137	662.525349157137	662.525349157137	662.525349157137	662.525349157137	662.525349157137	662.525349157137	662.525349157137	662.525349157137	662.525349157137	662.525349157137	662.525349157137	662.525349157137	662.525349157137	662.525349157137	662.525349157137	662.525349157137	662.525349157137	662.525349157137	662.525349157137	662.525349157137	662.525349157137	662.525349157137	662.525349157137	662.525349157137	662.525349157137	662.525349157137	662.525349157137	662.525349157137	662.525349157137	662.525349157137	662.525349157137
TIE1	1	1	1	1	1	1	1	1	1	1	1	1	1	1	1	1	1	1	1	1	1	1	1	1	1	1	1	1	1	1	1	1	1	1	1	1	1	1	1	1	1	1	1	1	1	1	1	1	1	1	1	1	1	1	1	1
EVPL	299.754608450815	299.754608450815	299.754608450815	299.754608450815	299.754608450815	299.754608450815	299.754608450815	299.754608450815	299.754608450815	299.754608450815	299.754608450815	299.754608450815	299.754608450815	299.754608450815	299.754608450815	299.754608450815	299.754608450815	299.754608450815	299.754608450815	299.754608450815	299.754608450815	299.754608450815	299.754608450815	299.754608450815	299.754608450815	299.754608450815	299.754608450815	299.754608450815	299.754608450815	299.754608450815	299.754608450815	299.754608450815	299.754608450815	299.754608450815	299.754608450815	299.754608450815	299.754608450815	299.754608450815	299.754608450815	299.754608450815	299.754608450815	299.754608450815	299.754608450815	299.754608450815	299.754608450815	299.754608450815	299.754608450815	299.754608450815	299.754608450815	299.754608450815	299.754608450815	299.754608450815	299.754608450815	299.754608450815	299.754608450815	299.754608450815
ISG20	NA	NA	NA	NA	NA	NA	NA	NA	NA	NA	NA	NA	NA	NA	NA	NA	NA	NA	NA	NA	NA	NA	NA	NA	NA	NA	NA	NA	NA	NA	NA	NA	NA	NA	NA	NA	NA	NA	NA	NA	NA	NA	NA	NA	NA	NA	NA	NA	NA	NA	NA	NA	NA	NA	NA	NA
RIMS3	1	1	1	1	1	1	1	1	1	1	1	1	1	1	1	1	1	1	1	1	1	1	1	1	1	1	1	1	1	1	1	1	1	1	1	1	1	1	1	1	1	1	1	1	1	1	1	1	1	1	1	1	1	1	1	1
FAS	1	1	1	1	1	1	1	1	1	1	1	1	1	1	1	1	1	1	1	1	1	1	1	1	1	1	1	1	1	1	1	1	1	1	1	1	1	1	1	1	1	1	1	1	1	1	1	1	1	1	1	1	1	1	1	1
EML1	1	1	1	1	1	1	1	1	1	1	1	1	1	1	1	1	1	1	1	1	1	1	1	1	1	1	1	1	1	1	1	1	1	1	1	1	1	1	1	1	1	1	1	1	1	1	1	1	1	1	1	1	1	1	1	1
NAV3	1	1	1	1	1	1	1	1	1	1	1	1	1	1	1	1	1	1	1	1	1	1	1	1	1	1	1	1	1	1	1	1	1	1	1	1	1	1	1	1	1	1	1	1	1	1	1	1	1	1	1	1	1	1	1	1
IL10RA	NA	NA	NA	NA	NA	NA	NA	NA	NA	NA	NA	NA	NA	NA	NA	NA	NA	NA	NA	NA	NA	NA	NA	NA	NA	NA	NA	NA	NA	NA	NA	NA	NA	NA	NA	NA	NA	NA	NA	NA	NA	NA	NA	NA	NA	NA	NA	NA	NA	NA	NA	NA	NA	NA	NA	NA
VAMP5	NA	NA	NA	NA	NA	NA	NA	NA	NA	NA	NA	NA	NA	NA	NA	NA	NA	NA	NA	NA	NA	NA	NA	NA	NA	NA	NA	NA	NA	NA	NA	NA	NA	NA	NA	NA	NA	NA	NA	NA	NA	NA	NA	NA	NA	NA	NA	NA	NA	NA	NA	NA	NA	NA	NA	NA
OAS2	2439.58611636674	2389.62139535628	2486.66459814442	2642.85286005123	2305.5572591358	2648.52119228845	2446.32136366825	2042.63684117318	2459.14280099896	2238.77025097201	2460.26216895875	2101.17958363204	2659.47889580162	2426.95596177694	2041.73011500465	2413.09067574502	2583.33402967971	2136.02999649956	2360.34520247444	2428.90849440568	2004.52613886366	2394.75667327418	2103.13211626078	2439.74975502831	2040.23715656676	2405.3538326491	2540.28049337988	2160.14599047999	2260.17252040951	2461.80637464446	2546.32429761561	2058.22186989608	2040.97980558665	2106.07281712929	2087.31429760012	2586.9229855219	2474.74381555992	1996.96843599865	2134.48579081385	2168.44592286454	2015.19076749995	2113.97337688341	2008.14698906363	2041.37908775745	2068.98029512928	2120.54498552335	2431.84919527419	2435.79546187815	2079.5774545042	2133.36642285406	2302.31933054081	2113.80973822184	2110.01908373325	2366.75618373155	2394.95595155415	2063.84501721138
MX2	NA	NA	NA	NA	NA	NA	NA	NA	NA	NA	NA	NA	NA	NA	NA	NA	NA	NA	NA	NA	NA	NA	NA	NA	NA	NA	NA	NA	NA	NA	NA	NA	NA	NA	NA	NA	NA	NA	NA	NA	NA	NA	NA	NA	NA	NA	NA	NA	NA	NA	NA	NA	NA	NA	NA	NA
TFF1	NA	NA	NA	NA	NA	NA	NA	NA	NA	NA	NA	NA	NA	NA	NA	NA	NA	NA	NA	NA	NA	NA	NA	NA	NA	NA	NA	NA	NA	NA	NA	NA	NA	NA	NA	NA	NA	NA	NA	NA	NA	NA	NA	NA	NA	NA	NA	NA	NA	NA	NA	NA	NA	NA	NA	NA
FGFBP1	1	1	1	1	1	1	1	1	1	1	1	1	1	1	1	1	1	1	1	1	1	1	1	1	1	1	1	1	1	1	1	1	1	1	1	1	1	1	1	1	1	1	1	1	1	1	1	1	1	1	1	1	1	1	1	1
KIT	1	1	1	1	1	1	1	1	1	1	1	1	1	1	1	1	1	1	1	1	1	1	1	1	1	1	1	1	1	1	1	1	1	1	1	1	1	1	1	1	1	1	1	1	1	1	1	1	1	1	1	1	1	1	1	1
CCR1	1	1	1	1	1	1	1	1	1	1	1	1	1	1	1	1	1	1	1	1	1	1	1	1	1	1	1	1	1	1	1	1	1	1	1	1	1	1	1	1	1	1	1	1	1	1	1	1	1	1	1	1	1	1	1	1
PTGS1	NA	NA	NA	NA	NA	NA	NA	NA	NA	NA	NA	NA	NA	NA	NA	NA	NA	NA	NA	NA	NA	NA	NA	NA	NA	NA	NA	NA	NA	NA	NA	NA	NA	NA	NA	NA	NA	NA	NA	NA	NA	NA	NA	NA	NA	NA	NA	NA	NA	NA	NA	NA	NA	NA	NA	NA
GNG4	NA	NA	NA	NA	NA	NA	NA	NA	NA	NA	NA	NA	NA	NA	NA	NA	NA	NA	NA	NA	NA	NA	NA	NA	NA	NA	NA	NA	NA	NA	NA	NA	NA	NA	NA	NA	NA	NA	NA	NA	NA	NA	NA	NA	NA	NA	NA	NA	NA	NA	NA	NA	NA	NA	NA	NA
SPINK5	1	1	1	1	1	1	1	1	1	1	1	1	1	1	1	1	1	1	1	1	1	1	1	1	1	1	1	1	1	1	1	1	1	1	1	1	1	1	1	1	1	1	1	1	1	1	1	1	1	1	1	1	1	1	1	1
PDGFRL	1	1	1	1	1	1	1	1	1	1	1	1	1	1	1	1	1	1	1	1	1	1	1	1	1	1	1	1	1	1	1	1	1	1	1	1	1	1	1	1	1	1	1	1	1	1	1	1	1	1	1	1	1	1	1	1
KCNJ8	1	1	1	1	1	1	1	1	1	1	1	1	1	1	1	1	1	1	1	1	1	1	1	1	1	1	1	1	1	1	1	1	1	1	1	1	1	1	1	1	1	1	1	1	1	1	1	1	1	1	1	1	1	1	1	1
SERPINI1	69.7359100012708	69.7359100012708	69.7359100012708	69.7359100012708	69.7359100012708	69.7359100012708	69.7359100012708	69.7359100012708	69.7359100012708	69.7359100012708	69.7359100012708	69.7359100012708	69.7359100012708	69.7359100012708	69.7359100012708	69.7359100012708	69.7359100012708	69.7359100012708	69.7359100012708	69.7359100012708	69.7359100012708	69.7359100012708	69.7359100012708	69.7359100012708	69.7359100012708	69.7359100012708	69.7359100012708	69.7359100012708	69.7359100012708	69.7359100012708	69.7359100012708	69.7359100012708	69.7359100012708	69.7359100012708	69.7359100012708	69.7359100012708	69.7359100012708	69.7359100012708	69.7359100012708	69.7359100012708	69.7359100012708	69.7359100012708	69.7359100012708	69.7359100012708	69.7359100012708	69.7359100012708	69.7359100012708	69.7359100012708	69.7359100012708	69.7359100012708	69.7359100012708	69.7359100012708	69.7359100012708	69.7359100012708	69.7359100012708	69.7359100012708
PLAG1	31.4968323935504	23.9171461821861	63.9101344506938	18.1216498196922	221.917020483738	197.335415101585	29.2864203187894	62.6013171546242	223.017658776056	61.2477600522584	77.5006839069452	97.1614732028596	178.663121250092	46.195160509188	61.5006788623068	45.5861918690143	18.2467796286609	73.4877892587107	25.4294307204691	21.5408294423651	69.3024638015662	32.695508322932	21.3971865726055	25.4282331357383	185.84457475717	27.1004866903549	178.537991441123	57.3622787246874	315.945042679725	240.527887083601	181.957171063796	281.477903317447	352.329515636413	31.2549052269934	267.238957667253	224.326476072125	16.195355329296	206.002533490446	106.945085256685	233.080097410373	364.789408660732	202.772946784187	17.38035595422	75.7151997589743	42.3566051627558	229.718805422998	233.904130880142	147.949014846929	205.412826201238	221.906028840247	237.917025528377	181.813528194037	106.822616045822	36.919073480154	259.788226899052	198.30566536622
LRRC17	1	1	1	1	1	1	1	1	1	1	1	1	1	1	1	1	1	1	1	1	1	1	1	1	1	1	1	1	1	1	1	1	1	1	1	1	1	1	1	1	1	1	1	1	1	1	1	1	1	1	1	1	1	1	1	1
CFD	1	1	1	1	1	1	1	1	1	1	1	1	1	1	1	1	1	1	1	1	1	1	1	1	1	1	1	1	1	1	1	1	1	1	1	1	1	1	1	1	1	1	1	1	1	1	1	1	1	1	1	1	1	1	1	1
ISG15	3609.5027520478	3609.5027520478	3609.5027520478	3609.5027520478	3609.5027520478	3609.5027520478	3609.5027520478	3609.5027520478	3609.5027520478	3609.5027520478	3609.5027520478	3609.5027520478	3609.5027520478	3609.5027520478	3609.5027520478	3609.5027520478	3609.5027520478	3609.5027520478	3609.5027520478	3609.5027520478	3609.5027520478	3609.5027520478	3609.5027520478	3609.5027520478	3609.5027520478	3609.5027520478	3609.5027520478	3609.5027520478	3609.5027520478	3609.5027520478	3609.5027520478	3609.5027520478	3609.5027520478	3609.5027520478	3609.5027520478	3609.5027520478	3609.5027520478	3609.5027520478	3609.5027520478	3609.5027520478	3609.5027520478	3609.5027520478	3609.5027520478	3609.5027520478	3609.5027520478	3609.5027520478	3609.5027520478	3609.5027520478	3609.5027520478	3609.5027520478	3609.5027520478	3609.5027520478	3609.5027520478	3609.5027520478	3609.5027520478	3609.5027520478
MEOX1	1	1	1	1	1	1	1	1	1	1	1	1	1	1	1	1	1	1	1	1	1	1	1	1	1	1	1	1	1	1	1	1	1	1	1	1	1	1	1	1	1	1	1	1	1	1	1	1	1	1	1	1	1	1	1	1
PCDH17	1	1	1	1	1	1	1	1	1	1	1	1	1	1	1	1	1	1	1	1	1	1	1	1	1	1	1	1	1	1	1	1	1	1	1	1	1	1	1	1	1	1	1	1	1	1	1	1	1	1	1	1	1	1	1	1
HDAC9	1	1	1	1	1	1	1	1	1	1	1	1	1	1	1	1	1	1	1	1	1	1	1	1	1	1	1	1	1	1	1	1	1	1	1	1	1	1	1	1	1	1	1	1	1	1	1	1	1	1	1	1	1	1	1	1
OASL	NA	NA	NA	NA	NA	NA	NA	NA	NA	NA	NA	NA	NA	NA	NA	NA	NA	NA	NA	NA	NA	NA	NA	NA	NA	NA	NA	NA	NA	NA	NA	NA	NA	NA	NA	NA	NA	NA	NA	NA	NA	NA	NA	NA	NA	NA	NA	NA	NA	NA	NA	NA	NA	NA	NA	NA
FMO1	NA	NA	NA	NA	NA	NA	NA	NA	NA	NA	NA	NA	NA	NA	NA	NA	NA	NA	NA	NA	NA	NA	NA	NA	NA	NA	NA	NA	NA	NA	NA	NA	NA	NA	NA	NA	NA	NA	NA	NA	NA	NA	NA	NA	NA	NA	NA	NA	NA	NA	NA	NA	NA	NA	NA	NA
ITGAM	1	1	1	1	1	1	1	1	1	1	1	1	1	1	1	1	1	1	1	1	1	1	1	1	1	1	1	1	1	1	1	1	1	1	1	1	1	1	1	1	1	1	1	1	1	1	1	1	1	1	1	1	1	1	1	1
GAS2	253.933683867673	253.933683867673	253.933683867673	253.933683867673	253.933683867673	253.933683867673	253.933683867673	253.933683867673	253.933683867673	253.933683867673	253.933683867673	253.933683867673	253.933683867673	253.933683867673	253.933683867673	253.933683867673	253.933683867673	253.933683867673	253.933683867673	253.933683867673	253.933683867673	253.933683867673	253.933683867673	253.933683867673	253.933683867673	253.933683867673	253.933683867673	253.933683867673	253.933683867673	253.933683867673	253.933683867673	253.933683867673	253.933683867673	253.933683867673	253.933683867673	253.933683867673	253.933683867673	253.933683867673	253.933683867673	253.933683867673	253.933683867673	253.933683867673	253.933683867673	253.933683867673	253.933683867673	253.933683867673	253.933683867673	253.933683867673	253.933683867673	253.933683867673	253.933683867673	253.933683867673	253.933683867673	253.933683867673	253.933683867673	253.933683867673
CTSE	1	1	1	1	1	1	1	1	1	1	1	1	1	1	1	1	1	1	1	1	1	1	1	1	1	1	1	1	1	1	1	1	1	1	1	1	1	1	1	1	1	1	1	1	1	1	1	1	1	1	1	1	1	1	1	1
FOXF1	NA	NA	NA	NA	NA	NA	NA	NA	NA	NA	NA	NA	NA	NA	NA	NA	NA	NA	NA	NA	NA	NA	NA	NA	NA	NA	NA	NA	NA	NA	NA	NA	NA	NA	NA	NA	NA	NA	NA	NA	NA	NA	NA	NA	NA	NA	NA	NA	NA	NA	NA	NA	NA	NA	NA	NA
ISL1	1	1	1	1	1	1	1	1	1	1	1	1	1	1	1	1	1	1	1	1	1	1	1	1	1	1	1	1	1	1	1	1	1	1	1	1	1	1	1	1	1	1	1	1	1	1	1	1	1	1	1	1	1	1	1	1
CILP	1	1	1	1	1	1	1	1	1	1	1	1	1	1	1	1	1	1	1	1	1	1	1	1	1	1	1	1	1	1	1	1	1	1	1	1	1	1	1	1	1	1	1	1	1	1	1	1	1	1	1	1	1	1	1	1
TAC1	NA	NA	NA	NA	NA	NA	NA	NA	NA	NA	NA	NA	NA	NA	NA	NA	NA	NA	NA	NA	NA	NA	NA	NA	NA	NA	NA	NA	NA	NA	NA	NA	NA	NA	NA	NA	NA	NA	NA	NA	NA	NA	NA	NA	NA	NA	NA	NA	NA	NA	NA	NA	NA	NA	NA	NA
AKR1B10	1	1	1	1	1	1	1	1	1	1	1	1	1	1	1	1	1	1	1	1	1	1	1	1	1	1	1	1	1	1	1	1	1	1	1	1	1	1	1	1	1	1	1	1	1	1	1	1	1	1	1	1	1	1	1	1
PTGER2	1	1	1	1	1	1	1	1	1	1	1	1	1	1	1	1	1	1	1	1	1	1	1	1	1	1	1	1	1	1	1	1	1	1	1	1	1	1	1	1	1	1	1	1	1	1	1	1	1	1	1	1	1	1	1	1
CEACAM8	NA	NA	NA	NA	NA	NA	NA	NA	NA	NA	NA	NA	NA	NA	NA	NA	NA	NA	NA	NA	NA	NA	NA	NA	NA	NA	NA	NA	NA	NA	NA	NA	NA	NA	NA	NA	NA	NA	NA	NA	NA	NA	NA	NA	NA	NA	NA	NA	NA	NA	NA	NA	NA	NA	NA	NA
TEK	1	1	1	1	1	1	1	1	1	1	1	1	1	1	1	1	1	1	1	1	1	1	1	1	1	1	1	1	1	1	1	1	1	1	1	1	1	1	1	1	1	1	1	1	1	1	1	1	1	1	1	1	1	1	1	1
TFEC	1	1	1	1	1	1	1	1	1	1	1	1	1	1	1	1	1	1	1	1	1	1	1	1	1	1	1	1	1	1	1	1	1	1	1	1	1	1	1	1	1	1	1	1	1	1	1	1	1	1	1	1	1	1	1	1
CYP2B6	159.871103060782	159.871103060782	159.871103060782	159.871103060782	159.871103060782	159.871103060782	159.871103060782	159.871103060782	159.871103060782	159.871103060782	159.871103060782	159.871103060782	159.871103060782	159.871103060782	159.871103060782	159.871103060782	159.871103060782	159.871103060782	159.871103060782	159.871103060782	159.871103060782	159.871103060782	159.871103060782	159.871103060782	159.871103060782	159.871103060782	159.871103060782	159.871103060782	159.871103060782	159.871103060782	159.871103060782	159.871103060782	159.871103060782	159.871103060782	159.871103060782	159.871103060782	159.871103060782	159.871103060782	159.871103060782	159.871103060782	159.871103060782	159.871103060782	159.871103060782	159.871103060782	159.871103060782	159.871103060782	159.871103060782	159.871103060782	159.871103060782	159.871103060782	159.871103060782	159.871103060782	159.871103060782	159.871103060782	159.871103060782	159.871103060782
CCR2	1	1	1	1	1	1	1	1	1	1	1	1	1	1	1	1	1	1	1	1	1	1	1	1	1	1	1	1	1	1	1	1	1	1	1	1	1	1	1	1	1	1	1	1	1	1	1	1	1	1	1	1	1	1	1	1
SLC18A1	1	1	1	1	1	1	1	1	1	1	1	1	1	1	1	1	1	1	1	1	1	1	1	1	1	1	1	1	1	1	1	1	1	1	1	1	1	1	1	1	1	1	1	1	1	1	1	1	1	1	1	1	1	1	1	1
PTGFR	1	1	1	1	1	1	1	1	1	1	1	1	1	1	1	1	1	1	1	1	1	1	1	1	1	1	1	1	1	1	1	1	1	1	1	1	1	1	1	1	1	1	1	1	1	1	1	1	1	1	1	1	1	1	1	1
ID3	NA	NA	NA	NA	NA	NA	NA	NA	NA	NA	NA	NA	NA	NA	NA	NA	NA	NA	NA	NA	NA	NA	NA	NA	NA	NA	NA	NA	NA	NA	NA	NA	NA	NA	NA	NA	NA	NA	NA	NA	NA	NA	NA	NA	NA	NA	NA	NA	NA	NA	NA	NA	NA	NA	NA	NA
OSBPL1A	NA	NA	NA	NA	NA	NA	NA	NA	NA	NA	NA	NA	NA	NA	NA	NA	NA	NA	NA	NA	NA	NA	NA	NA	NA	NA	NA	NA	NA	NA	NA	NA	NA	NA	NA	NA	NA	NA	NA	NA	NA	NA	NA	NA	NA	NA	NA	NA	NA	NA	NA	NA	NA	NA	NA	NA
ESM1	NA	NA	NA	NA	NA	NA	NA	NA	NA	NA	NA	NA	NA	NA	NA	NA	NA	NA	NA	NA	NA	NA	NA	NA	NA	NA	NA	NA	NA	NA	NA	NA	NA	NA	NA	NA	NA	NA	NA	NA	NA	NA	NA	NA	NA	NA	NA	NA	NA	NA	NA	NA	NA	NA	NA	NA
PDE1A	1	1	1	1	1	1	1	1	1	1	1	1	1	1	1	1	1	1	1	1	1	1	1	1	1	1	1	1	1	1	1	1	1	1	1	1	1	1	1	1	1	1	1	1	1	1	1	1	1	1	1	1	1	1	1	1
IRF7	NA	NA	NA	NA	NA	NA	NA	NA	NA	NA	NA	NA	NA	NA	NA	NA	NA	NA	NA	NA	NA	NA	NA	NA	NA	NA	NA	NA	NA	NA	NA	NA	NA	NA	NA	NA	NA	NA	NA	NA	NA	NA	NA	NA	NA	NA	NA	NA	NA	NA	NA	NA	NA	NA	NA	NA
PTRF	1	1	1	1	1	1	1	1	1	1	1	1	1	1	1	1	1	1	1	1	1	1	1	1	1	1	1	1	1	1	1	1	1	1	1	1	1	1	1	1	1	1	1	1	1	1	1	1	1	1	1	1	1	1	1	1
NEU1	1762.70607533059	1762.70607533059	1762.70607533059	1762.70607533059	1762.70607533059	1762.70607533059	1762.70607533059	1762.70607533059	1762.70607533059	1762.70607533059	1762.70607533059	1762.70607533059	1762.70607533059	1762.70607533059	1762.70607533059	1762.70607533059	1762.70607533059	1762.70607533059	1762.70607533059	1762.70607533059	1762.70607533059	1762.70607533059	1762.70607533059	1762.70607533059	1762.70607533059	1762.70607533059	1762.70607533059	1762.70607533059	1762.70607533059	1762.70607533059	1762.70607533059	1762.70607533059	1762.70607533059	1762.70607533059	1762.70607533059	1762.70607533059	1762.70607533059	1762.70607533059	1762.70607533059	1762.70607533059	1762.70607533059	1762.70607533059	1762.70607533059	1762.70607533059	1762.70607533059	1762.70607533059	1762.70607533059	1762.70607533059	1762.70607533059	1762.70607533059	1762.70607533059	1762.70607533059	1762.70607533059	1762.70607533059	1762.70607533059	1762.70607533059
JAG1	1	1	1	1	1	1	1	1	1	1	1	1	1	1	1	1	1	1	1	1	1	1	1	1	1	1	1	1	1	1	1	1	1	1	1	1	1	1	1	1	1	1	1	1	1	1	1	1	1	1	1	1	1	1	1	1
TSPAN6	NA	NA	NA	NA	NA	NA	NA	NA	NA	NA	NA	NA	NA	NA	NA	NA	NA	NA	NA	NA	NA	NA	NA	NA	NA	NA	NA	NA	NA	NA	NA	NA	NA	NA	NA	NA	NA	NA	NA	NA	NA	NA	NA	NA	NA	NA	NA	NA	NA	NA	NA	NA	NA	NA	NA	NA
COL6A2	1	1	1	1	1	1	1	1	1	1	1	1	1	1	1	1	1	1	1	1	1	1	1	1	1	1	1	1	1	1	1	1	1	1	1	1	1	1	1	1	1	1	1	1	1	1	1	1	1	1	1	1	1	1	1	1
TUBB6	1	1	1	1	1	1	1	1	1	1	1	1	1	1	1	1	1	1	1	1	1	1	1	1	1	1	1	1	1	1	1	1	1	1	1	1	1	1	1	1	1	1	1	1	1	1	1	1	1	1	1	1	1	1	1	1
AZGP1	NA	NA	NA	NA	NA	NA	NA	NA	NA	NA	NA	NA	NA	NA	NA	NA	NA	NA	NA	NA	NA	NA	NA	NA	NA	NA	NA	NA	NA	NA	NA	NA	NA	NA	NA	NA	NA	NA	NA	NA	NA	NA	NA	NA	NA	NA	NA	NA	NA	NA	NA	NA	NA	NA	NA	NA
IFI35	NA	NA	NA	NA	NA	NA	NA	NA	NA	NA	NA	NA	NA	NA	NA	NA	NA	NA	NA	NA	NA	NA	NA	NA	NA	NA	NA	NA	NA	NA	NA	NA	NA	NA	NA	NA	NA	NA	NA	NA	NA	NA	NA	NA	NA	NA	NA	NA	NA	NA	NA	NA	NA	NA	NA	NA
RGL1	NA	NA	NA	NA	NA	NA	NA	NA	NA	NA	NA	NA	NA	NA	NA	NA	NA	NA	NA	NA	NA	NA	NA	NA	NA	NA	NA	NA	NA	NA	NA	NA	NA	NA	NA	NA	NA	NA	NA	NA	NA	NA	NA	NA	NA	NA	NA	NA	NA	NA	NA	NA	NA	NA	NA	NA
SLC19A2	445.238395542486	445.238395542486	445.238395542486	445.238395542486	445.238395542486	445.238395542486	445.238395542486	445.238395542486	445.238395542486	445.238395542486	445.238395542486	445.238395542486	445.238395542486	445.238395542486	445.238395542486	445.238395542486	445.238395542486	445.238395542486	445.238395542486	445.238395542486	445.238395542486	445.238395542486	445.238395542486	445.238395542486	445.238395542486	445.238395542486	445.238395542486	445.238395542486	445.238395542486	445.238395542486	445.238395542486	445.238395542486	445.238395542486	445.238395542486	445.238395542486	445.238395542486	445.238395542486	445.238395542486	445.238395542486	445.238395542486	445.238395542486	445.238395542486	445.238395542486	445.238395542486	445.238395542486	445.238395542486	445.238395542486	445.238395542486	445.238395542486	445.238395542486	445.238395542486	445.238395542486	445.238395542486	445.238395542486	445.238395542486	445.238395542486
MFAP5	1	1	1	1	1	1	1	1	1	1	1	1	1	1	1	1	1	1	1	1	1	1	1	1	1	1	1	1	1	1	1	1	1	1	1	1	1	1	1	1	1	1	1	1	1	1	1	1	1	1	1	1	1	1	1	1
CD69	1	1	1	1	1	1	1	1	1	1	1	1	1	1	1	1	1	1	1	1	1	1	1	1	1	1	1	1	1	1	1	1	1	1	1	1	1	1	1	1	1	1	1	1	1	1	1	1	1	1	1	1	1	1	1	1
C3AR1	NA	NA	NA	NA	NA	NA	NA	NA	NA	NA	NA	NA	NA	NA	NA	NA	NA	NA	NA	NA	NA	NA	NA	NA	NA	NA	NA	NA	NA	NA	NA	NA	NA	NA	NA	NA	NA	NA	NA	NA	NA	NA	NA	NA	NA	NA	NA	NA	NA	NA	NA	NA	NA	NA	NA	NA
CREM	NA	NA	NA	NA	NA	NA	NA	NA	NA	NA	NA	NA	NA	NA	NA	NA	NA	NA	NA	NA	NA	NA	NA	NA	NA	NA	NA	NA	NA	NA	NA	NA	NA	NA	NA	NA	NA	NA	NA	NA	NA	NA	NA	NA	NA	NA	NA	NA	NA	NA	NA	NA	NA	NA	NA	NA
NFATC1	NA	NA	NA	NA	NA	NA	NA	NA	NA	NA	NA	NA	NA	NA	NA	NA	NA	NA	NA	NA	NA	NA	NA	NA	NA	NA	NA	NA	NA	NA	NA	NA	NA	NA	NA	NA	NA	NA	NA	NA	NA	NA	NA	NA	NA	NA	NA	NA	NA	NA	NA	NA	NA	NA	NA	NA
TP53I3	1	1	1	1	1	1	1	1	1	1	1	1	1	1	1	1	1	1	1	1	1	1	1	1	1	1	1	1	1	1	1	1	1	1	1	1	1	1	1	1	1	1	1	1	1	1	1	1	1	1	1	1	1	1	1	1
GRB7	NA	NA	NA	NA	NA	NA	NA	NA	NA	NA	NA	NA	NA	NA	NA	NA	NA	NA	NA	NA	NA	NA	NA	NA	NA	NA	NA	NA	NA	NA	NA	NA	NA	NA	NA	NA	NA	NA	NA	NA	NA	NA	NA	NA	NA	NA	NA	NA	NA	NA	NA	NA	NA	NA	NA	NA
CD86	NA	NA	NA	NA	NA	NA	NA	NA	NA	NA	NA	NA	NA	NA	NA	NA	NA	NA	NA	NA	NA	NA	NA	NA	NA	NA	NA	NA	NA	NA	NA	NA	NA	NA	NA	NA	NA	NA	NA	NA	NA	NA	NA	NA	NA	NA	NA	NA	NA	NA	NA	NA	NA	NA	NA	NA
CLEC11A	1	1	1	1	1	1	1	1	1	1	1	1	1	1	1	1	1	1	1	1	1	1	1	1	1	1	1	1	1	1	1	1	1	1	1	1	1	1	1	1	1	1	1	1	1	1	1	1	1	1	1	1	1	1	1	1
BLVRA	NA	NA	NA	NA	NA	NA	NA	NA	NA	NA	NA	NA	NA	NA	NA	NA	NA	NA	NA	NA	NA	NA	NA	NA	NA	NA	NA	NA	NA	NA	NA	NA	NA	NA	NA	NA	NA	NA	NA	NA	NA	NA	NA	NA	NA	NA	NA	NA	NA	NA	NA	NA	NA	NA	NA	NA
IGFBP5	1	1	1	1	1	1	1	1	1	1	1	1	1	1	1	1	1	1	1	1	1	1	1	1	1	1	1	1	1	1	1	1	1	1	1	1	1	1	1	1	1	1	1	1	1	1	1	1	1	1	1	1	1	1	1	1
AHNAK	1	1	1	1	1	1	1	1	1	1	1	1	1	1	1	1	1	1	1	1	1	1	1	1	1	1	1	1	1	1	1	1	1	1	1	1	1	1	1	1	1	1	1	1	1	1	1	1	1	1	1	1	1	1	1	1
PXDN	1	1	1	1	1	1	1	1	1	1	1	1	1	1	1	1	1	1	1	1	1	1	1	1	1	1	1	1	1	1	1	1	1	1	1	1	1	1	1	1	1	1	1	1	1	1	1	1	1	1	1	1	1	1	1	1
GALNT10	1	1	1	1	1	1	1	1	1	1	1	1	1	1	1	1	1	1	1	1	1	1	1	1	1	1	1	1	1	1	1	1	1	1	1	1	1	1	1	1	1	1	1	1	1	1	1	1	1	1	1	1	1	1	1	1
LYPLA1	4205.75955863193	4205.75955863193	4205.75955863193	4205.75955863193	4205.75955863193	4205.75955863193	4205.75955863193	4205.75955863193	4205.75955863193	4205.75955863193	4205.75955863193	4205.75955863193	4205.75955863193	4205.75955863193	4205.75955863193	4205.75955863193	4205.75955863193	4205.75955863193	4205.75955863193	4205.75955863193	4205.75955863193	4205.75955863193	4205.75955863193	4205.75955863193	4205.75955863193	4205.75955863193	4205.75955863193	4205.75955863193	4205.75955863193	4205.75955863193	4205.75955863193	4205.75955863193	4205.75955863193	4205.75955863193	4205.75955863193	4205.75955863193	4205.75955863193	4205.75955863193	4205.75955863193	4205.75955863193	4205.75955863193	4205.75955863193	4205.75955863193	4205.75955863193	4205.75955863193	4205.75955863193	4205.75955863193	4205.75955863193	4205.75955863193	4205.75955863193	4205.75955863193	4205.75955863193	4205.75955863193	4205.75955863193	4205.75955863193	4205.75955863193
COL5A1	1	1	1	1	1	1	1	1	1	1	1	1	1	1	1	1	1	1	1	1	1	1	1	1	1	1	1	1	1	1	1	1	1	1	1	1	1	1	1	1	1	1	1	1	1	1	1	1	1	1	1	1	1	1	1	1
LHFPL2	1	1	1	1	1	1	1	1	1	1	1	1	1	1	1	1	1	1	1	1	1	1	1	1	1	1	1	1	1	1	1	1	1	1	1	1	1	1	1	1	1	1	1	1	1	1	1	1	1	1	1	1	1	1	1	1
GM2A	NA	NA	NA	NA	NA	NA	NA	NA	NA	NA	NA	NA	NA	NA	NA	NA	NA	NA	NA	NA	NA	NA	NA	NA	NA	NA	NA	NA	NA	NA	NA	NA	NA	NA	NA	NA	NA	NA	NA	NA	NA	NA	NA	NA	NA	NA	NA	NA	NA	NA	NA	NA	NA	NA	NA	NA
C9orf3	NA	NA	NA	NA	NA	NA	NA	NA	NA	NA	NA	NA	NA	NA	NA	NA	NA	NA	NA	NA	NA	NA	NA	NA	NA	NA	NA	NA	NA	NA	NA	NA	NA	NA	NA	NA	NA	NA	NA	NA	NA	NA	NA	NA	NA	NA	NA	NA	NA	NA	NA	NA	NA	NA	NA	NA
APOE	NA	NA	NA	NA	NA	NA	NA	NA	NA	NA	NA	NA	NA	NA	NA	NA	NA	NA	NA	NA	NA	NA	NA	NA	NA	NA	NA	NA	NA	NA	NA	NA	NA	NA	NA	NA	NA	NA	NA	NA	NA	NA	NA	NA	NA	NA	NA	NA	NA	NA	NA	NA	NA	NA	NA	NA
AHNAK2	NA	NA	NA	NA	NA	NA	NA	NA	NA	NA	NA	NA	NA	NA	NA	NA	NA	NA	NA	NA	NA	NA	NA	NA	NA	NA	NA	NA	NA	NA	NA	NA	NA	NA	NA	NA	NA	NA	NA	NA	NA	NA	NA	NA	NA	NA	NA	NA	NA	NA	NA	NA	NA	NA	NA	NA
ANGPTL2	1	1	1	1	1	1	1	1	1	1	1	1	1	1	1	1	1	1	1	1	1	1	1	1	1	1	1	1	1	1	1	1	1	1	1	1	1	1	1	1	1	1	1	1	1	1	1	1	1	1	1	1	1	1	1	1
PRMT3	656.526287914576	656.526287914576	656.526287914576	656.526287914576	656.526287914576	656.526287914576	656.526287914576	656.526287914576	656.526287914576	656.526287914576	656.526287914576	656.526287914576	656.526287914576	656.526287914576	656.526287914576	656.526287914576	656.526287914576	656.526287914576	656.526287914576	656.526287914576	656.526287914576	656.526287914576	656.526287914576	656.526287914576	656.526287914576	656.526287914576	656.526287914576	656.526287914576	656.526287914576	656.526287914576	656.526287914576	656.526287914576	656.526287914576	656.526287914576	656.526287914576	656.526287914576	656.526287914576	656.526287914576	656.526287914576	656.526287914576	656.526287914576	656.526287914576	656.526287914576	656.526287914576	656.526287914576	656.526287914576	656.526287914576	656.526287914576	656.526287914576	656.526287914576	656.526287914576	656.526287914576	656.526287914576	656.526287914576	656.526287914576	656.526287914576
MTCL1	NA	NA	NA	NA	NA	NA	NA	NA	NA	NA	NA	NA	NA	NA	NA	NA	NA	NA	NA	NA	NA	NA	NA	NA	NA	NA	NA	NA	NA	NA	NA	NA	NA	NA	NA	NA	NA	NA	NA	NA	NA	NA	NA	NA	NA	NA	NA	NA	NA	NA	NA	NA	NA	NA	NA	NA
COL6A1	1	1	1	1	1	1	1	1	1	1	1	1	1	1	1	1	1	1	1	1	1	1	1	1	1	1	1	1	1	1	1	1	1	1	1	1	1	1	1	1	1	1	1	1	1	1	1	1	1	1	1	1	1	1	1	1
KAZN	1	1	1	1	1	1	1	1	1	1	1	1	1	1	1	1	1	1	1	1	1	1	1	1	1	1	1	1	1	1	1	1	1	1	1	1	1	1	1	1	1	1	1	1	1	1	1	1	1	1	1	1	1	1	1	1
LPPR4	1	1	1	1	1	1	1	1	1	1	1	1	1	1	1	1	1	1	1	1	1	1	1	1	1	1	1	1	1	1	1	1	1	1	1	1	1	1	1	1	1	1	1	1	1	1	1	1	1	1	1	1	1	1	1	1
LAMA2	1	1	1	1	1	1	1	1	1	1	1	1	1	1	1	1	1	1	1	1	1	1	1	1	1	1	1	1	1	1	1	1	1	1	1	1	1	1	1	1	1	1	1	1	1	1	1	1	1	1	1	1	1	1	1	1
ERG	1	1	1	1	1	1	1	1	1	1	1	1	1	1	1	1	1	1	1	1	1	1	1	1	1	1	1	1	1	1	1	1	1	1	1	1	1	1	1	1	1	1	1	1	1	1	1	1	1	1	1	1	1	1	1	1
SLC1A1	1	1	1	1	1	1	1	1	1	1	1	1	1	1	1	1	1	1	1	1	1	1	1	1	1	1	1	1	1	1	1	1	1	1	1	1	1	1	1	1	1	1	1	1	1	1	1	1	1	1	1	1	1	1	1	1
MUC1	1	1	1	1	1	1	1	1	1	1	1	1	1	1	1	1	1	1	1	1	1	1	1	1	1	1	1	1	1	1	1	1	1	1	1	1	1	1	1	1	1	1	1	1	1	1	1	1	1	1	1	1	1	1	1	1
RSAD2	NA	NA	NA	NA	NA	NA	NA	NA	NA	NA	NA	NA	NA	NA	NA	NA	NA	NA	NA	NA	NA	NA	NA	NA	NA	NA	NA	NA	NA	NA	NA	NA	NA	NA	NA	NA	NA	NA	NA	NA	NA	NA	NA	NA	NA	NA	NA	NA	NA	NA	NA	NA	NA	NA	NA	NA
CCL8	1	1	1	1	1	1	1	1	1	1	1	1	1	1	1	1	1	1	1	1	1	1	1	1	1	1	1	1	1	1	1	1	1	1	1	1	1	1	1	1	1	1	1	1	1	1	1	1	1	1	1	1	1	1	1	1
GPR161	1	1	1	1	1	1	1	1	1	1	1	1	1	1	1	1	1	1	1	1	1	1	1	1	1	1	1	1	1	1	1	1	1	1	1	1	1	1	1	1	1	1	1	1	1	1	1	1	1	1	1	1	1	1	1	1
MUC5AC	NA	NA	NA	NA	NA	NA	NA	NA	NA	NA	NA	NA	NA	NA	NA	NA	NA	NA	NA	NA	NA	NA	NA	NA	NA	NA	NA	NA	NA	NA	NA	NA	NA	NA	NA	NA	NA	NA	NA	NA	NA	NA	NA	NA	NA	NA	NA	NA	NA	NA	NA	NA	NA	NA	NA	NA
HLX	1	1	1	1	1	1	1	1	1	1	1	1	1	1	1	1	1	1	1	1	1	1	1	1	1	1	1	1	1	1	1	1	1	1	1	1	1	1	1	1	1	1	1	1	1	1	1	1	1	1	1	1	1	1	1	1
TFF2	1	1	1	1	1	1	1	1	1	1	1	1	1	1	1	1	1	1	1	1	1	1	1	1	1	1	1	1	1	1	1	1	1	1	1	1	1	1	1	1	1	1	1	1	1	1	1	1	1	1	1	1	1	1	1	1
FCGR1B	NA	NA	NA	NA	NA	NA	NA	NA	NA	NA	NA	NA	NA	NA	NA	NA	NA	NA	NA	NA	NA	NA	NA	NA	NA	NA	NA	NA	NA	NA	NA	NA	NA	NA	NA	NA	NA	NA	NA	NA	NA	NA	NA	NA	NA	NA	NA	NA	NA	NA	NA	NA	NA	NA	NA	NA
TOX3	3076.65953225615	3076.65953225615	3076.65953225615	3076.65953225615	3076.65953225615	3076.65953225615	3076.65953225615	3076.65953225615	3076.65953225615	3076.65953225615	3076.65953225615	3076.65953225615	3076.65953225615	3076.65953225615	3076.65953225615	3076.65953225615	3076.65953225615	3076.65953225615	3076.65953225615	3076.65953225615	3076.65953225615	3076.65953225615	3076.65953225615	3076.65953225615	3076.65953225615	3076.65953225615	3076.65953225615	3076.65953225615	3076.65953225615	3076.65953225615	3076.65953225615	3076.65953225615	3076.65953225615	3076.65953225615	3076.65953225615	3076.65953225615	3076.65953225615	3076.65953225615	3076.65953225615	3076.65953225615	3076.65953225615	3076.65953225615	3076.65953225615	3076.65953225615	3076.65953225615	3076.65953225615	3076.65953225615	3076.65953225615	3076.65953225615	3076.65953225615	3076.65953225615	3076.65953225615	3076.65953225615	3076.65953225615	3076.65953225615	3076.65953225615
CD163	1	1	1	1	1	1	1	1	1	1	1	1	1	1	1	1	1	1	1	1	1	1	1	1	1	1	1	1	1	1	1	1	1	1	1	1	1	1	1	1	1	1	1	1	1	1	1	1	1	1	1	1	1	1	1	1
AIF1	NA	NA	NA	NA	NA	NA	NA	NA	NA	NA	NA	NA	NA	NA	NA	NA	NA	NA	NA	NA	NA	NA	NA	NA	NA	NA	NA	NA	NA	NA	NA	NA	NA	NA	NA	NA	NA	NA	NA	NA	NA	NA	NA	NA	NA	NA	NA	NA	NA	NA	NA	NA	NA	NA	NA	NA
COL3A1	1	1	1	1	1	1	1	1	1	1	1	1	1	1	1	1	1	1	1	1	1	1	1	1	1	1	1	1	1	1	1	1	1	1	1	1	1	1	1	1	1	1	1	1	1	1	1	1	1	1	1	1	1	1	1	1
FMR1	1806.68961801964	1765.41167537994	1715.69684922578	2177.80867053465	1750.44972341709	2614.36890174861	1782.71361763923	2021.22750128818	3213.17353911224	2292.053196005	2290.61181706425	2040.96334575783	3057.32746491278	2888.59661283759	2815.42088307781	1953.82652236229	2989.49276492816	1855.88934739901	2399.5297391605	1830.95385390772	1854.75009911125	3070.82865247992	1760.77350624136	1804.76347164493	2929.95167401257	1932.77733336727	3326.13136111194	2464.86166790236	3210.51593597324	3603.08620178363	3323.31908250283	2243.74268056348	3324.76046144359	3073.67061119642	3276.44994600207	3604.33966355771	3721.99493930334	3340.23602248426	3497.56893334094	3102.81981676857	3826.18803711854	3918.03090322547	2748.40411466436	2038.12138704133	2783.15698885568	3829.14701424581	3355.89199630276	3892.4785917848	2665.60899098901	2693.92584300333	2307.52875704567	3432.23700459909	2180.46627367365	2583.63872591099	4089.61097042888	2293.42409567335
ZNF93	515.739647904825	486.677000908493	487.32073399037	484.785287073582	557.81105302375	717.902384788561	584.607173058057	518.786233899735	474.104251077543	648.484615909776	601.599847166709	698.480452852584	641.020205998376	508.109441294543	580.979834858713	503.45201310238	508.42829756844	480.776954727658	648.831968975827	539.695748837914	707.716255601473	534.178023511564	570.110214948012	692.907375771874	600.258251964739	440.166920199928	815.225006832823	744.379648548972	758.166966486619	782.479886235693	828.292104824166	799.325445207803	751.633987098873	459.871540704161	644.876618838394	619.962872468972	488.393284144964	488.740637211015	484.70530482867	496.90388615636	644.796636593482	538.389121087773	481.827765220869	641.91909698568	493.995972224908	727.11956716961	568.309019087548	564.070444504808	532.816044007063	694.269355276375	656.995217921172	634.576685250829	547.624923836661	741.071166623525	720.770144242077	678.877565664546
IL17A	669.869504128585	115.676900039289	130.210382204027	670.516592780114	482.922339054658	633.296063997454	468.154118841047	250.174382422306	128.643607043117	104.498291526672	141.242124790015	102.698042167966	92.2388380165031	354.190066838292	639.413292541175	160.971451019839	199.638194182999	105.153135060249	364.284281916634	167.430910986686	134.447674748775	343.741341488311	849.839541284749	108.033706286947	190.320754413593	637.533356542202	834.56756977157	166.783822335157	644.327806583443	664.057132813266	702.723875976426	611.119388080375	973.779103302634	740.345767171988	771.651573132798	629.797258521336	844.753787936249	231.011382189582	738.25422835753	947.801738611688	1098.41020160336	136.327610747747	631.729288836545	151.632878309266	126.711576727909	654.718560102694	109.769260441816	279.025095490833	240.71939801772	97.7896894701203	104.760798711974	178.904195178716	734.097063983009	681.989876972143	693.406436207021	104.467755561954
XPNPEP2	NA	NA	NA	NA	NA	NA	NA	NA	NA	NA	NA	NA	NA	NA	NA	NA	NA	NA	NA	NA	NA	NA	NA	NA	NA	NA	NA	NA	NA	NA	NA	NA	NA	NA	NA	NA	NA	NA	NA	NA	NA	NA	NA	NA	NA	NA	NA	NA	NA	NA	NA	NA	NA	NA	NA	NA
FCGR1A	1	1	1	1	1	1	1	1	1	1	1	1	1	1	1	1	1	1	1	1	1	1	1	1	1	1	1	1	1	1	1	1	1	1	1	1	1	1	1	1	1	1	1	1	1	1	1	1	1	1	1	1	1	1	1	1
RAB31	1	1	1	1	1	1	1	1	1	1	1	1	1	1	1	1	1	1	1	1	1	1	1	1	1	1	1	1	1	1	1	1	1	1	1	1	1	1	1	1	1	1	1	1	1	1	1	1	1	1	1	1	1	1	1	1
C1QA	NA	NA	NA	NA	NA	NA	NA	NA	NA	NA	NA	NA	NA	NA	NA	NA	NA	NA	NA	NA	NA	NA	NA	NA	NA	NA	NA	NA	NA	NA	NA	NA	NA	NA	NA	NA	NA	NA	NA	NA	NA	NA	NA	NA	NA	NA	NA	NA	NA	NA	NA	NA	NA	NA	NA	NA
MAP4K3	94.5634061020733	118.524838808576	219.865011937907	176.696401102317	223.227598206902	1899.93579228866	1166.48605682233	1106.82278101729	2695.56207690859	280.450935415362	936.076777136456	152.29705992122	328.472036251872	105.423141919763	1699.87603779704	175.790504491084	95.3068422332188	241.334921747702	231.697383028798	119.696449861776	431.75713752042	1735.25901720523	235.219008999497	137.125064663127	1620.47571468946	48.4132217580229	2563.38148348682	1688.04366670615	1761.82048688767	1748.6295901836	1788.22163989237	1691.40625297514	573.497250789059	1796.65069102011	1948.98123315687	1730.46487841265	293.641832119433	1984.66598539556	2358.10524756065	2382.72603680654	2984.7705312945	2447.62415305247	1342.06319593476	242.69479058491	2721.5300077979	1710.87344535315	1709.51357651594	1644.87505587056	1940.53971896745	267.080362436992	480.802578388625	1274.27704261554	262.286223644409	542.472681249767	1101.35316927977	320.042985124134
KANK2	1	1	1	1	1	1	1	1	1	1	1	1	1	1	1	1	1	1	1	1	1	1	1	1	1	1	1	1	1	1	1	1	1	1	1	1	1	1	1	1	1	1	1	1	1	1	1	1	1	1	1	1	1	1	1	1
MST4	956.858558935763	929.822228584731	2171.58239435193	1481.30170807438	762.476770342231	2183.12548131098	1801.40811801103	1747.79884449046	1743.10834813601	1492.5517377606	2154.51214176955	1357.53166664226	1741.01245709453	1482.6221408038	2305.1456317908	1640.16607429729	2670.4831981194	1790.26390538227	1435.73188155543	1059.43668667683	1035.12689145411	2627.40667690943	1400.17528849036	1181.61003273404	1301.52242945033	1032.88200087238	2431.29314337208	981.538504869823	2360.21199356909	2497.59183515696	2051.13982604929	1789.14576504559	2491.68880428859	2753.34057529485	2265.34454370006	1354.85501755504	2844.7928280471	2182.83242403815	2567.69398886011	1575.06385742251	2069.4454990553	2090.45597476791	2123.204241972	1492.84479503343	2439.99805923193	2619.24716626963	2275.48095482242	2511.28721622057	2126.01256783298	1980.20251184185	1432.92355569444	2047.81235291981	1669.93130729154	2505.98113712759	2480.54459165982	1807.3111488794
PARP12	NA	NA	NA	NA	NA	NA	NA	NA	NA	NA	NA	NA	NA	NA	NA	NA	NA	NA	NA	NA	NA	NA	NA	NA	NA	NA	NA	NA	NA	NA	NA	NA	NA	NA	NA	NA	NA	NA	NA	NA	NA	NA	NA	NA	NA	NA	NA	NA	NA	NA	NA	NA	NA	NA	NA	NA
MAFB	1	1	1	1	1	1	1	1	1	1	1	1	1	1	1	1	1	1	1	1	1	1	1	1	1	1	1	1	1	1	1	1	1	1	1	1	1	1	1	1	1	1	1	1	1	1	1	1	1	1	1	1	1	1	1	1
PRKCH	1	1	1	1	1	1	1	1	1	1	1	1	1	1	1	1	1	1	1	1	1	1	1	1	1	1	1	1	1	1	1	1	1	1	1	1	1	1	1	1	1	1	1	1	1	1	1	1	1	1	1	1	1	1	1	1
MOSPD1	475.291680710577	475.291680710577	475.291680710577	475.291680710577	475.291680710577	475.291680710577	475.291680710577	475.291680710577	475.291680710577	475.291680710577	475.291680710577	475.291680710577	475.291680710577	475.291680710577	475.291680710577	475.291680710577	475.291680710577	475.291680710577	475.291680710577	475.291680710577	475.291680710577	475.291680710577	475.291680710577	475.291680710577	475.291680710577	475.291680710577	475.291680710577	475.291680710577	475.291680710577	475.291680710577	475.291680710577	475.291680710577	475.291680710577	475.291680710577	475.291680710577	475.291680710577	475.291680710577	475.291680710577	475.291680710577	475.291680710577	475.291680710577	475.291680710577	475.291680710577	475.291680710577	475.291680710577	475.291680710577	475.291680710577	475.291680710577	475.291680710577	475.291680710577	475.291680710577	475.291680710577	475.291680710577	475.291680710577	475.291680710577	475.291680710577
ASRGL1	NA	NA	NA	NA	NA	NA	NA	NA	NA	NA	NA	NA	NA	NA	NA	NA	NA	NA	NA	NA	NA	NA	NA	NA	NA	NA	NA	NA	NA	NA	NA	NA	NA	NA	NA	NA	NA	NA	NA	NA	NA	NA	NA	NA	NA	NA	NA	NA	NA	NA	NA	NA	NA	NA	NA	NA
SOBP	NA	NA	NA	NA	NA	NA	NA	NA	NA	NA	NA	NA	NA	NA	NA	NA	NA	NA	NA	NA	NA	NA	NA	NA	NA	NA	NA	NA	NA	NA	NA	NA	NA	NA	NA	NA	NA	NA	NA	NA	NA	NA	NA	NA	NA	NA	NA	NA	NA	NA	NA	NA	NA	NA	NA	NA
USP18	NA	NA	NA	NA	NA	NA	NA	NA	NA	NA	NA	NA	NA	NA	NA	NA	NA	NA	NA	NA	NA	NA	NA	NA	NA	NA	NA	NA	NA	NA	NA	NA	NA	NA	NA	NA	NA	NA	NA	NA	NA	NA	NA	NA	NA	NA	NA	NA	NA	NA	NA	NA	NA	NA	NA	NA
RNF128	2093.31010964851	2093.31010964851	2093.31010964851	2093.31010964851	2093.31010964851	2093.31010964851	2093.31010964851	2093.31010964851	2093.31010964851	2093.31010964851	2093.31010964851	2093.31010964851	2093.31010964851	2093.31010964851	2093.31010964851	2093.31010964851	2093.31010964851	2093.31010964851	2093.31010964851	2093.31010964851	2093.31010964851	2093.31010964851	2093.31010964851	2093.31010964851	2093.31010964851	2093.31010964851	2093.31010964851	2093.31010964851	2093.31010964851	2093.31010964851	2093.31010964851	2093.31010964851	2093.31010964851	2093.31010964851	2093.31010964851	2093.31010964851	2093.31010964851	2093.31010964851	2093.31010964851	2093.31010964851	2093.31010964851	2093.31010964851	2093.31010964851	2093.31010964851	2093.31010964851	2093.31010964851	2093.31010964851	2093.31010964851	2093.31010964851	2093.31010964851	2093.31010964851	2093.31010964851	2093.31010964851	2093.31010964851	2093.31010964851	2093.31010964851
ECHDC3	NA	NA	NA	NA	NA	NA	NA	NA	NA	NA	NA	NA	NA	NA	NA	NA	NA	NA	NA	NA	NA	NA	NA	NA	NA	NA	NA	NA	NA	NA	NA	NA	NA	NA	NA	NA	NA	NA	NA	NA	NA	NA	NA	NA	NA	NA	NA	NA	NA	NA	NA	NA	NA	NA	NA	NA
MICALL2	1	1	1	1	1	1	1	1	1	1	1	1	1	1	1	1	1	1	1	1	1	1	1	1	1	1	1	1	1	1	1	1	1	1	1	1	1	1	1	1	1	1	1	1	1	1	1	1	1	1	1	1	1	1	1	1
HERC6	NA	NA	NA	NA	NA	NA	NA	NA	NA	NA	NA	NA	NA	NA	NA	NA	NA	NA	NA	NA	NA	NA	NA	NA	NA	NA	NA	NA	NA	NA	NA	NA	NA	NA	NA	NA	NA	NA	NA	NA	NA	NA	NA	NA	NA	NA	NA	NA	NA	NA	NA	NA	NA	NA	NA	NA
ADAP2	1	1	1	1	1	1	1	1	1	1	1	1	1	1	1	1	1	1	1	1	1	1	1	1	1	1	1	1	1	1	1	1	1	1	1	1	1	1	1	1	1	1	1	1	1	1	1	1	1	1	1	1	1	1	1	1
SLAMF8	1	1	1	1	1	1	1	1	1	1	1	1	1	1	1	1	1	1	1	1	1	1	1	1	1	1	1	1	1	1	1	1	1	1	1	1	1	1	1	1	1	1	1	1	1	1	1	1	1	1	1	1	1	1	1	1
HPSE	1	1	1	1	1	1	1	1	1	1	1	1	1	1	1	1	1	1	1	1	1	1	1	1	1	1	1	1	1	1	1	1	1	1	1	1	1	1	1	1	1	1	1	1	1	1	1	1	1	1	1	1	1	1	1	1
TMEM45A	1	1	1	1	1	1	1	1	1	1	1	1	1	1	1	1	1	1	1	1	1	1	1	1	1	1	1	1	1	1	1	1	1	1	1	1	1	1	1	1	1	1	1	1	1	1	1	1	1	1	1	1	1	1	1	1
PXMP4	543.146854948686	543.146854948686	543.146854948686	543.146854948686	543.146854948686	543.146854948686	543.146854948686	543.146854948686	543.146854948686	543.146854948686	543.146854948686	543.146854948686	543.146854948686	543.146854948686	543.146854948686	543.146854948686	543.146854948686	543.146854948686	543.146854948686	543.146854948686	543.146854948686	543.146854948686	543.146854948686	543.146854948686	543.146854948686	543.146854948686	543.146854948686	543.146854948686	543.146854948686	543.146854948686	543.146854948686	543.146854948686	543.146854948686	543.146854948686	543.146854948686	543.146854948686	543.146854948686	543.146854948686	543.146854948686	543.146854948686	543.146854948686	543.146854948686	543.146854948686	543.146854948686	543.146854948686	543.146854948686	543.146854948686	543.146854948686	543.146854948686	543.146854948686	543.146854948686	543.146854948686	543.146854948686	543.146854948686	543.146854948686	543.146854948686
CEP72	206.197467944557	206.197467944557	206.197467944557	206.197467944557	206.197467944557	206.197467944557	206.197467944557	206.197467944557	206.197467944557	206.197467944557	206.197467944557	206.197467944557	206.197467944557	206.197467944557	206.197467944557	206.197467944557	206.197467944557	206.197467944557	206.197467944557	206.197467944557	206.197467944557	206.197467944557	206.197467944557	206.197467944557	206.197467944557	206.197467944557	206.197467944557	206.197467944557	206.197467944557	206.197467944557	206.197467944557	206.197467944557	206.197467944557	206.197467944557	206.197467944557	206.197467944557	206.197467944557	206.197467944557	206.197467944557	206.197467944557	206.197467944557	206.197467944557	206.197467944557	206.197467944557	206.197467944557	206.197467944557	206.197467944557	206.197467944557	206.197467944557	206.197467944557	206.197467944557	206.197467944557	206.197467944557	206.197467944557	206.197467944557	206.197467944557
KCNJ16	1	1	1	1	1	1	1	1	1	1	1	1	1	1	1	1	1	1	1	1	1	1	1	1	1	1	1	1	1	1	1	1	1	1	1	1	1	1	1	1	1	1	1	1	1	1	1	1	1	1	1	1	1	1	1	1
AGPAT4	1	1	1	1	1	1	1	1	1	1	1	1	1	1	1	1	1	1	1	1	1	1	1	1	1	1	1	1	1	1	1	1	1	1	1	1	1	1	1	1	1	1	1	1	1	1	1	1	1	1	1	1	1	1	1	1
TRIM36	1	1	1	1	1	1	1	1	1	1	1	1	1	1	1	1	1	1	1	1	1	1	1	1	1	1	1	1	1	1	1	1	1	1	1	1	1	1	1	1	1	1	1	1	1	1	1	1	1	1	1	1	1	1	1	1
DHRS9	1	1	1	1	1	1	1	1	1	1	1	1	1	1	1	1	1	1	1	1	1	1	1	1	1	1	1	1	1	1	1	1	1	1	1	1	1	1	1	1	1	1	1	1	1	1	1	1	1	1	1	1	1	1	1	1
HERC5	NA	NA	NA	NA	NA	NA	NA	NA	NA	NA	NA	NA	NA	NA	NA	NA	NA	NA	NA	NA	NA	NA	NA	NA	NA	NA	NA	NA	NA	NA	NA	NA	NA	NA	NA	NA	NA	NA	NA	NA	NA	NA	NA	NA	NA	NA	NA	NA	NA	NA	NA	NA	NA	NA	NA	NA
RNF39	NA	NA	NA	NA	NA	NA	NA	NA	NA	NA	NA	NA	NA	NA	NA	NA	NA	NA	NA	NA	NA	NA	NA	NA	NA	NA	NA	NA	NA	NA	NA	NA	NA	NA	NA	NA	NA	NA	NA	NA	NA	NA	NA	NA	NA	NA	NA	NA	NA	NA	NA	NA	NA	NA	NA	NA
FHL5	1	1	1	1	1	1	1	1	1	1	1	1	1	1	1	1	1	1	1	1	1	1	1	1	1	1	1	1	1	1	1	1	1	1	1	1	1	1	1	1	1	1	1	1	1	1	1	1	1	1	1	1	1	1	1	1
HRASLS2	NA	NA	NA	NA	NA	NA	NA	NA	NA	NA	NA	NA	NA	NA	NA	NA	NA	NA	NA	NA	NA	NA	NA	NA	NA	NA	NA	NA	NA	NA	NA	NA	NA	NA	NA	NA	NA	NA	NA	NA	NA	NA	NA	NA	NA	NA	NA	NA	NA	NA	NA	NA	NA	NA	NA	NA
VCAN	1	1	1	1	1	1	1	1	1	1	1	1	1	1	1	1	1	1	1	1	1	1	1	1	1	1	1	1	1	1	1	1	1	1	1	1	1	1	1	1	1	1	1	1	1	1	1	1	1	1	1	1	1	1	1	1
PILRA	1	1	1	1	1	1	1	1	1	1	1	1	1	1	1	1	1	1	1	1	1	1	1	1	1	1	1	1	1	1	1	1	1	1	1	1	1	1	1	1	1	1	1	1	1	1	1	1	1	1	1	1	1	1	1	1
TRPS1	1	1	1	1	1	1	1	1	1	1	1	1	1	1	1	1	1	1	1	1	1	1	1	1	1	1	1	1	1	1	1	1	1	1	1	1	1	1	1	1	1	1	1	1	1	1	1	1	1	1	1	1	1	1	1	1
FAM122B	1622.54781095614	1622.54781095614	1622.54781095614	1622.54781095614	1622.54781095614	1622.54781095614	1622.54781095614	1622.54781095614	1622.54781095614	1622.54781095614	1622.54781095614	1622.54781095614	1622.54781095614	1622.54781095614	1622.54781095614	1622.54781095614	1622.54781095614	1622.54781095614	1622.54781095614	1622.54781095614	1622.54781095614	1622.54781095614	1622.54781095614	1622.54781095614	1622.54781095614	1622.54781095614	1622.54781095614	1622.54781095614	1622.54781095614	1622.54781095614	1622.54781095614	1622.54781095614	1622.54781095614	1622.54781095614	1622.54781095614	1622.54781095614	1622.54781095614	1622.54781095614	1622.54781095614	1622.54781095614	1622.54781095614	1622.54781095614	1622.54781095614	1622.54781095614	1622.54781095614	1622.54781095614	1622.54781095614	1622.54781095614	1622.54781095614	1622.54781095614	1622.54781095614	1622.54781095614	1622.54781095614	1622.54781095614	1622.54781095614	1622.54781095614
SNX24	1	1	1	1	1	1	1	1	1	1	1	1	1	1	1	1	1	1	1	1	1	1	1	1	1	1	1	1	1	1	1	1	1	1	1	1	1	1	1	1	1	1	1	1	1	1	1	1	1	1	1	1	1	1	1	1
IL18BP	NA	NA	NA	NA	NA	NA	NA	NA	NA	NA	NA	NA	NA	NA	NA	NA	NA	NA	NA	NA	NA	NA	NA	NA	NA	NA	NA	NA	NA	NA	NA	NA	NA	NA	NA	NA	NA	NA	NA	NA	NA	NA	NA	NA	NA	NA	NA	NA	NA	NA	NA	NA	NA	NA	NA	NA
FAM107B	NA	NA	NA	NA	NA	NA	NA	NA	NA	NA	NA	NA	NA	NA	NA	NA	NA	NA	NA	NA	NA	NA	NA	NA	NA	NA	NA	NA	NA	NA	NA	NA	NA	NA	NA	NA	NA	NA	NA	NA	NA	NA	NA	NA	NA	NA	NA	NA	NA	NA	NA	NA	NA	NA	NA	NA
ANKH	NA	NA	NA	NA	NA	NA	NA	NA	NA	NA	NA	NA	NA	NA	NA	NA	NA	NA	NA	NA	NA	NA	NA	NA	NA	NA	NA	NA	NA	NA	NA	NA	NA	NA	NA	NA	NA	NA	NA	NA	NA	NA	NA	NA	NA	NA	NA	NA	NA	NA	NA	NA	NA	NA	NA	NA
PARP9	1167.53624475705	1167.53624475705	1167.53624475705	1167.53624475705	1167.53624475705	1167.53624475705	1167.53624475705	1167.53624475705	1167.53624475705	1167.53624475705	1167.53624475705	1167.53624475705	1167.53624475705	1167.53624475705	1167.53624475705	1167.53624475705	1167.53624475705	1167.53624475705	1167.53624475705	1167.53624475705	1167.53624475705	1167.53624475705	1167.53624475705	1167.53624475705	1167.53624475705	1167.53624475705	1167.53624475705	1167.53624475705	1167.53624475705	1167.53624475705	1167.53624475705	1167.53624475705	1167.53624475705	1167.53624475705	1167.53624475705	1167.53624475705	1167.53624475705	1167.53624475705	1167.53624475705	1167.53624475705	1167.53624475705	1167.53624475705	1167.53624475705	1167.53624475705	1167.53624475705	1167.53624475705	1167.53624475705	1167.53624475705	1167.53624475705	1167.53624475705	1167.53624475705	1167.53624475705	1167.53624475705	1167.53624475705	1167.53624475705	1167.53624475705
MS4A7	NA	NA	NA	NA	NA	NA	NA	NA	NA	NA	NA	NA	NA	NA	NA	NA	NA	NA	NA	NA	NA	NA	NA	NA	NA	NA	NA	NA	NA	NA	NA	NA	NA	NA	NA	NA	NA	NA	NA	NA	NA	NA	NA	NA	NA	NA	NA	NA	NA	NA	NA	NA	NA	NA	NA	NA
TNFSF13B	NA	NA	NA	NA	NA	NA	NA	NA	NA	NA	NA	NA	NA	NA	NA	NA	NA	NA	NA	NA	NA	NA	NA	NA	NA	NA	NA	NA	NA	NA	NA	NA	NA	NA	NA	NA	NA	NA	NA	NA	NA	NA	NA	NA	NA	NA	NA	NA	NA	NA	NA	NA	NA	NA	NA	NA
PARVG	NA	NA	NA	NA	NA	NA	NA	NA	NA	NA	NA	NA	NA	NA	NA	NA	NA	NA	NA	NA	NA	NA	NA	NA	NA	NA	NA	NA	NA	NA	NA	NA	NA	NA	NA	NA	NA	NA	NA	NA	NA	NA	NA	NA	NA	NA	NA	NA	NA	NA	NA	NA	NA	NA	NA	NA
ITLN1	1	1	1	1	1	1	1	1	1	1	1	1	1	1	1	1	1	1	1	1	1	1	1	1	1	1	1	1	1	1	1	1	1	1	1	1	1	1	1	1	1	1	1	1	1	1	1	1	1	1	1	1	1	1	1	1
C1QTNF2	1	1	1	1	1	1	1	1	1	1	1	1	1	1	1	1	1	1	1	1	1	1	1	1	1	1	1	1	1	1	1	1	1	1	1	1	1	1	1	1	1	1	1	1	1	1	1	1	1	1	1	1	1	1	1	1
MS4A6A	NA	NA	NA	NA	NA	NA	NA	NA	NA	NA	NA	NA	NA	NA	NA	NA	NA	NA	NA	NA	NA	NA	NA	NA	NA	NA	NA	NA	NA	NA	NA	NA	NA	NA	NA	NA	NA	NA	NA	NA	NA	NA	NA	NA	NA	NA	NA	NA	NA	NA	NA	NA	NA	NA	NA	NA
AGPAT9	1	1	1	1	1	1	1	1	1	1	1	1	1	1	1	1	1	1	1	1	1	1	1	1	1	1	1	1	1	1	1	1	1	1	1	1	1	1	1	1	1	1	1	1	1	1	1	1	1	1	1	1	1	1	1	1
FKBP5	NA	NA	NA	NA	NA	NA	NA	NA	NA	NA	NA	NA	NA	NA	NA	NA	NA	NA	NA	NA	NA	NA	NA	NA	NA	NA	NA	NA	NA	NA	NA	NA	NA	NA	NA	NA	NA	NA	NA	NA	NA	NA	NA	NA	NA	NA	NA	NA	NA	NA	NA	NA	NA	NA	NA	NA
SMAD5	NA	NA	NA	NA	NA	NA	NA	NA	NA	NA	NA	NA	NA	NA	NA	NA	NA	NA	NA	NA	NA	NA	NA	NA	NA	NA	NA	NA	NA	NA	NA	NA	NA	NA	NA	NA	NA	NA	NA	NA	NA	NA	NA	NA	NA	NA	NA	NA	NA	NA	NA	NA	NA	NA	NA	NA
C1QC	NA	NA	NA	NA	NA	NA	NA	NA	NA	NA	NA	NA	NA	NA	NA	NA	NA	NA	NA	NA	NA	NA	NA	NA	NA	NA	NA	NA	NA	NA	NA	NA	NA	NA	NA	NA	NA	NA	NA	NA	NA	NA	NA	NA	NA	NA	NA	NA	NA	NA	NA	NA	NA	NA	NA	NA
AMOTL1	1	1	1	1	1	1	1	1	1	1	1	1	1	1	1	1	1	1	1	1	1	1	1	1	1	1	1	1	1	1	1	1	1	1	1	1	1	1	1	1	1	1	1	1	1	1	1	1	1	1	1	1	1	1	1	1
ANTXR2	1	1	1	1	1	1	1	1	1	1	1	1	1	1	1	1	1	1	1	1	1	1	1	1	1	1	1	1	1	1	1	1	1	1	1	1	1	1	1	1	1	1	1	1	1	1	1	1	1	1	1	1	1	1	1	1
STAT2	NA	NA	NA	NA	NA	NA	NA	NA	NA	NA	NA	NA	NA	NA	NA	NA	NA	NA	NA	NA	NA	NA	NA	NA	NA	NA	NA	NA	NA	NA	NA	NA	NA	NA	NA	NA	NA	NA	NA	NA	NA	NA	NA	NA	NA	NA	NA	NA	NA	NA	NA	NA	NA	NA	NA	NA
PARM1	1	1	1	1	1	1	1	1	1	1	1	1	1	1	1	1	1	1	1	1	1	1	1	1	1	1	1	1	1	1	1	1	1	1	1	1	1	1	1	1	1	1	1	1	1	1	1	1	1	1	1	1	1	1	1	1
RNF213	1413.59458756754	1413.59458756754	1413.59458756754	1413.59458756754	1413.59458756754	1413.59458756754	1413.59458756754	1413.59458756754	1413.59458756754	1413.59458756754	1413.59458756754	1413.59458756754	1413.59458756754	1413.59458756754	1413.59458756754	1413.59458756754	1413.59458756754	1413.59458756754	1413.59458756754	1413.59458756754	1413.59458756754	1413.59458756754	1413.59458756754	1413.59458756754	1413.59458756754	1413.59458756754	1413.59458756754	1413.59458756754	1413.59458756754	1413.59458756754	1413.59458756754	1413.59458756754	1413.59458756754	1413.59458756754	1413.59458756754	1413.59458756754	1413.59458756754	1413.59458756754	1413.59458756754	1413.59458756754	1413.59458756754	1413.59458756754	1413.59458756754	1413.59458756754	1413.59458756754	1413.59458756754	1413.59458756754	1413.59458756754	1413.59458756754	1413.59458756754	1413.59458756754	1413.59458756754	1413.59458756754	1413.59458756754	1413.59458756754	1413.59458756754
GPSM1	1	1	1	1	1	1	1	1	1	1	1	1	1	1	1	1	1	1	1	1	1	1	1	1	1	1	1	1	1	1	1	1	1	1	1	1	1	1	1	1	1	1	1	1	1	1	1	1	1	1	1	1	1	1	1	1
MRVI1	1	1	1	1	1	1	1	1	1	1	1	1	1	1	1	1	1	1	1	1	1	1	1	1	1	1	1	1	1	1	1	1	1	1	1	1	1	1	1	1	1	1	1	1	1	1	1	1	1	1	1	1	1	1	1	1
MAP1B	1	1	1	1	1	1	1	1	1	1	1	1	1	1	1	1	1	1	1	1	1	1	1	1	1	1	1	1	1	1	1	1	1	1	1	1	1	1	1	1	1	1	1	1	1	1	1	1	1	1	1	1	1	1	1	1
ADAMTS2	1	1	1	1	1	1	1	1	1	1	1	1	1	1	1	1	1	1	1	1	1	1	1	1	1	1	1	1	1	1	1	1	1	1	1	1	1	1	1	1	1	1	1	1	1	1	1	1	1	1	1	1	1	1	1	1
FUT11	NA	NA	NA	NA	NA	NA	NA	NA	NA	NA	NA	NA	NA	NA	NA	NA	NA	NA	NA	NA	NA	NA	NA	NA	NA	NA	NA	NA	NA	NA	NA	NA	NA	NA	NA	NA	NA	NA	NA	NA	NA	NA	NA	NA	NA	NA	NA	NA	NA	NA	NA	NA	NA	NA	NA	NA
PIK3AP1	NA	NA	NA	NA	NA	NA	NA	NA	NA	NA	NA	NA	NA	NA	NA	NA	NA	NA	NA	NA	NA	NA	NA	NA	NA	NA	NA	NA	NA	NA	NA	NA	NA	NA	NA	NA	NA	NA	NA	NA	NA	NA	NA	NA	NA	NA	NA	NA	NA	NA	NA	NA	NA	NA	NA	NA
GGT7	288.118052251858	288.118052251858	288.118052251858	288.118052251858	288.118052251858	288.118052251858	288.118052251858	288.118052251858	288.118052251858	288.118052251858	288.118052251858	288.118052251858	288.118052251858	288.118052251858	288.118052251858	288.118052251858	288.118052251858	288.118052251858	288.118052251858	288.118052251858	288.118052251858	288.118052251858	288.118052251858	288.118052251858	288.118052251858	288.118052251858	288.118052251858	288.118052251858	288.118052251858	288.118052251858	288.118052251858	288.118052251858	288.118052251858	288.118052251858	288.118052251858	288.118052251858	288.118052251858	288.118052251858	288.118052251858	288.118052251858	288.118052251858	288.118052251858	288.118052251858	288.118052251858	288.118052251858	288.118052251858	288.118052251858	288.118052251858	288.118052251858	288.118052251858	288.118052251858	288.118052251858	288.118052251858	288.118052251858	288.118052251858	288.118052251858
BCAT1	1	1	1	1	1	1	1	1	1	1	1	1	1	1	1	1	1	1	1	1	1	1	1	1	1	1	1	1	1	1	1	1	1	1	1	1	1	1	1	1	1	1	1	1	1	1	1	1	1	1	1	1	1	1	1	1
CD109	1	1	1	1	1	1	1	1	1	1	1	1	1	1	1	1	1	1	1	1	1	1	1	1	1	1	1	1	1	1	1	1	1	1	1	1	1	1	1	1	1	1	1	1	1	1	1	1	1	1	1	1	1	1	1	1
SAMD9L	NA	NA	NA	NA	NA	NA	NA	NA	NA	NA	NA	NA	NA	NA	NA	NA	NA	NA	NA	NA	NA	NA	NA	NA	NA	NA	NA	NA	NA	NA	NA	NA	NA	NA	NA	NA	NA	NA	NA	NA	NA	NA	NA	NA	NA	NA	NA	NA	NA	NA	NA	NA	NA	NA	NA	NA
ZNF521	1	1	1	1	1	1	1	1	1	1	1	1	1	1	1	1	1	1	1	1	1	1	1	1	1	1	1	1	1	1	1	1	1	1	1	1	1	1	1	1	1	1	1	1	1	1	1	1	1	1	1	1	1	1	1	1
PRRX1	1	1	1	1	1	1	1	1	1	1	1	1	1	1	1	1	1	1	1	1	1	1	1	1	1	1	1	1	1	1	1	1	1	1	1	1	1	1	1	1	1	1	1	1	1	1	1	1	1	1	1	1	1	1	1	1
CMPK2	1048.92124013235	1048.92124013235	1048.92124013235	1048.92124013235	1048.92124013235	1048.92124013235	1048.92124013235	1048.92124013235	1048.92124013235	1048.92124013235	1048.92124013235	1048.92124013235	1048.92124013235	1048.92124013235	1048.92124013235	1048.92124013235	1048.92124013235	1048.92124013235	1048.92124013235	1048.92124013235	1048.92124013235	1048.92124013235	1048.92124013235	1048.92124013235	1048.92124013235	1048.92124013235	1048.92124013235	1048.92124013235	1048.92124013235	1048.92124013235	1048.92124013235	1048.92124013235	1048.92124013235	1048.92124013235	1048.92124013235	1048.92124013235	1048.92124013235	1048.92124013235	1048.92124013235	1048.92124013235	1048.92124013235	1048.92124013235	1048.92124013235	1048.92124013235	1048.92124013235	1048.92124013235	1048.92124013235	1048.92124013235	1048.92124013235	1048.92124013235	1048.92124013235	1048.92124013235	1048.92124013235	1048.92124013235	1048.92124013235	1048.92124013235
FAM20C	1	1	1	1	1	1	1	1	1	1	1	1	1	1	1	1	1	1	1	1	1	1	1	1	1	1	1	1	1	1	1	1	1	1	1	1	1	1	1	1	1	1	1	1	1	1	1	1	1	1	1	1	1	1	1	1
MBOAT2	1	1	1	1	1	1	1	1	1	1	1	1	1	1	1	1	1	1	1	1	1	1	1	1	1	1	1	1	1	1	1	1	1	1	1	1	1	1	1	1	1	1	1	1	1	1	1	1	1	1	1	1	1	1	1	1
EMB	NA	NA	NA	NA	NA	NA	NA	NA	NA	NA	NA	NA	NA	NA	NA	NA	NA	NA	NA	NA	NA	NA	NA	NA	NA	NA	NA	NA	NA	NA	NA	NA	NA	NA	NA	NA	NA	NA	NA	NA	NA	NA	NA	NA	NA	NA	NA	NA	NA	NA	NA	NA	NA	NA	NA	NA
FAM20A	1	1	1	1	1	1	1	1	1	1	1	1	1	1	1	1	1	1	1	1	1	1	1	1	1	1	1	1	1	1	1	1	1	1	1	1	1	1	1	1	1	1	1	1	1	1	1	1	1	1	1	1	1	1	1	1
LATS2	1	1	1	1	1	1	1	1	1	1	1	1	1	1	1	1	1	1	1	1	1	1	1	1	1	1	1	1	1	1	1	1	1	1	1	1	1	1	1	1	1	1	1	1	1	1	1	1	1	1	1	1	1	1	1	1
ASPHD2	NA	NA	NA	NA	NA	NA	NA	NA	NA	NA	NA	NA	NA	NA	NA	NA	NA	NA	NA	NA	NA	NA	NA	NA	NA	NA	NA	NA	NA	NA	NA	NA	NA	NA	NA	NA	NA	NA	NA	NA	NA	NA	NA	NA	NA	NA	NA	NA	NA	NA	NA	NA	NA	NA	NA	NA
ELOVL7	NA	NA	NA	NA	NA	NA	NA	NA	NA	NA	NA	NA	NA	NA	NA	NA	NA	NA	NA	NA	NA	NA	NA	NA	NA	NA	NA	NA	NA	NA	NA	NA	NA	NA	NA	NA	NA	NA	NA	NA	NA	NA	NA	NA	NA	NA	NA	NA	NA	NA	NA	NA	NA	NA	NA	NA
SFMBT2	1	1	1	1	1	1	1	1	1	1	1	1	1	1	1	1	1	1	1	1	1	1	1	1	1	1	1	1	1	1	1	1	1	1	1	1	1	1	1	1	1	1	1	1	1	1	1	1	1	1	1	1	1	1	1	1
CCNYL1	1	1	1	1	1	1	1	1	1	1	1	1	1	1	1	1	1	1	1	1	1	1	1	1	1	1	1	1	1	1	1	1	1	1	1	1	1	1	1	1	1	1	1	1	1	1	1	1	1	1	1	1	1	1	1	1
ZBTB46	1	1	1	1	1	1	1	1	1	1	1	1	1	1	1	1	1	1	1	1	1	1	1	1	1	1	1	1	1	1	1	1	1	1	1	1	1	1	1	1	1	1	1	1	1	1	1	1	1	1	1	1	1	1	1	1
CD274	NA	NA	NA	NA	NA	NA	NA	NA	NA	NA	NA	NA	NA	NA	NA	NA	NA	NA	NA	NA	NA	NA	NA	NA	NA	NA	NA	NA	NA	NA	NA	NA	NA	NA	NA	NA	NA	NA	NA	NA	NA	NA	NA	NA	NA	NA	NA	NA	NA	NA	NA	NA	NA	NA	NA	NA
SLC16A9	NA	NA	NA	NA	NA	NA	NA	NA	NA	NA	NA	NA	NA	NA	NA	NA	NA	NA	NA	NA	NA	NA	NA	NA	NA	NA	NA	NA	NA	NA	NA	NA	NA	NA	NA	NA	NA	NA	NA	NA	NA	NA	NA	NA	NA	NA	NA	NA	NA	NA	NA	NA	NA	NA	NA	NA
GPX8	1	1	1	1	1	1	1	1	1	1	1	1	1	1	1	1	1	1	1	1	1	1	1	1	1	1	1	1	1	1	1	1	1	1	1	1	1	1	1	1	1	1	1	1	1	1	1	1	1	1	1	1	1	1	1	1
PIK3R5	1	1	1	1	1	1	1	1	1	1	1	1	1	1	1	1	1	1	1	1	1	1	1	1	1	1	1	1	1	1	1	1	1	1	1	1	1	1	1	1	1	1	1	1	1	1	1	1	1	1	1	1	1	1	1	1
FAM65C	NA	NA	NA	NA	NA	NA	NA	NA	NA	NA	NA	NA	NA	NA	NA	NA	NA	NA	NA	NA	NA	NA	NA	NA	NA	NA	NA	NA	NA	NA	NA	NA	NA	NA	NA	NA	NA	NA	NA	NA	NA	NA	NA	NA	NA	NA	NA	NA	NA	NA	NA	NA	NA	NA	NA	NA
MRGPRF	1	1	1	1	1	1	1	1	1	1	1	1	1	1	1	1	1	1	1	1	1	1	1	1	1	1	1	1	1	1	1	1	1	1	1	1	1	1	1	1	1	1	1	1	1	1	1	1	1	1	1	1	1	1	1	1
ACER3	1	1	1	1	1	1	1	1	1	1	1	1	1	1	1	1	1	1	1	1	1	1	1	1	1	1	1	1	1	1	1	1	1	1	1	1	1	1	1	1	1	1	1	1	1	1	1	1	1	1	1	1	1	1	1	1
CPXM1	1	1	1	1	1	1	1	1	1	1	1	1	1	1	1	1	1	1	1	1	1	1	1	1	1	1	1	1	1	1	1	1	1	1	1	1	1	1	1	1	1	1	1	1	1	1	1	1	1	1	1	1	1	1	1	1
SHANK3	1	1	1	1	1	1	1	1	1	1	1	1	1	1	1	1	1	1	1	1	1	1	1	1	1	1	1	1	1	1	1	1	1	1	1	1	1	1	1	1	1	1	1	1	1	1	1	1	1	1	1	1	1	1	1	1
S100A16	NA	NA	NA	NA	NA	NA	NA	NA	NA	NA	NA	NA	NA	NA	NA	NA	NA	NA	NA	NA	NA	NA	NA	NA	NA	NA	NA	NA	NA	NA	NA	NA	NA	NA	NA	NA	NA	NA	NA	NA	NA	NA	NA	NA	NA	NA	NA	NA	NA	NA	NA	NA	NA	NA	NA	NA
LINC00261	1	1	1	1	1	1	1	1	1	1	1	1	1	1	1	1	1	1	1	1	1	1	1	1	1	1	1	1	1	1	1	1	1	1	1	1	1	1	1	1	1	1	1	1	1	1	1	1	1	1	1	1	1	1	1	1
PAPPA	1	1	1	1	1	1	1	1	1	1	1	1	1	1	1	1	1	1	1	1	1	1	1	1	1	1	1	1	1	1	1	1	1	1	1	1	1	1	1	1	1	1	1	1	1	1	1	1	1	1	1	1	1	1	1	1
DDX60L	NA	NA	NA	NA	NA	NA	NA	NA	NA	NA	NA	NA	NA	NA	NA	NA	NA	NA	NA	NA	NA	NA	NA	NA	NA	NA	NA	NA	NA	NA	NA	NA	NA	NA	NA	NA	NA	NA	NA	NA	NA	NA	NA	NA	NA	NA	NA	NA	NA	NA	NA	NA	NA	NA	NA	NA
ALPK2	1	1	1	1	1	1	1	1	1	1	1	1	1	1	1	1	1	1	1	1	1	1	1	1	1	1	1	1	1	1	1	1	1	1	1	1	1	1	1	1	1	1	1	1	1	1	1	1	1	1	1	1	1	1	1	1
XAF1	NA	NA	NA	NA	NA	NA	NA	NA	NA	NA	NA	NA	NA	NA	NA	NA	NA	NA	NA	NA	NA	NA	NA	NA	NA	NA	NA	NA	NA	NA	NA	NA	NA	NA	NA	NA	NA	NA	NA	NA	NA	NA	NA	NA	NA	NA	NA	NA	NA	NA	NA	NA	NA	NA	NA	NA
RUNX1T1	1	1	1	1	1	1	1	1	1	1	1	1	1	1	1	1	1	1	1	1	1	1	1	1	1	1	1	1	1	1	1	1	1	1	1	1	1	1	1	1	1	1	1	1	1	1	1	1	1	1	1	1	1	1	1	1
ARL10	NA	NA	NA	NA	NA	NA	NA	NA	NA	NA	NA	NA	NA	NA	NA	NA	NA	NA	NA	NA	NA	NA	NA	NA	NA	NA	NA	NA	NA	NA	NA	NA	NA	NA	NA	NA	NA	NA	NA	NA	NA	NA	NA	NA	NA	NA	NA	NA	NA	NA	NA	NA	NA	NA	NA	NA
CMKLR1	NA	NA	NA	NA	NA	NA	NA	NA	NA	NA	NA	NA	NA	NA	NA	NA	NA	NA	NA	NA	NA	NA	NA	NA	NA	NA	NA	NA	NA	NA	NA	NA	NA	NA	NA	NA	NA	NA	NA	NA	NA	NA	NA	NA	NA	NA	NA	NA	NA	NA	NA	NA	NA	NA	NA	NA
EPB41L5	846.882512775297	795.66744107018	803.109238508602	831.449600257966	762.745835529013	812.708929596073	753.054562258489	821.721600808901	803.991096772349	825.40842132892	807.207361202364	805.1947000547	861.729013958585	916.133888602594	854.867003580293	758.878340356916	918.708970801835	791.974311428778	902.325890191458	761.826462507756	839.991517274603	931.408462534682	882.023259579233	777.1917538956	944.959781755198	885.438757798133	967.875249946535	810.133847396831	911.194741260462	945.991558480365	992.358172025152	937.449641463728	1008.32593139722	931.638568886291	914.41310674175	806.377214426455	876.321127107359	901.667482275942	967.729055164347	877.050313820198	974.745917940538	808.413065535988	931.589137186761	853.932229276646	838.959740549436	891.845589484575	988.023300784995	959.932270482409	937.048473329068	770.44221073227	794.80480142318	909.991137978112	831.048432123305	945.186178777803	922.898675678651	783.277501676655
LINC00920	NA	NA	NA	NA	NA	NA	NA	NA	NA	NA	NA	NA	NA	NA	NA	NA	NA	NA	NA	NA	NA	NA	NA	NA	NA	NA	NA	NA	NA	NA	NA	NA	NA	NA	NA	NA	NA	NA	NA	NA	NA	NA	NA	NA	NA	NA	NA	NA	NA	NA	NA	NA	NA	NA	NA	NA
TWIST2	1	1	1	1	1	1	1	1	1	1	1	1	1	1	1	1	1	1	1	1	1	1	1	1	1	1	1	1	1	1	1	1	1	1	1	1	1	1	1	1	1	1	1	1	1	1	1	1	1	1	1	1	1	1	1	1
IFIT3	NA	NA	NA	NA	NA	NA	NA	NA	NA	NA	NA	NA	NA	NA	NA	NA	NA	NA	NA	NA	NA	NA	NA	NA	NA	NA	NA	NA	NA	NA	NA	NA	NA	NA	NA	NA	NA	NA	NA	NA	NA	NA	NA	NA	NA	NA	NA	NA	NA	NA	NA	NA	NA	NA	NA	NA
MS4A14	1	1	1	1	1	1	1	1	1	1	1	1	1	1	1	1	1	1	1	1	1	1	1	1	1	1	1	1	1	1	1	1	1	1	1	1	1	1	1	1	1	1	1	1	1	1	1	1	1	1	1	1	1	1	1	1
GBP5	275.873938705679	275.873938705679	275.873938705679	275.873938705679	275.873938705679	275.873938705679	275.873938705679	275.873938705679	275.873938705679	275.873938705679	275.873938705679	275.873938705679	275.873938705679	275.873938705679	275.873938705679	275.873938705679	275.873938705679	275.873938705679	275.873938705679	275.873938705679	275.873938705679	275.873938705679	275.873938705679	275.873938705679	275.873938705679	275.873938705679	275.873938705679	275.873938705679	275.873938705679	275.873938705679	275.873938705679	275.873938705679	275.873938705679	275.873938705679	275.873938705679	275.873938705679	275.873938705679	275.873938705679	275.873938705679	275.873938705679	275.873938705679	275.873938705679	275.873938705679	275.873938705679	275.873938705679	275.873938705679	275.873938705679	275.873938705679	275.873938705679	275.873938705679	275.873938705679	275.873938705679	275.873938705679	275.873938705679	275.873938705679	275.873938705679
TRIM13	NA	NA	NA	NA	NA	NA	NA	NA	NA	NA	NA	NA	NA	NA	NA	NA	NA	NA	NA	NA	NA	NA	NA	NA	NA	NA	NA	NA	NA	NA	NA	NA	NA	NA	NA	NA	NA	NA	NA	NA	NA	NA	NA	NA	NA	NA	NA	NA	NA	NA	NA	NA	NA	NA	NA	NA
THSD7A	1	1	1	1	1	1	1	1	1	1	1	1	1	1	1	1	1	1	1	1	1	1	1	1	1	1	1	1	1	1	1	1	1	1	1	1	1	1	1	1	1	1	1	1	1	1	1	1	1	1	1	1	1	1	1	1
AC006026.13	NA	NA	NA	NA	NA	NA	NA	NA	NA	NA	NA	NA	NA	NA	NA	NA	NA	NA	NA	NA	NA	NA	NA	NA	NA	NA	NA	NA	NA	NA	NA	NA	NA	NA	NA	NA	NA	NA	NA	NA	NA	NA	NA	NA	NA	NA	NA	NA	NA	NA	NA	NA	NA	NA	NA	NA
CD84	NA	NA	NA	NA	NA	NA	NA	NA	NA	NA	NA	NA	NA	NA	NA	NA	NA	NA	NA	NA	NA	NA	NA	NA	NA	NA	NA	NA	NA	NA	NA	NA	NA	NA	NA	NA	NA	NA	NA	NA	NA	NA	NA	NA	NA	NA	NA	NA	NA	NA	NA	NA	NA	NA	NA	NA
PDZD8	1685.96498572523	1323.31757287349	2008.08431938775	1501.892954658	1392.76994141202	1982.67433698268	3676.02895403659	1050.30801391719	1929.07695112006	1214.69987454382	2878.31773185774	3405.31143001938	3401.14822434013	2096.47536209665	1411.84484967818	1166.26041010441	2102.82023965107	2978.12743355731	2094.89078102985	1745.22964437569	2199.79447513728	1638.85088251755	1646.32560191631	1206.39100967336	1945.74937472957	1156.25617143362	624.704182567314	3631.15354410616	1033.56222320773	2642.49488900372	3399.88105453033	3129.93164863727	1832.08597328709	1566.18863603319	1196.401192667	2526.5424928165	2672.63567156632	3661.23711780064	3454.27762657279	1924.91374544082	4694.55717024548	1675.38413252584	3466.33107913783	3579.05471855038	5048.94431989528	3421.98385362889	3666.91558348804	1567.53277130206	3746.12853561713	2190.68110458873	2551.08842164697	3151.61861142515	1402.08325295843	3571.12525992917	3308.3204521864	3458.90881588199
FPR3	1	1	1	1	1	1	1	1	1	1	1	1	1	1	1	1	1	1	1	1	1	1	1	1	1	1	1	1	1	1	1	1	1	1	1	1	1	1	1	1	1	1	1	1	1	1	1	1	1	1	1	1	1	1	1	1
FRMD3	1	1	1	1	1	1	1	1	1	1	1	1	1	1	1	1	1	1	1	1	1	1	1	1	1	1	1	1	1	1	1	1	1	1	1	1	1	1	1	1	1	1	1	1	1	1	1	1	1	1	1	1	1	1	1	1
SH3PXD2B	1	1	1	1	1	1	1	1	1	1	1	1	1	1	1	1	1	1	1	1	1	1	1	1	1	1	1	1	1	1	1	1	1	1	1	1	1	1	1	1	1	1	1	1	1	1	1	1	1	1	1	1	1	1	1	1
MASP1	1	1	1	1	1	1	1	1	1	1	1	1	1	1	1	1	1	1	1	1	1	1	1	1	1	1	1	1	1	1	1	1	1	1	1	1	1	1	1	1	1	1	1	1	1	1	1	1	1	1	1	1	1	1	1	1
KIF26A	NA	NA	NA	NA	NA	NA	NA	NA	NA	NA	NA	NA	NA	NA	NA	NA	NA	NA	NA	NA	NA	NA	NA	NA	NA	NA	NA	NA	NA	NA	NA	NA	NA	NA	NA	NA	NA	NA	NA	NA	NA	NA	NA	NA	NA	NA	NA	NA	NA	NA	NA	NA	NA	NA	NA	NA
PARD6B	376.531526669182	376.531526669182	376.531526669182	376.531526669182	376.531526669182	376.531526669182	376.531526669182	376.531526669182	376.531526669182	376.531526669182	376.531526669182	376.531526669182	376.531526669182	376.531526669182	376.531526669182	376.531526669182	376.531526669182	376.531526669182	376.531526669182	376.531526669182	376.531526669182	376.531526669182	376.531526669182	376.531526669182	376.531526669182	376.531526669182	376.531526669182	376.531526669182	376.531526669182	376.531526669182	376.531526669182	376.531526669182	376.531526669182	376.531526669182	376.531526669182	376.531526669182	376.531526669182	376.531526669182	376.531526669182	376.531526669182	376.531526669182	376.531526669182	376.531526669182	376.531526669182	376.531526669182	376.531526669182	376.531526669182	376.531526669182	376.531526669182	376.531526669182	376.531526669182	376.531526669182	376.531526669182	376.531526669182	376.531526669182	376.531526669182
ITGA8	1	1	1	1	1	1	1	1	1	1	1	1	1	1	1	1	1	1	1	1	1	1	1	1	1	1	1	1	1	1	1	1	1	1	1	1	1	1	1	1	1	1	1	1	1	1	1	1	1	1	1	1	1	1	1	1
TNFSF8	NA	NA	NA	NA	NA	NA	NA	NA	NA	NA	NA	NA	NA	NA	NA	NA	NA	NA	NA	NA	NA	NA	NA	NA	NA	NA	NA	NA	NA	NA	NA	NA	NA	NA	NA	NA	NA	NA	NA	NA	NA	NA	NA	NA	NA	NA	NA	NA	NA	NA	NA	NA	NA	NA	NA	NA
AF070581	NA	NA	NA	NA	NA	NA	NA	NA	NA	NA	NA	NA	NA	NA	NA	NA	NA	NA	NA	NA	NA	NA	NA	NA	NA	NA	NA	NA	NA	NA	NA	NA	NA	NA	NA	NA	NA	NA	NA	NA	NA	NA	NA	NA	NA	NA	NA	NA	NA	NA	NA	NA	NA	NA	NA	NA
SDR16C5	1	1	1	1	1	1	1	1	1	1	1	1	1	1	1	1	1	1	1	1	1	1	1	1	1	1	1	1	1	1	1	1	1	1	1	1	1	1	1	1	1	1	1	1	1	1	1	1	1	1	1	1	1	1	1	1
SLC19A3	34.6193257997963	34.2674018558691	34.6503086925947	34.4626639691551	34.4276996685262	34.4946244588492	34.4391039487377	34.4921487952666	34.3458551926043	34.138827610087	34.1909201985231	34.293502408514	34.1527433778826	34.1693272413546	34.3507094704271	34.3789778042361	34.3571742351713	34.3099096513008	33.7903968753729	34.4623879105976	34.5389339439059	34.2759147409617	34.1636041228069	34.6566946920318	34.0789800027413	34.5945492870764	34.5341839751443	33.9607906197962	34.4886569741775	34.4681128773173	33.8427653509429	34.4482033746205	34.3346861640207	34.6460762767351	34.1037565154612	34.4907383417196	34.2774072918218	34.3182789212339	34.487440481875	34.6044078059886	34.6092374575926	34.4738035253388	34.1445507286347	34.5194009715691	34.6319181793119	34.4524761812461	34.4530662211725	34.2594496041689	34.215696711243	34.4985800380587	34.3502109971886	33.9868754809614	34.0924108408981	34.4282897084526	34.117187353618	34.4729798873404
FFAR4	1	1	1	1	1	1	1	1	1	1	1	1	1	1	1	1	1	1	1	1	1	1	1	1	1	1	1	1	1	1	1	1	1	1	1	1	1	1	1	1	1	1	1	1	1	1	1	1	1	1	1	1	1	1	1	1
LOC643733	NA	NA	NA	NA	NA	NA	NA	NA	NA	NA	NA	NA	NA	NA	NA	NA	NA	NA	NA	NA	NA	NA	NA	NA	NA	NA	NA	NA	NA	NA	NA	NA	NA	NA	NA	NA	NA	NA	NA	NA	NA	NA	NA	NA	NA	NA	NA	NA	NA	NA	NA	NA	NA	NA	NA	NA
LOC344887	1	1	1	1	1	1	1	1	1	1	1	1	1	1	1	1	1	1	1	1	1	1	1	1	1	1	1	1	1	1	1	1	1	1	1	1	1	1	1	1	1	1	1	1	1	1	1	1	1	1	1	1	1	1	1	1
SCNN1G	1	1	1	1	1	1	1	1	1	1	1	1	1	1	1	1	1	1	1	1	1	1	1	1	1	1	1	1	1	1	1	1	1	1	1	1	1	1	1	1	1	1	1	1	1	1	1	1	1	1	1	1	1	1	1	1
AL132709.8	NA	NA	NA	NA	NA	NA	NA	NA	NA	NA	NA	NA	NA	NA	NA	NA	NA	NA	NA	NA	NA	NA	NA	NA	NA	NA	NA	NA	NA	NA	NA	NA	NA	NA	NA	NA	NA	NA	NA	NA	NA	NA	NA	NA	NA	NA	NA	NA	NA	NA	NA	NA	NA	NA	NA	NA
GAS2L1	1	1	1	1	1	1	1	1	1	1	1	1	1	1	1	1	1	1	1	1	1	1	1	1	1	1	1	1	1	1	1	1	1	1	1	1	1	1	1	1	1	1	1	1	1	1	1	1	1	1	1	1	1	1	1	1
CELSR3	345.752726655624	345.752726655624	345.752726655624	345.752726655624	345.752726655624	345.752726655624	345.752726655624	345.752726655624	345.752726655624	345.752726655624	345.752726655624	345.752726655624	345.752726655624	345.752726655624	345.752726655624	345.752726655624	345.752726655624	345.752726655624	345.752726655624	345.752726655624	345.752726655624	345.752726655624	345.752726655624	345.752726655624	345.752726655624	345.752726655624	345.752726655624	345.752726655624	345.752726655624	345.752726655624	345.752726655624	345.752726655624	345.752726655624	345.752726655624	345.752726655624	345.752726655624	345.752726655624	345.752726655624	345.752726655624	345.752726655624	345.752726655624	345.752726655624	345.752726655624	345.752726655624	345.752726655624	345.752726655624	345.752726655624	345.752726655624	345.752726655624	345.752726655624	345.752726655624	345.752726655624	345.752726655624	345.752726655624	345.752726655624	345.752726655624
PI3	NA	NA	NA	NA	NA	NA	NA	NA	NA	NA	NA	NA	NA	NA	NA	NA	NA	NA	NA	NA	NA	NA	NA	NA	NA	NA	NA	NA	NA	NA	NA	NA	NA	NA	NA	NA	NA	NA	NA	NA	NA	NA	NA	NA	NA	NA	NA	NA	NA	NA	NA	NA	NA	NA	NA	NA
DENND2A	1	1	1	1	1	1	1	1	1	1	1	1	1	1	1	1	1	1	1	1	1	1	1	1	1	1	1	1	1	1	1	1	1	1	1	1	1	1	1	1	1	1	1	1	1	1	1	1	1	1	1	1	1	1	1	1
