id	S01_Fib	p.value_S01_Fib	S02_Fib	p.value_S02_Fib	S03_Fib	p.value_S03_Fib	S04_Fib	p.value_S04_Fib	S05_Fib	p.value_S05_Fib	S06_Fib	p.value_S06_Fib	S07_Fib	p.value_S07_Fib	S08_Fib	p.value_S08_Fib	S01_End	p.value_S01_End	S02_End	p.value_S02_End	S03_End	p.value_S03_End	S04_End	p.value_S04_End	S05_End	p.value_S05_End
Bcells_SIGLEC10	-0.423057664110263	0.00116027680358754	0.445325007384801	0.000583428075479656	0.352449457342593	0.00771984455277404	0.0946929138976505	0.487558821240029	-0.295068157978561	0.0272655292702756	-0.446897914475802	0.000554780325005763	0.746439337560247	4.00983900048254e-11	-0.102078050522093	0.454091099072948	0.262870619896154	0.0503063308515542	0.569936165250721	4.54177037752075e-06	0.501567183291433	8.21895290312053e-05	-0.645339453674653	7.897900095564e-08	-0.455379271670207	0.000421104438328916
Bcells_RIMS3	-0.214103301489943	0.113079792131749	0.644852995799965	8.13615120342279e-08	0.0103717551339371	0.939525270708469	0.266492283221633	0.0471078433920611	-0.14037918027062	0.302105394415051	-0.361695422733792	0.00616190100206569	0.340289590411183	0.0102836475702763	-0.423729875697808	0.00113721189500591	0.669854709435777	1.6445340904065e-08	0.276084132407705	0.0394324326970579	0.270272130963534	0.0439489361283824	-0.385388947206227	0.00335529649899894	-0.311692624995741	0.0193628103044677
Bcells_CFD	-0.202103415711022	0.135239793295313	0.673276074306808	1.30568302860632e-08	0.0194921627196861	0.886614344635653	0.206639182848491	0.12650921901544	-0.063113941907495	0.64400229093995	-0.345411290057601	0.00912570403346173	0.373214797109469	0.00461075778102982	-0.432185190285433	0.000880273420027685	0.734991052407338	1.12236748766926e-10	0.26760067821802	0.0461628733474746	0.256507668949503	0.0563528713416422	-0.383854889436001	0.00349470587392043	-0.314953625514172	0.0180663747203665
Bcells_TP53I3	-0.213815631552539	0.113576268236151	0.629195397723582	2.06061631517855e-07	-0.0284599171019404	0.835062557801845	0.268529373880955	0.0453831025109343	-0.171259965642702	0.206936259249238	-0.422923467431227	0.00116493134299181	0.449876692614648	0.000503990273267159	-0.407874511870522	0.00180651772192795	0.608234318382069	6.61375703531735e-07	0.275471774168738	0.0398894691918052	0.347942486394216	0.00859644368062562	-0.463528830453837	0.000320910937250747	-0.292594795183767	0.0286455178535972
Bcells_MUC1	-0.0971095566401831	0.476466932251795	0.619368392103991	3.59788988424368e-07	0.0185609482458274	0.891998119855939	-0.0532227497511811	0.696850180086044	0.0961527156010045	0.48084249296226	-0.207547415690969	0.124813473226511	0.295258685193363	0.0271615799351327	-0.279241117931423	0.0371442298914695	0.629473696291574	2.02777329922867e-07	0.177272922746073	0.191196228133934	0.31972725081613	0.0163021998370053	-0.326984187498261	0.0139027603043145	-0.107227447487851	0.431521653859893
Bcells_AIF1	-0.261692632216661	0.0513840096608672	0.634831778702986	1.48361733491887e-07	0.379382905171113	0.00393076833195428	0.0564979332625182	0.679176856882182	-0.00166757041772257	0.990268043715599	-0.333743556840665	0.0119469704458652	0.682098170791746	7.100225661405e-09	-0.160644482243243	0.236912372449224	0.525598983511839	3.18772746269931e-05	0.427422282969944	0.00101770597521658	0.603225340076746	8.63233016352035e-07	-0.494444111974922	0.000107383452049343	-0.356799809932934	0.00694859982720722
Bcells_PRKCH	-0.543931334932866	1.47262805702296e-05	0.712368656470761	7.40449002863265e-10	0.394056387813719	0.00265622793041615	0.2947525645623	0.0274384470937243	-0.206311062569458	0.127126114370187	-0.611707493915938	5.48354147977855e-07	0.752007887525957	2.38249783265795e-11	-0.365844875731255	0.00555728902118049	0.593776270931108	1.40945024769618e-06	0.645583614290409	7.78080630467431e-08	0.526801554026651	3.03439438226892e-05	-0.747537772315345	3.62236180841434e-11	-0.645186113862454	7.97228338707742e-08
Bcells_TRIM36	0.391904361299952	0.00281649966764167	-0.603715453667205	8.41194436247956e-07	0.0204436818737848	0.881118429097156	-0.507959323791152	6.43283704413943e-05	0.227667623965038	0.0915027908634461	0.585202813248663	2.16999277296655e-06	-0.310474482936667	0.0198669502203001	0.548383170363937	1.21240892863924e-05	-0.640930990568601	1.03193943069971e-07	-0.407267392499082	0.00183800802933317	-0.0912233916403497	0.503716983900706	0.537355672131809	1.95274534907081e-05	0.464573775774422	0.000309770453681937
Bcells_SNX24	-0.245039585318547	0.0687269881436335	0.639166080692162	1.14718733556905e-07	0.160045504456087	0.238688301622437	0.226209557992954	0.0936549013272392	-0.0806834450531931	0.554435482662895	-0.442725507896895	0.000633718075991693	0.463268362773713	0.000323744003325474	-0.437553433696908	0.000745592139736924	0.632188816043418	1.73213049938363e-07	0.411874986440725	0.00161079306027574	0.273091453594654	0.0417077111940887	-0.492641814184122	0.000114792844122303	-0.382027373017746	0.00366744999544251
Bcells_PARVG	-0.19469702274052	0.150457027767641	0.562368147468518	6.462004543219e-06	0.418333729370968	0.00133457078735921	-0.102715768056421	0.45126143361427	-0.118378947688409	0.384875672551384	-0.219565532153	0.103964896089544	0.814982118254535	2.10411125790477e-14	-0.134414650004153	0.323313445535722	0.472368332251655	0.000237147540826983	0.442596552873547	0.000636311905353026	0.673542083419518	1.28230597230662e-08	-0.494109183211255	0.000108726295716174	-0.306331549545178	0.0216656995152242
Bcells_ITLN1	-0.27392273232177	0.0410651320103449	0.601119818206767	9.64197823400493e-07	-0.0793200031117906	0.561169277933234	0.290811240600034	0.0296765079345692	-0.124714758582533	0.359765154579701	-0.50327302704066	7.70237796796374e-05	0.388228395027719	0.00311018918494416	-0.528647116148072	2.81227264198376e-05	0.620232848588076	3.42837761975862e-07	0.272556170730949	0.0421258467591794	0.244706871198476	0.0691160044253216	-0.459605435121992	0.000366068218845625	-0.409652053627947	0.00171707120751818
Bcells_FKBP5	-0.120458808619332	0.376520190319549	0.384235882309236	0.00345961294041584	0.233748042664759	0.0829416902001629	-0.0320864636604195	0.814396639524444	-0.240560689225951	0.0741127541948679	-0.149134524634195	0.272642252477322	0.474196991392458	0.000222533522001631	-0.144789307969351	0.28701674866706	0.284005877368716	0.0338995548149613	0.460756044908678	0.000352261072790003	0.223134490682839	0.0983229260143694	-0.42463720964396	0.00110673266780087	-0.2773947128652	0.0384687828681785
Bcells_PARM1	-0.305096437662048	0.0222278952501059	0.674878181319038	1.17074148571592e-08	-0.134389283376961	0.323405607810653	0.382123447471722	0.00365818421288751	-0.155388334321333	0.252808025003859	-0.487984803076209	0.000136159403128875	0.360762480529206	0.00630550738234101	-0.57753674773309	3.15902234453402e-06	0.714292782923289	6.35131249585275e-10	0.330894496756252	0.0127403495227881	0.166784877826191	0.219229119165722	-0.513431360356872	5.19526154495141e-05	-0.434159829266913	0.000828376031682074
Bcells_EMB	-0.347962401563824	0.0085923875649175	0.392537397839898	0.00276848646094139	0.0431452773420663	0.752203937975295	0.28059941604275	0.0361941092594968	-0.0718501323635467	0.598727628678318	-0.456746293964213	0.000402531537024098	0.441434514597818	0.000660121812143327	-0.431017526193171	0.000912322405961928	0.344110018750069	0.00940863056848801	0.376306504876801	0.00425797436025345	0.263131525715214	0.050070149643658	-0.462230997831045	0.000335254347857433	-0.464999659931377	0.000305331773312165
Bcells_LINC00261	-0.285230847590994	0.0331045551143414	0.635613829215473	1.41676556456033e-07	-0.0964671924825467	0.479402072233796	0.295564721349097	0.0269953061370063	-0.0765531746630496	0.574951133646023	-0.471263574522458	0.000246394982097664	0.346537697400106	0.00888678586340947	-0.564366701908275	5.89240203914998e-06	0.636741331982549	1.32534842616325e-07	0.214016635445552	0.113229189758231	0.207529573331702	0.124846619664146	-0.374572868089055	0.00445274459529502	-0.382660739932291	0.00360674599883014
Bcells_FRMD3	-0.354236864065765	0.00739438435106765	0.638892799034366	1.16607868050816e-07	-0.0998741378997017	0.463944721737291	0.350967725803186	0.00799903277205829	-0.223503371555101	0.0977536071030608	-0.551083717571003	1.07605256845128e-05	0.317436222406499	0.0171296158461248	-0.57770536175922	3.13335683279561e-06	0.657502266468501	3.69138884274272e-08	0.298479354819824	0.0254541035330527	0.1286843631642	0.344554853939616	-0.487450797583303	0.000138829043427499	-0.425961683136206	0.00106355780468594
Bcells_FFAR4	-0.208682010303156	0.122719358926685	0.590742080872462	1.6443394898095e-06	-0.0895417504587968	0.511646336282606	0.235225690471973	0.0809596218048546	-0.155939719324714	0.251107431415571	-0.407396073902536	0.00183129289944395	0.323373541527697	0.015055739100556	-0.497737890354549	9.49643126277568e-05	0.628680423855001	2.12271090286424e-07	0.282587342426374	0.0348399329963578	0.156592038088342	0.249105575602058	-0.443005279267919	0.000628123521593689	-0.311792970253989	0.0193217701377754
Bcells_LOC643733	-0.273451497546412	0.0414283886507398	0.485371450988677	0.000149687022682514	-0.00741553196873609	0.956742461327114	0.305135968132276	0.0222097127351943	-0.0398341656123951	0.770681159000141	-0.362324975680842	0.00606661963277734	0.520018927581362	3.99731340959222e-05	-0.323865606924867	0.0148939459987867	0.483102470649471	0.000162417294500742	0.298447098471033	0.025470746246244	0.380321972465983	0.00383541185854041	-0.440246113323579	0.00068530160092484	-0.362917215981577	0.00597816521698961
Bcells_DENND2A	-0.131086210660775	0.335548405063089	0.532975105757563	2.34896256474286e-05	-0.21988385710364	0.10345174066824	0.36046407669131	0.00635205395664262	-0.0355626459991596	0.794704538050076	-0.254993429171153	0.0578751573121156	0.310479818615022	0.0198647179484907	-0.559022976093123	7.53120691921789e-06	0.619441701191628	3.58321529849485e-07	0.127402997739222	0.34942044921426	0.183817621494266	0.175058495464546	-0.260305988603225	0.0526765629438263	-0.262500258448583	0.0506431526107816
Epithelialcells_GAMT	0.631120158622888	1.84330256127754e-07	-0.364553283874458	0.00573965161267936	-0.282632339912536	0.0348097741837239	-0.620031713852213	3.46713637774389e-07	0.406895785022792	0.00185752362903565	0.727760087359317	2.09340313742385e-10	-0.230907684402368	0.0868588168743226	0.286513401946411	0.0322888635320724	-0.243906719320978	0.0700587575739608	-0.623115491534396	2.91566350683404e-07	0.1527708965846	0.260987039820507	0.614075110577102	4.81968801313386e-07	0.70263146365632	1.57978342796038e-09
Epithelialcells_KCNH8	0.0155008917772155	0.909722519888075	-0.368065917957093	0.00525555475021151	0.0146542076135635	0.914634764116624	0.0218019730732442	0.873282717255297	0.156125623198833	0.250535815653216	0.0717202444472523	0.599390390597426	-0.170994328328946	0.207652083843114	0.267293178178154	0.0464234663111323	-0.425943024049508	0.00106415538137975	-0.0462302836751466	0.735111561104888	-0.163931203415676	0.227329089230315	0.184972247263765	0.172317195785137	0.0317088365604241	0.816542961148805
Epithelialcells_LOC284926	0.183914650480452	0.174826920374741	0.439355089822805	0.000704746042745916	0.242031251537306	0.0723086753021668	-0.298904943284243	0.0252353753109255	0.137312352721792	0.312895055513929	0.0163954766552129	0.904536013636669	0.407967820892236	0.00180172088588017	-0.0617732885762464	0.651070786887939	0.341843101630239	0.00991969402682134	0.230374095818444	0.0876106214421292	0.456785676302702	0.000402007667173715	-0.229758743899889	0.0884839508731835	0.0857229492110783	0.529885161884589
Epithelialcells_FAM201A	0.16821633317907	0.215242798966283	-0.225383214245752	0.0948919879841219	-0.0450238074220466	0.741781351726898	0.0240335778088859	0.860435563234569	-0.0315808045122964	0.81727096225958	0.149966705782478	0.269944915473783	-0.236923020865132	0.0787292038776403	0.130405479075476	0.338085919081497	-0.192198075726081	0.155867360799371	0.0042610890503579	0.97513555856113	-0.238597245069932	0.0765770291268193	0.11820242151567	0.385589871288077	0.135949185623324	0.31776911475442
Epithelialcells_FAM111B	0.141961547260272	0.296633611354707	-0.571558615853412	4.2062765425236e-06	-0.206608477150941	0.12656685221084	0.197902557071134	0.14372224212159	-0.118148160930482	0.385809559590239	0.30410881923284	0.0226862623359907	-0.464496143883222	0.000310585850805095	0.0736546915481769	0.589553373524337	-0.512398607765685	5.41056317418034e-05	-0.262213886833657	0.050904847374939	-0.463821876140671	0.000317750490561536	0.402232792167366	0.00211861653334117	0.241982128330069	0.0723683699170173
Epithelialcells_LOC283177	0.180902513217814	0.182119965330635	-0.222060483125531	0.0999951753004006	-0.13483211345588	0.321799103732565	-0.245563554372246	0.0681178999048657	0.223035510381157	0.0984761261072572	0.273946889665793	0.0410465809411215	-0.243937475412229	0.0700223316555445	-0.0233920976701224	0.864124984123655	-0.108364985360066	0.42662257779752	-0.279157294164322	0.0372035337576309	-0.126691282274398	0.352141191827458	0.3502549719473	0.00813643114904322	0.302511092371964	0.0234446826801166
Epithelialcells_LOC728613	-0.154197754733155	0.256506587336533	-0.278774847366359	0.0374751031314474	-0.155064696422647	0.253809819898363	0.381609154092817	0.00370802663994036	-0.1485882902622	0.274422463613382	-0.0684610770009531	0.616125027948907	-0.191974390873627	0.156358554470136	-0.0980618990359286	0.472133084279343	-0.246877105973415	0.0666099116254204	0.00584480903010884	0.965898915383901	-0.335822965659702	0.0113951311954443	0.0751343008002866	0.582078492899371	-0.110525879064649	0.417403518295658
Epithelialcells_UPP1	0.127429204901799	0.349320512846388	0.165420888603411	0.223075222983488	0.293311015501878	0.0282400258631712	-0.19728195676206	0.145008254526027	0.0109671205960529	0.936060900791864	0.0958956376546384	0.482021705024742	0.196126671684857	0.147425031040366	0.155320266798021	0.253018499827559	0.05668141171474	0.678191727773936	0.22567918608898	0.0944474460412284	0.209491658608979	0.121241382867668	-0.13273135305481	0.329465287254147	0.047694612323017	0.727042327942848
Epithelialcells_KDELR3	-0.0197784909286471	0.884959961091702	0.209640140563216	0.120971810480241	0.00255818915302504	0.985070871532936	0.0480586181086198	0.725040980451579	-0.233685925881162	0.0830258410929295	-0.158855421182786	0.242243857460787	0.15995225660952	0.238965594398875	-0.108377817839374	0.426567492101807	0.127405116836917	0.349412367755439	0.144005930038235	0.289660191879583	0.143707844439343	0.290670228132265	-0.227198057026952	0.0921916142010515	-0.124280046491798	0.361455367423924
Epithelialcells_FGFBP1	0.166826777458651	0.219111710056831	0.152929795189321	0.260485498873422	-0.226310398126864	0.0935048023016792	-0.0718867123450743	0.598541035149999	-0.0919408538846873	0.500353266821523	-0.00633304048900891	0.96305227029971	0.00842006475260499	0.950889418679596	-0.089558661972698	0.511566280372839	0.217054700898987	0.10808164336005	-0.100949430098951	0.459122733598985	0.0196247445042028	0.885848236597945	-0.0751392493977348	0.582053565297811	0.149407670109209	0.271754941317969
Epithelialcells_GNG4	0.263550148151745	0.049693085879991	-0.362821359648549	0.00599240484628493	-0.0819822195110749	0.548057015617361	-0.164283207818904	0.226318889824411	0.0118434060222011	0.930964044484214	0.322077132341884	0.0154892240946235	-0.328319267611397	0.0134960519491987	0.439310757040296	0.00070572638023134	-0.36241817207737	0.00605262472800815	-0.122350548622332	0.369015729080721	-0.236277162303032	0.0795721124989268	0.241275591185205	0.0732313007364501	0.270331727449647	0.0439005577678854
Epithelialcells_CEACAM8	0.320438100429269	0.0160525134495529	-0.522693667316898	3.58815010941186e-05	-0.215732934621182	0.110298599587074	-0.18586472341326	0.170219772686091	0.184360076502335	0.173766691749142	0.431873683927522	0.00088872264008212	-0.444253482565102	0.000603703294757621	0.295367964571463	0.0271021085704818	-0.501083453885284	8.37112284739193e-05	-0.345041821265951	0.00920527483976808	-0.230880787263157	0.0868965923058571	0.463399079546882	0.000322319387049381	0.4463138199477	0.000565266527790142
Epithelialcells_CYP2B6	0.0203713751871366	0.881535876059915	-0.442541529620472	0.000637421572542352	-0.131450383040252	0.334195812829791	0.00644647327508029	0.962390961983269	-0.093140499914599	0.494754877237231	0.0971813173788279	0.476139632788525	-0.321553810709051	0.015667208898132	0.219824793096467	0.103546806600128	-0.420950762388046	0.0012353154751968	-0.1684090525659	0.21471001611595	-0.303509120047516	0.0229684665566353	0.218779702999644	0.105240105788028	0.139780681621006	0.304191890779454
Epithelialcells_IRF7	-0.054634951120183	0.689209467801263	0.182890224752723	0.177283108759832	0.292568558827803	0.0286604637422426	-0.308230730140979	0.0208247214116792	0.0324989394398798	0.812053795153101	-0.087088885250522	0.523324674499413	0.349918789504676	0.0082019467502531	0.20166008686326	0.136116806588372	0.067975471914642	0.618635402258667	0.281550497155776	0.0355408899320528	0.342936007394254	0.00967038082605952	-0.285524424281022	0.0329163466213537	-0.0581968583872969	0.670075585595251
Epithelialcells_NEU1	0.471869607442659	0.000241282245596068	-0.523438301341059	3.48132224206672e-05	-0.311812183468604	0.0193139205647085	-0.281232848127187	0.0357579610389561	0.436804965095966	0.000763180068327064	0.581664645891142	2.58373653635174e-06	-0.412560532164582	0.00157922563738587	0.51437484811039	5.00549218510523e-05	-0.503707874884347	7.57555356357923e-05	-0.485295137043632	0.000150099908716054	-0.115752035329173	0.395584830027443	0.531365674671668	2.51231538279431e-05	0.552860699304681	9.94241889875757e-06
Epithelialcells_TSPAN6	0.129679346821485	0.340805835199634	-0.237024963431364	0.0785968064129645	-0.407179346137571	0.00184261531195028	0.205124710459332	0.129375554083981	0.212086385670719	0.116595927428512	0.242876088605208	0.0712881462900018	-0.254847941421928	0.058023150357385	0.0478905042086136	0.725965064922832	-0.180359646864665	0.183457348055591	-0.246128143373108	0.0674664292257323	-0.240204261739149	0.0745553562347853	0.297689060594757	0.0258644990642057	0.152508645028118	0.261816218492956
Epithelialcells_AZGP1	0.254482446924414	0.0583962872428062	-0.623038372564655	2.92838902062538e-07	-0.0957084049331185	0.48288149924421	-0.236135431039494	0.0797580362122338	0.230396546525919	0.0875788868412895	0.409560985625543	0.00172155574956539	-0.489108557257628	0.000130694271450278	0.614606431398795	4.68143700173323e-07	-0.646627894411832	7.29817345078764e-08	-0.307681546063615	0.0210650151943007	-0.259379905973327	0.0535544244419798	0.466774161209547	0.00028745342836934	0.39586610226903	0.00252777461662976
Epithelialcells_SLC19A2	-0.192269936463501	0.155709802257814	-0.463730564376484	0.000318732222635873	0.00526920588877398	0.969255523051501	0.238108331431	0.0772006395724899	-0.053877963036828	0.693301377412818	0.00833804727499896	0.951367211959399	-0.429959878451886	0.000942254497127493	0.245303059324576	0.068420171157145	-0.546238019860264	1.3319545723711e-05	-0.00227390805724623	0.986729726530713	-0.476616414424349	0.000204460459646274	0.194035870379012	0.151874720245837	-0.0315536831773061	0.817425196164107
Epithelialcells_GRB7	0.329458812813441	0.013157032781541	-0.534098845044658	2.24078884664569e-05	-0.254073055370041	0.0588165365705988	-0.353513285304687	0.00752466742428108	0.441680525335851	0.000655014971762895	0.472912230620704	0.000232712032943976	-0.415296658001305	0.00145867482669041	0.46411158021555	0.00031465393327138	-0.443278000328058	0.000622712960080373	-0.580051923595743	2.79575605035305e-06	-0.154387754588955	0.255913912815486	0.630808563731193	1.87695789666769e-07	0.462667812051364	0.000330362970107325
Epithelialcells_GALNT10	-0.0319148488278378	0.815371881023102	0.392135996311866	0.00279884607013399	0.27132761118417	0.0430985792125986	0.00133821249309281	0.992190112584737	-0.0590821148234398	0.665351686254861	-0.220551790030358	0.102381362223986	0.28644766379418	0.0323302615093686	-0.0854454881917804	0.531222731663244	0.364864232198629	0.00569527548793123	0.28000998298935	0.0366039114210783	0.263174290362664	0.0500315238747469	-0.324567510668914	0.0146657347308262	-0.199307155364773	0.140843042155879
Epithelialcells_LYPLA1	0.0085276919210895	0.950262462059013	-0.546866870196507	1.29582447532749e-05	-0.119019406940574	0.382291076503331	0.179818175359855	0.184798323919022	0.0266829532145562	0.845230081044945	0.248543154133722	0.0647358145402125	-0.494169165036664	0.000108484682430894	0.170678865819191	0.208504439801496	-0.533778388097934	2.27115762384818e-05	-0.171568844928599	0.206106099484192	-0.485230028848208	0.000150452990757116	0.388803089484361	0.00306255654651035	0.181007157718215	0.181862977549383
Epithelialcells_C9orf3	-0.45515574128263	0.000424214311612511	0.290931526568415	0.0296060144368827	0.40387833342402	0.00202296544071211	0.34041647582306	0.0102534940322702	-0.251761766467857	0.0612351206827825	-0.502790834618227	7.84528891301857e-05	0.293820486696029	0.0279545208851438	-0.0824364052134492	0.545834793249859	0.116503766164531	0.392502516880637	0.534535229857677	2.20003743135602e-05	0.0850942520255698	0.532918336231631	-0.485124290957479	0.000151028026762253	-0.513343866675024	5.21319111979048e-05
Epithelialcells_PRMT3	0.0557557794500414	0.683167037223145	-0.655068050425348	4.31013776840656e-08	-0.143636231679325	0.29091322416663	0.151161025673448	0.266104967556095	0.00833013116708469	0.951413328192666	0.244208329256875	0.0697021982819354	-0.549376980967013	1.16046769590871e-05	0.323836008087308	0.0149036359620662	-0.638515920781892	1.19261139243635e-07	-0.259536906100057	0.0534047691993815	-0.54936572471609	1.16104426650773e-05	0.434498355542958	0.000819761153277038	0.183956138787267	0.174727969793988
Epithelialcells_MTCL1	-0.361704919249844	0.00616045405560035	0.141317395227349	0.298853245505767	0.339373355211828	0.0105036705863177	0.210449127910587	0.119511075134225	-0.210081640699122	0.120172949076353	-0.376590362095844	0.00422680934450213	0.116547184050827	0.39232492444281	-0.032022772470353	0.814758547095426	0.0155598077516176	0.909380827178895	0.409387587643507	0.00173012348422328	-0.0483579674105029	0.723396488275456	-0.298414123572727	0.0254877691525493	-0.442416805496989	0.000639943391992352
Epithelialcells_KAZN	-0.17639342678737	0.193443380684285	0.399471232003336	0.00228822193459138	0.0881568400455684	0.518223743848533	-0.194945749780724	0.149926234777921	0.175083935862545	0.196824019650718	-0.183196463590776	0.176546260201109	0.126951172073056	0.351146179251915	-0.0314976440908209	0.817743901612048	0.360868125934615	0.00628909991649574	0.170266227336897	0.209623074084491	0.158354364041545	0.243751618829445	-0.25433437742771	0.0585480030999704	-0.158525486677547	0.243235964635148
Epithelialcells_MUC1	-0.23824105462717	0.0770309545213219	0.523716336043413	3.44219246695543e-05	-0.096036341083565	0.48137611157921	0.166180792528368	0.22092673828591	-0.00335858633179049	0.98040070298578	-0.366545390972723	0.00546052286040241	0.254725732151321	0.0581477001148254	-0.412384540292246	0.00158727631007981	0.546051831598196	1.3428296393295e-05	0.15255849750941	0.261658460456118	0.188013323391146	0.165246694113723	-0.317747617624823	0.0170150932967995	-0.174102809104366	0.199384344253624
Epithelialcells_GPR161	-0.259541288974162	0.05340059624304	0.58580681225379	2.10586602170917e-06	0.365989539645154	0.00553718348149447	0.0281836734969928	0.83664146881262	0.00434283435613489	0.97465871022139	-0.412567115842694	0.00157892517992941	0.399023815773943	0.00231680989013427	-0.206923287441338	0.125976909148905	0.563186186693641	6.22293834764833e-06	0.446724186480262	0.000557880704057318	0.232972696759966	0.0839968924120909	-0.451959975552269	0.000471013157505507	-0.375216958383751	0.00437948534998199
Epithelialcells_MUC5AC	0.0433250749967771	0.751204436583277	0.0324193451080446	0.812505760829546	-0.00690446416132728	0.959721154881755	-0.0134218626858986	0.921790130471912	-0.138644943401896	0.308176829840584	-0.0882937512670747	0.517571619034532	-0.0929516915774997	0.495633826030794	0.123679591953377	0.363797949050748	-0.050608410918093	0.711073731951673	0.0623195445644043	0.648186965330111	-0.0138780840403262	0.919140423968763	-0.0522998052291101	0.701860025555776	0.0211940741484483	0.876788117834645
Epithelialcells_TOX3	-0.261069747082027	0.0519614006555273	-0.233862230527643	0.0827871727738456	-0.300420583013537	0.024469219659875	0.436268718995626	0.000776010279759916	-0.0114197052923186	0.933428140869163	-0.175353804576455	0.196123898343121	-0.389570630740807	0.00299994876357701	-0.21883849408786	0.105144286618474	-0.124253839169996	0.361557419039156	-0.0273291685925069	0.841529541707246	-0.564350112018313	5.89693180229326e-06	0.0643972954244505	0.637265084167594	-0.210574834146956	0.119285306393103
Epithelialcells_MST4	-0.13115724474334	0.335284304979017	-0.482758734696634	0.000164429927914665	-0.0309944372474522	0.820607045315395	0.323414868417236	0.0150420930289387	-0.239774282769498	0.0750920826106391	0.0121692993656852	0.929069198191248	-0.254354053264311	0.0585278244163023	0.175204485281183	0.196511058405249	-0.51731920384083	4.45354876674836e-05	0.0174216560262117	0.898591449805641	-0.381176722718103	0.00375039873167122	0.138915607042967	0.307224126120651	-0.0625673989515869	0.646880166748751
Epithelialcells_PARP12	-0.220713613969442	0.10212332882616	0.252254807451673	0.0607125876212883	0.291949916022514	0.0290147775476969	0.134099817237653	0.324458477233922	-0.136610659712508	0.315397979671108	-0.230784230222394	0.0870323071175751	0.340307946189346	0.0102792806930201	0.0805569369100595	0.555058663278454	0.114970053828934	0.398806214434853	0.342720514977302	0.0097191047038112	0.25654406301105	0.0563166864997237	-0.312144992634398	0.0191783802605765	-0.294924778273986	0.0273439753035077
Epithelialcells_MOSPD1	-0.148127709392133	0.275929507892423	-0.329460893817338	0.013156420431648	0.0402095280151453	0.768579916430199	0.31552280120475	0.0178478419288814	-0.0861912934124969	0.527631172464851	-0.0457242397643932	0.737906804479114	-0.232948952635133	0.0840293727101319	0.169829907879878	0.210810492695067	-0.377468406807441	0.00413167677087864	0.0673294163847164	0.621981950540616	-0.334817945119682	0.0116590378171771	0.107818796224279	0.428970926005958	-0.12981856344808	0.340283310791473
Epithelialcells_ASRGL1	0.121041471102169	0.374199098851929	0.31541994698926	0.0178871649613142	-0.196155657522093	0.147364030993948	0.0206093483211724	0.880162111024947	0.0788414809453349	0.563541696215812	0.0285995833674901	0.834264520138054	0.184516505343851	0.173395460776162	-0.215283308821855	0.111060647327525	0.37290441256579	0.00464755661046547	-0.0584915197546666	0.668501795907024	0.270856857456928	0.0434761614676303	-0.0828232232393791	0.543945615769535	0.0575932281789367	0.673303973860556
Epithelialcells_USP18	-0.147373707636474	0.278408462258427	-0.0508597132727063	0.709702151246368	0.207089905656716	0.125665516310268	0.097590178230231	0.474277112818655	-0.219091184402736	0.104733211686747	-0.112567394471006	0.408799564541083	0.15891464478721	0.24206606642522	0.0529467095257322	0.698347222374998	-0.108365981117318	0.426618303188471	0.210489847379899	0.1194379072598	-0.0199911044135422	0.883731810744018	-0.0779352896897009	0.568047242240895	-0.211485119447066	0.117660111889535
Epithelialcells_RNF128	-0.0999797587781869	0.46346987020642	-0.528235088101933	2.86051830031013e-05	-0.162282250212494	0.232102914138973	0.194992605982817	0.149826397430695	0.0346887103289222	0.799643831477297	0.0761084859339525	0.577180597106564	-0.554523781911527	9.22939390044417e-06	0.0514406076392892	0.706535196869808	-0.454661216557717	0.000431168566074698	-0.206223198723682	0.127291691744775	-0.579880337914322	2.81924387446513e-06	0.287092867593375	0.031925856316061	0.0858511027369948	0.529267928059174
Epithelialcells_PXMP4	0.321748848314205	0.0156006721244681	-0.662907677403982	2.6033759091418e-08	-0.247079177786503	0.0663803182900486	-0.0529522728023829	0.698317039904021	0.0955315466441485	0.483694395860783	0.498185970911266	9.33806614518896e-05	-0.519288744419634	4.11625786652421e-05	0.404521362675947	0.00198664684446895	-0.623802181558265	2.80461651380447e-07	-0.414887395218667	0.00147616557308721	-0.376699072233144	0.00421492727709155	0.577374808474379	3.18385612530503e-06	0.396705405227754	0.00247009787214778
Epithelialcells_CEP72	0.0940036183714431	0.490747184887842	-0.626076589846112	2.46448488599994e-07	0.101959274512797	0.454619201207025	0.0142099490815376	0.917213518034014	-0.0686692944074961	0.615049964489733	0.215366586171753	0.11091920087833	-0.434268041017438	0.000825613407557408	0.52570427633319	3.17402186447055e-05	-0.676102357776982	1.07662035009782e-08	-0.0875985163311881	0.52088737583735	-0.395659501213842	0.00254215450073062	0.292154602816263	0.0288971444071541	0.158851540216274	0.242255511354492
Epithelialcells_RNF39	0.195392831618553	0.148975637131264	-0.355337162526889	0.0072000398430378	-0.0704878439195709	0.605694797674804	-0.209918391052347	0.12046786800069	0.149358278931708	0.27191524570786	0.327564325663612	0.0137247577150005	-0.384521125085004	0.00343354384392423	0.321249577933934	0.0157714817574414	-0.345967042730677	0.00900713795648379	-0.347857111148991	0.00861385088201906	-0.140911065124981	0.300258914859763	0.440977991505095	0.000669694005068603	0.366298552235345	0.00549445011850118
Epithelialcells_FAM122B	-0.170896836781025	0.207915235985644	-0.415308045229763	0.00145819083330126	-0.137779178182697	0.311236960848518	0.208136301850076	0.123723215097657	-0.0334158978288479	0.806851395090388	0.000663327027212606	0.996128738838546	-0.286595483436118	0.0322372354653385	0.0910600802980044	0.504484262884525	-0.396374329801389	0.00249270807041165	-0.0205269260736188	0.880637876533579	-0.400827287416806	0.00220348410428545	0.150428910145465	0.268454489352571	-0.0617888737268961	0.650988438362047
Epithelialcells_ANKH	-0.1874718045835	0.166489938857828	-0.241030201795011	0.0735329144295909	0.012251224769864	0.928592919210201	0.415986821340749	0.00142959916220477	-0.0541769879844213	0.691683947015261	-0.198335682301751	0.142829766430395	-0.239939768004475	0.0748851518925939	0.05595839099968	0.682076839177303	-0.254466257485958	0.0584128598935625	0.0703202015273042	0.606554605588215	-0.323827213299087	0.0149065162088526	0.0300888942893801	0.825765232016641	-0.150066699656347	0.269622008175858
Epithelialcells_FKBP5	-0.203949348335343	0.131633652845575	0.436707099356696	0.000765507228488433	0.162881452411799	0.230360250540205	0.156968454687336	0.247955363941362	-0.223757190093266	0.0973633608149415	-0.244343169111457	0.0695432614200517	0.36502541900588	0.00567239071764127	-0.287282054235249	0.031808078786094	0.408149041587869	0.0017924371668052	0.374719020441353	0.00443602715103767	0.190334295101313	0.159994975041779	-0.382431551212108	0.00362860890034439	-0.306073636017141	0.0217820918575629
Epithelialcells_ELOVL7	-0.183653712819807	0.175450194757438	0.160111740015787	0.238491469862432	-0.240721727198221	0.073913467316825	0.47705970129256	0.00020129811592597	0.0612810834728069	0.653673615744176	-0.172377423525285	0.203944062120124	-0.0842387848667544	0.537059233834241	-0.329365148396807	0.0131846195578032	0.288818646964556	0.0308648242933706	0.0605592896028604	0.65749794160677	-0.165279678895185	0.223476062141842	-0.0357432630355021	0.79368471978142	-0.287542630523945	0.0316464507698573
Epithelialcells_S100A16	0.172025928196439	0.204881937111196	0.172221390712683	0.204360020124127	0.0992629240279094	0.466697787556829	-0.142142725252838	0.296011240282653	-0.00289666408007136	0.983095863656796	0.0040001868893139	0.976657547107613	0.130025264664884	0.339508416118549	0.181010827158699	0.181853970821077	0.125697215084772	0.355963056428336	0.0335608648361381	0.806029672532737	0.272896450443148	0.0418596405328711	-0.0947207684608166	0.487430207720988	0.152406801109824	0.262138701804337
Epithelialcells_EPB41L5	0.0224622565553591	0.869477984885255	-0.565238083334653	5.65897332919372e-06	-0.233391304914418	0.0834258862304229	0.193818845367036	0.152342229795603	0.0957849854656823	0.482529734798984	0.176206573013117	0.193923218605811	-0.428545082681406	0.000983675596664976	0.346611858393635	0.0088712481315743	-0.5805499315392	2.72861406194515e-06	-0.261908708924629	0.0511849382380924	-0.371629805333214	0.00480139592074875	0.384663255229994	0.00342061916658277	0.157529849258457	0.246246637545442
Epithelialcells_PDZD8	-0.323909093046818	0.0148797194496616	-0.163325419131904	0.229074904298318	-0.323126221637091	0.0151376253726583	0.395912676098396	0.0025245429792823	-0.0488218963030867	0.720850321995127	-0.104806189366357	0.442054195495028	-0.290595816826239	0.0298031074224143	-0.160091136166973	0.238552686244836	-0.0646484813594106	0.635949816582655	-0.119443084098346	0.380587010960432	-0.381238162815819	0.00374435253684554	0.0960976838052079	0.481094794314284	-0.160717836083565	0.236695508745027
Epithelialcells_PARD6B	-0.0503768713443585	0.712338254865738	-0.508800122423496	6.22654358623186e-05	-0.115674078232716	0.395905287952773	0.221544489403623	0.100806385122101	-0.00812636689141159	0.952600435347792	0.11943472184188	0.380620600732584	-0.471810404968707	0.000241777405057054	0.224113317663212	0.0968178559505757	-0.522822969516054	3.56938566215365e-05	-0.0789919298523385	0.562795294102068	-0.495391520473616	0.000103666865209855	0.253252504695507	0.0596661965142902	0.0792667839772364	0.561432895575047
Epithelialcells_SLC19A3	0.0142122165369608	0.917200354134571	-0.259644180165652	0.0533027090347104	-0.3011200635175	0.024122294064998	0.165410741012247	0.223104011342193	-0.0557068585355498	0.68343036384104	0.146560464069238	0.281098649316475	-0.160700180239333	0.236747694114103	-0.000219753191604787	0.998717487982665	-0.117978996526521	0.386494943094569	-0.16135148463377	0.23482786381981	-0.15356677403027	0.258481474578805	0.176154094582382	0.194058135104784	0.0217056748202641	0.873837854072371
Epithelialcells_CELSR3	0.286851415094072	0.0320766992958489	-0.662968176282857	2.59311683724248e-08	-0.105429385420157	0.439329697245022	-0.130778352082691	0.336694507352913	0.181443868548824	0.18079331780784	0.364943449193792	0.0056840184289523	-0.501710707130558	8.17429472562085e-05	0.435015668683425	0.000806752412022784	-0.630588632349199	1.90105900782635e-07	-0.424666334737879	0.00110576657056461	-0.389187011447007	0.00303109704959988	0.576798893335379	3.27365541876399e-06	0.335466037084104	0.0114882602619814
Myeloids_CLEC12A	-0.192933954866351	0.154259460130588	0.482496964194436	0.000165977901554022	0.57244157218543	4.03353636852699e-06	-0.169735997600492	0.2110666813394	-0.175080230581576	0.196833644635291	-0.305130186855362	0.0222123711180173	0.468143750312164	0.000274312038290065	0.0417378622495592	0.760041646088477	0.360299524201197	0.00637785001503652	0.548297282527205	1.21699754076955e-05	0.333559537440131	0.0119968966066873	-0.546999213295422	1.28833744174043e-05	-0.290625437626374	0.0297856732630205
Myeloids_WARS	0.126271952732393	0.35375028787015	0.053885727597744	0.693259361566465	0.148260423482057	0.275494699009137	-0.177421779566759	0.190817747132415	0.0912778073731051	0.503461457743924	0.0323072658453351	0.813142290708989	0.252832536578572	0.0601048757649765	0.333291798787235	0.0120698575142972	-0.030846519756058	0.821449109316074	0.0637779286697578	0.640512973279791	0.350862094985086	0.00801926703911861	-0.075842547067503	0.578515780016384	0.021209066038381	0.876701639761659
Myeloids_CKAP4	-0.159811823455331	0.239383619638224	0.364719343010896	0.00571591539271344	0.158154305105784	0.244355414218389	0.308157368169682	0.0208566857324317	-0.13552108026095	0.319309747050236	-0.322960791264688	0.0151926109520144	0.187581730556053	0.166237014320682	-0.267828011066411	0.0459709892452901	0.280525420388673	0.0362453450398614	0.362910102109144	0.00597922097672546	0.0786466355826159	0.564509045166597	-0.362564444152817	0.00603071665749237	-0.314845124653202	0.0181082906036066
Myeloids_LGALS1	-0.236061838056414	0.0798547110806388	0.419659419683509	0.00128343217891703	0.574685547661719	3.62379093576939e-06	0.0173568361078857	0.89896678557581	-0.189752580985363	0.161299566174616	-0.259988565799865	0.0529761313102427	0.463808101725034	0.000317898408878243	0.150407115389878	0.26852464516079	0.275714324862337	0.0397079206716968	0.592777854478307	1.48303964142319e-06	0.38986747456722	0.00297604134755001	-0.578158673430108	3.06531618486049e-06	-0.360634093221845	0.00632549720776598
Myeloids_EMP1	-0.258949096529274	0.0539668283627582	0.105893359153658	0.437307390551572	0.393320440566034	0.00271010184399164	0.0341849676890472	0.802494431257469	-0.341789120131491	0.00993215115341996	-0.291649092382097	0.0291883870835369	0.129123074766357	0.342898682952816	0.253785657634886	0.0591130118873141	-0.0532817934671846	0.696530118395152	0.432101194577637	0.000882544544203973	0.0159520667477548	0.907106276035249	-0.399224538177083	0.00230394552266045	-0.241915774714826	0.0724490652056791
Myeloids_COL6A3	-0.238647115849504	0.076513643832742	0.36598585688193	0.00553769452341202	0.744356528288272	4.85513101125094e-11	-0.0230723436157293	0.865965104524452	-0.283417334534204	0.0342871207876432	-0.275155645284007	0.0401271175652118	0.350964107539907	0.00799972513832891	0.205161550543864	0.129305252735971	0.176957664271896	0.191999571266614	0.685678197186421	5.51172194941103e-09	0.220406123036106	0.102614063759124	-0.588764728819731	1.8165654737347e-06	-0.360268627260193	0.00638270377270608
Myeloids_PRCP	-0.297489023026786	0.0259692547960354	0.589683214790995	1.73457276283788e-06	0.385470693951063	0.00334800774421284	0.163059324699447	0.229844688192447	-0.306358504010636	0.0216535658062001	-0.367292768924642	0.00535891586153492	0.601325184806944	9.53884503144351e-07	-0.225191984717177	0.0951800749709079	0.506557255215909	6.79086632454811e-05	0.539473259946598	1.78426573529545e-05	0.432061560294925	0.000883618030340847	-0.568055824518378	4.96168160851602e-06	-0.48368026353551	0.000159084895216756
Myeloids_PPP4R1	-0.339867590570322	0.0103844856189261	0.518621712241048	4.22775802236137e-05	0.373203287907504	0.00461211770756388	0.342813022985196	0.00969816221058975	-0.238448200991989	0.076766710772477	-0.411606415473268	0.00162331303373144	0.352483357710947	0.00771355761141957	-0.35843865282726	0.00667600637500887	0.426056829824267	0.00106051532082879	0.559192993524283	7.47312514074611e-06	0.1241905573855	0.361803911405046	-0.455894137736136	0.000414019890198248	-0.44500281227997	0.000589458860065917
Myeloids_SH3BP5	-0.493524880688415	0.000111105868132546	0.657502122141382	3.69142291366705e-08	0.497183488342598	9.69578270693389e-05	0.134649853385939	0.322459694793549	-0.321285945015983	0.0157589861572439	-0.481631780137547	0.000171189393936723	0.615239821276644	4.52148231521958e-07	-0.180636718442201	0.182773885380687	0.560304069257915	7.10368220684474e-06	0.641005935933368	1.02729507830556e-07	0.405967465428525	0.00190708649335045	-0.659245870388437	3.30070192754205e-08	-0.560974315393375	6.88910002085595e-06
Myeloids_CTSL	-0.0441856291703611	0.746426228350641	0.311266557920932	0.0195378926887251	0.530681579800845	2.5848772516871e-05	-0.0590618897233794	0.665459468184088	-0.110386417517673	0.417995037791361	-0.132509383255987	0.330281970375278	0.415617399365013	0.00144509719749054	0.145633917032045	0.284184473156327	0.162536671824471	0.231361870412193	0.481213791475515	0.000173760367822477	0.306411688538803	0.0216296413416941	-0.399554669948663	0.00228292548501751	-0.187978190753663	0.16532714671301
Myeloids_ARL4C	-0.212517612851741	0.115837231962189	0.423790432183694	0.00113515444039055	0.616462360516692	4.22712107008392e-07	-0.0622394175883962	0.648609656030246	-0.308052539881337	0.0209024322537014	-0.289563808711255	0.0304158699759149	0.559936201777276	7.22407961238516e-06	0.0925477182078662	0.497517138141886	0.240657596064401	0.0739927794712477	0.634066921578342	1.55185616442839e-07	0.4534538332157	0.000448583932317762	-0.588757749957535	1.81720209431424e-06	-0.340100861054238	0.0103286398116991
Myeloids_PCOLCE	-0.00266281703826734	0.98446035571457	0.343963634880797	0.0094409286019956	0.679387097676604	8.58106128718729e-09	-0.417129377597538	0.00138260430647664	0.00560693330874192	0.967286010648217	0.0159707566676476	0.906997919086003	0.525834062795086	3.15720285801691e-05	0.357442620047083	0.00684054279697701	0.194074901387689	0.151790753444281	0.415491241534755	0.00145042414982964	0.570967361824351	4.3257711106195e-06	-0.349107981134848	0.00836184858158696	-0.07661561636517	0.574638397051494
Myeloids_UPP1	-0.141424284257288	0.298484181120919	-0.194016598357467	0.151916192519858	-0.3264418049119	0.0140709662339476	0.179674454249885	0.185155435817443	0.0556906391073851	0.683517676425392	-0.00509401327083356	0.97027725984427	-0.210825591848776	0.11883591524718	-0.326659685271866	0.0140031877068646	-0.0498053965953554	0.715462574553245	-0.254390879382712	0.0584900722336035	-0.255845197877971	0.0570148278039202	0.231567333864244	0.0859364046909685	0.00737840087373824	0.956958855891732
Myeloids_PLEK	0.108028279545958	0.428069387095487	0.305150261772205	0.0222031412986479	0.52581776539599	3.15931030955954e-05	-0.375036843522773	0.00439986402804785	-0.0992634857391693	0.466695253425944	-0.0260372310864189	0.84893111388793	0.574483963257359	3.65895030535949e-06	0.207223291669413	0.125416651499497	0.164032731121093	0.22703740003715	0.365178766027237	0.00565069386800149	0.553716080133118	9.56953847490005e-06	-0.346847944139067	0.00882194188912511	-0.0226362268157356	0.868476006138272
Myeloids_HMOX1	-0.00665668772950182	0.961165487472388	0.329927408077126	0.013019761984574	0.378262274945293	0.00404729466490911	-0.0637053122969504	0.640894205495218	-0.0185788014425537	0.891894856095855	-0.0533096528758855	0.696379117513201	0.404948022509453	0.00196287094871493	0.0693176356149332	0.611707613695295	0.206308417218251	0.127131097093685	0.306755440611149	0.0214755470162002	0.437601401729706	0.000744477531713573	-0.321593187530609	0.0156537560462272	-0.0525999812733815	0.700229241954149
Myeloids_IGFBP6	-0.127965930615019	0.347277685351719	0.538261080844809	1.87898487404373e-05	0.534361122497461	2.21621342705685e-05	-0.0510269748302192	0.708789762175992	-0.0333390928747336	0.807286835869991	-0.109704382659971	0.420894759152851	0.441430467017225	0.000660206134229784	0.0769273844321538	0.573078091610994	0.472467368100338	0.000236334206012887	0.512136761140741	5.46644108613979e-05	0.383990623626388	0.00348216758388158	-0.438204215246102	0.000730597877658954	-0.241358457909677	0.0731296697984386
Myeloids_CYBB	-0.497106499038387	9.72376798322698e-05	0.532633245588636	2.38281610858058e-05	0.405946479676088	0.00190822043114678	0.432488101748406	0.000872126784719668	-0.316360796672934	0.0175301950659606	-0.58589064653151	2.09710634683542e-06	0.579830948583415	2.826038634308e-06	-0.283360847640495	0.0343245111659916	0.390408563519556	0.00293289697045496	0.678468685054954	9.14564192808421e-09	0.28181362202838	0.0353619072321468	-0.631131889674366	1.84204662601737e-07	-0.635366691328158	1.43757946702152e-07
Myeloids_COL7A1	-0.0555760547297354	0.68413462530278	0.0518485984314394	0.704313832951619	0.715955434209809	5.55710620403517e-10	-0.289804908088126	0.0302717819744344	-0.247180734328761	0.0662651695207375	-0.0986650016043502	0.469399486940353	0.253991128856023	0.0589009282431292	0.475018352900509	0.00021624081541949	-0.160021046687502	0.238761010763596	0.500898802511108	8.429888809518e-05	0.273930552822031	0.0410591256839816	-0.394489486430682	0.00262497008016807	-0.101211923648633	0.457949778664024
Myeloids_FCER1G	-0.0473236404269469	0.729083839914158	0.452235155061943	0.000466806682591573	0.449943245406546	0.000502905253014543	-0.0786226511340306	0.564628174442607	-0.170647096380634	0.20859041482914	-0.163340775904609	0.229030533228728	0.696099330454551	2.58284037153648e-09	0.130835525741439	0.336481475267708	0.315113132587046	0.0180049041408132	0.415601036640243	0.00144578711516675	0.649042349247908	6.28791494624831e-08	-0.492264999381717	0.000116399974839784	-0.164179840691467	0.226615214448337
Myeloids_ISG20	0.0394805021094071	0.772662431243932	0.203396202824389	0.132706570047933	0.0645099441543043	0.636675091740165	-0.0432082914035775	0.751853594560245	-0.0401733751587253	0.76878222500575	-0.0535524450756703	0.695063654254984	0.406476199954921	0.00187978101230139	0.123123571787315	0.365975385384842	0.0461537200882083	0.735534258859428	0.191906473069888	0.156507922007212	0.464474903784528	0.000310809283502986	-0.280426641020424	0.0363138350788429	-0.0288146391649717	0.833036039613054
Myeloids_EML1	-0.445490744150824	0.0005803476362782	0.669300302708667	1.70670062185432e-08	0.572158806687854	4.08812385582511e-06	0.332600212771946	0.0122600912329976	-0.325070628967889	0.014504003813448	-0.526598505276273	3.05979666263997e-05	0.565941528761972	5.47683553466848e-06	-0.179721664458205	0.185038075289254	0.528206626130259	2.8638790625298e-05	0.776632247499664	2.00095649089163e-12	0.320805402763468	0.0159247834300902	-0.726504693773353	2.32798675517605e-10	-0.551353206393019	1.06325652020733e-05
Myeloids_TFF1	-0.134859434520213	0.321700154169183	0.267166224863059	0.0465314041590179	0.0388717660996163	0.77607602395226	0.183896017441065	0.174871373834441	-0.304937374410571	0.022301185503903	-0.208766790799242	0.122563957846966	0.186062457884316	0.169757600619422	-0.144396565208797	0.288340041208996	0.11866379633413	0.383724876168737	0.222011553917807	0.100071880629864	0.112456670704819	0.409263560535181	-0.301153266337171	0.0241059298241227	-0.16189203071738	0.23324266984059
Myeloids_PDGFRL	-0.258222110100885	0.0546685942449858	0.588640623178886	1.82791766778335e-06	0.428692563142995	0.000979282599641261	0.19769989584693	0.144141260007783	-0.271438267257486	0.0430102162379251	-0.427793348531836	0.00100634418908423	0.432892006364534	0.000861369665822772	-0.228992005534289	0.0895816589717677	0.465186857267636	0.000303399121974494	0.582008095102309	2.54056512629364e-06	0.247175799004454	0.0662707616844367	-0.552835116020596	9.95377610849832e-06	-0.387575906515768	0.00316506427762247
Myeloids_KCNJ8	-0.155838730752862	0.251418320740711	0.352477881569343	0.00771457287890307	0.503032773775377	7.77328197230953e-05	0.0844830091565515	0.535875462232879	-0.232486117123159	0.0846644747759451	-0.184596695820629	0.17320537928015	0.419835904819717	0.00127675851239885	0.0028064511347897	0.983622248615352	0.163159418311161	0.229554918107609	0.509647717524376	6.02475635410055e-05	0.319654956490056	0.0163277780437682	-0.414213801734978	0.00150536224345265	-0.294094090965964	0.027802195112932
Myeloids_OASL	0.129997896140393	0.339610953762007	-0.00133453950272456	0.992211547711558	0.198158855363523	0.143193626320231	-0.0480391863679472	0.725147772517106	-0.172770692805394	0.20289832790357	0.0991853126936355	0.467047998355311	0.0877423619308348	0.520200467351365	0.100483574429853	0.461208436085952	-0.0732302535122023	0.591705515201025	0.153639111624904	0.258254548976335	0.0723859837448265	0.595996832627099	-0.0458860870699624	0.73701243735695	0.0445132999452894	0.744609320491383
Myeloids_TFEC	-0.388066948819066	0.00312368794710373	0.514161675325093	5.04780198985428e-05	0.468801255646122	0.000268199621567984	0.244288241482543	0.0696079701310142	-0.28917324423657	0.0306504974213452	-0.463628874533841	0.000319828779909375	0.752180041370293	2.34394963156522e-11	-0.17728065630981	0.191176551685028	0.376896784043791	0.00419339272921975	0.620618589531221	3.35517904718319e-07	0.469754222297523	0.000259560495840298	-0.656814653688668	3.85711601240316e-08	-0.525580752914296	3.19010601595234e-05
Myeloids_PTGFR	-0.336793578087116	0.0111451673155444	0.576204239377414	3.3688482497717e-06	0.360242474913666	0.00638681470156145	0.172103754394143	0.204674015651877	-0.256069279525714	0.0567902202655843	-0.339717985645432	0.0104204388438284	0.550011110509481	1.12841160071117e-05	-0.0918160712940385	0.500937458788251	0.484935894838829	0.000152057568028521	0.578727608715629	2.98186874635394e-06	0.360921827987594	0.00628077393896325	-0.541259439675043	1.65272308289325e-05	-0.398448768341045	0.00235401948297344
Myeloids_TUBB6	-0.159476410823432	0.240384064599269	0.464494717093949	0.000310600855166668	0.61026481007677	5.92906038060582e-07	-0.159236284938295	0.241102051242479	-0.2144037066328	0.112563112668539	-0.185865756208399	0.170217356317521	0.515445373627119	4.79791256281231e-05	0.223960738617779	0.0970512800838218	0.321786789222351	0.0155877567533101	0.587741254810223	1.91218467536688e-06	0.521866658189175	3.71033483123875e-05	-0.6325880227888	1.69224065857938e-07	-0.255607614059099	0.0572537530375822
Myeloids_IFI35	-0.253600093025781	0.0593050772502118	-0.091828534268486	0.500879095362138	0.0191410633911584	0.888643625963291	0.21249243047707	0.115881433556082	-0.293349889092074	0.0282181556015864	-0.213876505037476	0.113471070600611	-0.258370198444066	0.0545250467006256	-0.280289234040582	0.036409286340416	-0.0591903807334315	0.66477483885101	0.0694830612140674	0.61085605907709	-0.404799980095465	0.00197109179593407	-0.0281337818486107	0.836926700270007	-0.116551534641508	0.392307131806823
Myeloids_RGL1	0.344479238919595	0.00932759120841078	-0.626145463854147	2.4548155607871e-07	-0.409232910927127	0.00173779831503443	-0.204483382031891	0.130604018150545	0.196605592606095	0.146419555893385	0.341989919158432	0.00988588184098393	-0.622581732753999	3.00481355722671e-07	0.248351083426295	0.0649496893996997	-0.551362848525553	1.06280131215177e-05	-0.607959246616008	6.71200916285985e-07	-0.415086169814179	0.00146764718672986	0.573308433237271	3.87038911624822e-06	0.454358505632296	0.000435476298900419
Myeloids_BLVRA	-0.0652956248711126	0.632566367877846	0.382745024693137	0.00359873518568825	0.275077891759166	0.0401857468789806	-0.0950112432510599	0.486090053195045	-0.0132526491791564	0.922773128546458	-0.023949058450588	0.860921501901103	0.642612284633342	9.32349698236491e-08	0.0880586365149383	0.518691753370408	0.284414858937303	0.0336323823432741	0.2906666397684	0.0297614367484689	0.584975287598496	2.19461805788513e-06	-0.297244612155234	0.0260977315857051	-0.130794075165061	0.336635913911367
Myeloids_IGFBP5	-0.155420604058436	0.252708283655245	0.514597232488034	4.96170231251263e-05	0.465078432038244	0.000304517158351817	0.00748209276575704	0.956354562549992	0.00921153552984406	0.946279607592708	-0.222906949033127	0.0986753877518037	0.42064788096874	0.0012464534688075	0.0679250508113382	0.618896306882588	0.354646973463546	0.0073214191651659	0.558898799061006	7.57389322927796e-06	0.407411897191058	0.00183046868872803	-0.544192597791013	1.45603065302533e-05	-0.280634082466754	0.0361701263165482
Myeloids_PXDN	-0.256445356345997	0.0564148693985445	0.387525720593123	0.0031693202743845	0.563631395805872	6.09630954529116e-06	0.13097981203153	0.335944231686388	-0.31572923758501	0.0177691396322556	-0.303713627041355	0.0228718993106938	0.312127231806147	0.0191855930956541	0.134599344656128	0.322642912795203	0.173087281886338	0.202059254569349	0.696745431481375	2.46168034496692e-09	0.202722265579856	0.134022660690104	-0.612114071934017	5.36376693870169e-07	-0.362125226132401	0.00609671061434858
Myeloids_LHFPL2	0.00137982988328248	0.99194723892372	-0.2627653476066	0.0504018836195	0.163402162936742	0.228853224080417	-0.0992075952714222	0.466947436699579	-0.028073748991942	0.837269936815052	0.0741197618587969	0.587199239281223	-0.123235421341631	0.365536736385349	0.0710889402079853	0.602616252499302	-0.326840236900693	0.0139472338207258	-0.0223801884689962	0.869950725444456	-0.129356128211701	0.342020902386503	0.126151810932259	0.354212139840385	0.0911257307502216	0.504175748079582
Myeloids_C9orf3	-0.323425711960091	0.0150385142625605	0.24887817933597	0.064364108751977	0.407390306951006	0.00183159337344016	0.236491134540266	0.0792920716392058	-0.234863493357604	0.0814419685697534	-0.384822563478765	0.00340618355699654	0.298787675074641	0.0252954861097793	0.0476909491628034	0.727062477665624	0.0539099820085082	0.693128121209736	0.490759154558864	0.000123030401639305	0.130490927395478	0.337766743833878	-0.414258373212561	0.00150341445763479	-0.389388023945393	0.0030147401104097
Myeloids_AHNAK2	-0.297517866396174	0.0259541281337664	0.279351624730094	0.0370661677849626	0.519319256474627	4.11122294352549e-05	0.0412308088476933	0.762871283542569	-0.152386755221989	0.262202207433153	-0.306291838947717	0.0216835859485296	0.216397645923231	0.109179376708753	0.125692957845253	0.355979478594677	0.145061541175744	0.286101838287421	0.474227705999479	0.000222295233817584	0.088497594052808	0.51660145638111	-0.339726729302532	0.010418334600913	-0.360035520887296	0.00641942786411883
Myeloids_ANGPTL2	-0.269504016631891	0.0445763890130602	0.367401823566051	0.00534422930450768	0.684442958334935	6.01743067983844e-09	-0.117625126989409	0.387931008237442	-0.293479078010144	0.0281455758493398	-0.264410483920914	0.0489254244759368	0.37530745266976	0.00436927799670228	0.267116009064957	0.0465741550965658	0.133114212111034	0.32805964252317	0.622937621062231	2.94509265830763e-07	0.33028826077698	0.012914894077252	-0.55951330160802	7.36482939840415e-06	-0.29416776613386	0.0277612964413999
Myeloids_LPPR4	-0.491936675745635	0.000117817066779706	0.540856757113928	1.68156926223443e-05	0.62629723061596	2.43363428235597e-07	0.268589447347408	0.0453330361866227	-0.361323743088948	0.00621876644403991	-0.515456199070386	4.79585456400945e-05	0.339330873230977	0.0105139700935441	-0.252647045024177	0.0602994572975127	0.418483096984905	0.00132871900874376	0.750793865283637	2.67194576180176e-11	0.0803158898657615	0.556246983908651	-0.685847332163711	5.44568777980939e-09	-0.613752833272448	4.90539907560575e-07
Myeloids_HLX	-0.163463344050455	0.228676604221693	0.571272380422971	4.26373676983247e-06	0.365439361774616	0.00561398937212616	0.158017947028356	0.24476753921904	-0.209117969169931	0.121921845408211	-0.229345636210545	0.0890740636586852	0.542847116732868	1.54339599377274e-05	-0.0584369314433124	0.668793246105776	0.450071498642339	0.000500820286740601	0.55720491446494	8.17906513853715e-06	0.458326665659407	0.000381988658303667	-0.568102776659941	4.95077085006895e-06	-0.333229923307016	0.0120867733368039
Myeloids_FCGR1B	-0.101197898238795	0.458012409986555	0.345748258256643	0.00905365364730703	0.677497881311439	9.78045122736611e-09	-0.121756585259223	0.37136216043415	-0.174382521611715	0.19865201554335	-0.168893252071866	0.213375499943041	0.566174865890402	5.41763358377139e-06	0.169343699714611	0.212139241946075	0.184991800180549	0.172271043768456	0.56354722253794	6.12006540476286e-06	0.455241178977512	0.00042302320554561	-0.467877681715598	0.000276821358157442	-0.245209401949431	0.0685291101088585
Myeloids_CD163	-0.316663354626112	0.0174166983063634	0.613435057593391	4.99130916586434e-07	0.461148547236661	0.00034766046616031	0.111996744867768	0.411194170042907	-0.250208919463764	0.0629045452411509	-0.428434714343504	0.000986974725534813	0.724157283175955	2.83503110271265e-10	-0.218427980907594	0.105814758479114	0.525193903879887	3.24096615179236e-05	0.549040730815301	1.17780617786712e-05	0.494933761599577	0.000105447624369283	-0.624331028344941	2.72181220438677e-07	-0.459309427007341	0.000369698882471312
Myeloids_AIF1	-0.0104534290931972	0.93904995112775	0.446790488325357	0.000556695624861933	0.240717641954463	0.0739185175979786	-0.129576790534896	0.341191080964455	-0.0991711887444457	0.467111746024579	-0.0918869170584566	0.500605738599045	0.708849306560261	9.77202257826046e-10	0.052539545614592	0.700557466530078	0.320569298607044	0.0160067889446823	0.360747812761745	0.00630778834575976	0.658024897111243	3.56993609137931e-08	-0.470266117177373	0.000255025298891099	-0.069488770766692	0.610826677368301
Myeloids_RAB31	-0.173788488362405	0.200209567556012	0.413175845141588	0.00155136473301258	0.736076650341391	1.02031629694558e-10	-0.0607202863051209	0.656644162804474	-0.231155020728762	0.0865120513840706	-0.23366050308313	0.0830603012659372	0.490695395439555	0.000123318627408866	0.250314745707411	0.0627896253307424	0.226787167687358	0.0927976761200021	0.647810445961616	6.78567640952191e-08	0.395985859243929	0.00251947240830985	-0.54568715262448	1.36436895408998e-05	-0.312075326447962	0.0192066855451669
Myeloids_SOBP	-0.476265792652254	0.000206993784043965	0.577933916004467	3.09887760777059e-06	0.457843319262453	0.000388168150817036	0.285288723350601	0.0330673809924583	-0.201891286827439	0.135658905416371	-0.458206077295068	0.000383521937055195	0.523478652114779	3.47561805227865e-05	-0.202406454311168	0.13464275450515	0.494621776907294	0.000106677320213599	0.685838575740494	5.44908806308091e-09	0.271651818520037	0.0428401083429099	-0.628564406989662	2.136940306458e-07	-0.590100828520083	1.69844677597792e-06
Myeloids_ADAP2	0.297417599040675	0.0260067443884146	-0.612781040685665	5.17257508505759e-07	-0.437685435125337	0.000742528515428943	-0.149806086311453	0.270464138664401	0.213414167077109	0.114271923945849	0.413277074753053	0.00154682350365866	-0.68673269908599	5.11204152615877e-09	0.18364876614377	0.175462025902248	-0.480139616069936	0.000180530087699003	-0.636204121432328	1.36819105303839e-07	-0.468707996023673	0.000269058981012651	0.670324390967189	1.59354509149279e-08	0.460637673712884	0.00035365934538379
Myeloids_SLAMF8	-0.276691162845124	0.038983645194667	0.508796850378991	6.22733446510546e-05	0.425629570251578	0.00107423928793195	0.0973198948831135	0.475507922328865	-0.151295691452569	0.265674297651864	-0.382383407468126	0.00363321631165014	0.767867245831556	5.00293788524134e-12	-0.0527087804565976	0.699638493429067	0.341066991539971	0.0101001011354926	0.52897742918117	2.77413918634629e-05	0.611393149017188	5.57785668495271e-07	-0.582252502908011	2.5102537971499e-06	-0.404044534771136	0.00201352202156376
Myeloids_TMEM45A	-0.427636188179017	0.0010111423352526	0.594560172227447	1.35407744882874e-06	0.562471957616406	6.43120089273551e-06	0.327746545612624	0.0136692527662302	-0.303548811465361	0.0229496975871345	-0.512217236053728	5.44921151238357e-05	0.590664923882252	1.65076356833702e-06	-0.199895211768646	0.139650504260596	0.479169033938503	0.00018685322218227	0.697240278740173	2.37254021115462e-09	0.345283033613552	0.00915325816326061	-0.67059139846591	1.56522710816664e-08	-0.521889868262089	3.70685401243547e-05
Myeloids_AGPAT4	0.00151966262027113	0.991131198747129	0.312832045660278	0.0189011242109704	0.380220347071102	0.00384563178827843	0.0540518100013019	0.692360870737159	-0.0161432448437003	0.905997978805268	-0.0675462818529989	0.620857742303849	0.334752114278545	0.0116765066037367	0.0754044839898958	0.580718207198386	0.201756595908207	0.135925525600676	0.398262443060521	0.00236618956781509	0.317017213824741	0.0172847521629171	-0.330233760190263	0.0129306858611388	-0.155481518809398	0.252520077123519
Myeloids_PILRA	-0.0155025870715945	0.90971268752742	0.367039694578494	0.00539313430137073	0.445553835425216	0.000579178872343433	-0.121828450594004	0.37107778154411	-0.18396024854162	0.174718170146078	-0.102888591417574	0.450496259386081	0.656619125846569	3.90550611197382e-08	0.159155601981487	0.241343625785695	0.191800842006083	0.156740438987913	0.398694300962481	0.00233806725063378	0.559195606722838	7.47223566873972e-06	-0.399645251305989	0.00227718794390291	-0.0993285380281161	0.466401823634548
Myeloids_MS4A7	-0.388881816175137	0.00305608200967569	0.545186072150154	1.39448705545328e-05	0.263219600632483	0.0499906253461641	0.430053111676293	0.000939580856189142	-0.289772530205405	0.0302910987455626	-0.511164111680968	5.67868711826325e-05	0.576863723091344	3.26343028953689e-06	-0.371921717884396	0.00476577353490353	0.485173579949483	0.000150759728030473	0.538651674662505	1.84796770326338e-05	0.322798035265755	0.0152468743203505	-0.587715097333555	1.91468892302039e-06	-0.521751230892219	3.72769030064215e-05
Myeloids_PARVG	0.225542611905123	0.0946523748816364	-0.550343865772299	1.1119207760112e-05	-0.431296352853277	0.000904575388786019	0.014459473495606	0.915765016606493	0.124039167216084	0.362394014815857	0.252502828481997	0.0604510915433431	-0.784155566687452	8.81219049809596e-13	0.174497394803548	0.198351814847605	-0.474949460975604	0.00021676231284915	-0.45274839594431	0.000459052001536799	-0.624217483524205	2.7393947820933e-07	0.493905722713628	0.000109549535405126	0.33560380669705	0.0114522362046045
Myeloids_ADAMTS2	-0.128418359411437	0.345561450474262	0.130096339683159	0.339242219892362	0.819741542148894	1.11119648011323e-14	-0.190653768824553	0.159281808631419	-0.328910617782575	0.0133191983426475	-0.123079784571537	0.36614719598615	0.288023313887589	0.0313500924233203	0.309915073224304	0.020102172651004	-0.0464095332787288	0.73412225212392	0.605706498360295	7.56963410138705e-07	0.172001172614442	0.204948105718515	-0.416246336631154	0.00141880114434887	-0.233581233923122	0.0831678215806043
Myeloids_PIK3AP1	-0.288787651087876	0.0308836182021279	0.440404385282213	0.000681898818077426	0.292894743140096	0.0284751115826108	0.211061969260205	0.11841347759908	-0.202919804854453	0.133635886129793	-0.382581821084587	0.00361426109305666	0.621108007371645	3.26441476400976e-07	-0.171260150080108	0.206935762843098	0.364493084153064	0.00574827776886536	0.512441342386082	5.401493694353e-05	0.44246772539142	0.000638912746402923	-0.51902812640602	4.15949573130256e-05	-0.42216001449689	0.00119173174442691
Myeloids_BCAT1	-0.277458754947316	0.0384221966951045	0.413692275430194	0.00152832151170038	0.782807541419574	1.02313248533351e-12	-0.0228746040362039	0.867103410235629	-0.367901415400292	0.0052773990864409	-0.330589532848756	0.0128278979956606	0.474145209431269	0.00022293578114569	0.0155326597742547	0.909538274238059	0.240993296742564	0.0735783605551847	0.656424181221272	3.95432057496927e-08	0.28796639753129	0.0313850621543705	-0.601552171527956	9.42605492029464e-07	-0.392425918687962	0.00277688862239969
Myeloids_CD109	-0.456795001501711	0.000401883712606844	0.630390131416765	1.92306081174933e-07	0.657586438025433	3.6715690552115e-08	0.222276041777438	0.0996577907769439	-0.282721836037898	0.0347498552971049	-0.533140124159545	2.33278081022597e-05	0.51770446474577	4.38563274651753e-05	-0.0953735771437198	0.48442108333034	0.483248775543359	0.000161567506789465	0.784270318063048	8.70046278364927e-13	0.276154479740548	0.0393802064058554	-0.735095543201745	1.11213875921295e-10	-0.582876144016422	2.43443111445682e-06
Myeloids_PRRX1	-0.265750251185821	0.0477492603179644	0.486679438560998	0.000142769907123586	0.770587319505522	3.78087051062092e-12	-0.0661745727632036	0.627982935224912	-0.317517943218039	0.0170994977759715	-0.343765658394285	0.00948476283834934	0.630346574614028	1.92792051228079e-07	0.102484034690951	0.45228855222047	0.327924898732593	0.0136151123617719	0.726883646541134	2.25467062579575e-10	0.451488779351514	0.000478295851788476	-0.675767604992979	1.10162270451111e-08	-0.408807672434999	0.00175905502714571
Myeloids_FAM20C	-0.219206414891678	0.104546167679999	0.586270695694195	2.05782042956526e-06	0.501845682328558	8.13249990876038e-05	-0.0209999432166294	0.877908056622528	-0.165837681958793	0.221895026385512	-0.291845695837994	0.0290748264303752	0.648635989812579	6.44818032580061e-08	0.120651608000814	0.375751201731953	0.425584132438862	0.00107570814156542	0.604837303688377	7.92714362632267e-07	0.613593436750217	4.94831701271166e-07	-0.649849853599324	5.98049989414891e-08	-0.328635366435291	0.0134012678604644
Myeloids_FAM20A	0.037406648443023	0.784309064783133	0.319072878008335	0.0165349726728297	0.543638083492467	1.49146627268893e-05	-0.432220001776694	0.000879333710966892	-0.25554173102518	0.057320151175652	-0.00182405575907642	0.989354844233054	0.409286431129903	0.00173513928669186	0.020794930648343	0.879091029276399	0.22185784767257	0.100313139423592	0.35708543340841	0.00690040367860543	0.352453230996569	0.0077191444948642	-0.302863395991741	0.0232756362174066	-0.0110297285864594	0.935696658632239
Myeloids_ASPHD2	-0.289535966695611	0.0304325459889225	0.167518161342676	0.217180681473874	0.0854322609241019	0.531286538527954	0.356335639348384	0.00702755087173466	-0.251425699129581	0.0615933603655999	-0.331745424956329	0.012498778868526	0.191950430397758	0.156411237300816	-0.0299863974897385	0.826349543092455	0.146616947551974	0.280911251257728	0.299653929751769	0.0248542780795369	0.0565841630648099	0.67871380696741	-0.255918637625092	0.0569411367231443	-0.36109697681939	0.00625368579057897
Myeloids_GPX8	-0.21745035027681	0.107424744525603	0.33871854490053	0.0106633981637375	0.43436112369988	0.000823243672671202	0.124470920299032	0.36071263215051	-0.386158266389235	0.00328725438288846	-0.312167502513819	0.0191692421019207	0.325019760363973	0.0145202861331597	-0.0228354277242819	0.867328964074755	0.176409484425374	0.193402184469828	0.497819424768594	9.4674324391669e-05	0.238987465629566	0.0760821718151142	-0.509017670136229	6.17416736305986e-05	-0.382950913928973	0.00357923260900929
Myeloids_PIK3R5	-0.21272037931405	0.115481793501082	0.503272912992622	7.70241148463968e-05	0.425737541681377	0.00107075615855138	0.0467513201164683	0.732237062084837	-0.212561988809841	0.115759372002138	-0.233296369488127	0.0835551150966761	0.725464996365579	2.54092401479482e-10	-0.044447203357094	0.744975709875672	0.320558168944544	0.0160106634725284	0.581690435490751	2.58047119616687e-06	0.608170778468285	6.63633238046116e-07	-0.562168525196675	6.52162428218817e-06	-0.32836543640813	0.0134821721691653
Myeloids_FAM65C	-0.289565215708647	0.0304150274554519	0.486032859443687	0.000146151840052984	0.382908913964536	0.00358320339649152	0.0621000058649535	0.649345351493199	-0.208694637888863	0.122696203319321	-0.332057395434296	0.0124112061271483	0.453990110378197	0.000440771395247103	0.00747878109073848	0.956373861882182	0.382121013186444	0.00365841872889499	0.568015474635651	4.97107599810757e-06	0.380031621803607	0.00386467468646909	-0.605218291214707	7.76853765286311e-07	-0.37083980591542	0.0048989771586826
Myeloids_MRGPRF	-0.252917279472829	0.0600161485965116	0.753388166059568	2.08963722816884e-11	0.395063171433604	0.00258406895384527	0.0519211046151928	0.703919318496023	-0.12752788640662	0.348944366691438	-0.335250962423752	0.0115446934425893	0.667300307710033	1.94987891469723e-08	-0.167286238734096	0.217827108448136	0.703327619718026	1.49798087833046e-09	0.566385076629661	5.3648093267934e-06	0.580401327336298	2.74849002764526e-06	-0.679517522231842	8.50360519867243e-09	-0.414670059334159	0.00148553003089074
Myeloids_DDX60L	-0.589105521762442	1.78572996047279e-06	0.444950470361712	0.000590443892175156	0.372267827164434	0.00472383878886493	0.487680316427136	0.000137675800407971	-0.407736144919195	0.00181365189434212	-0.669199884485479	1.71819510018574e-08	0.256899853431652	0.0559639306936853	-0.330034503871488	0.0129885626226826	0.332720857930711	0.0122267208340904	0.661004926673619	2.94625599870042e-08	-0.021907048906238	0.87267704893306	-0.628704518585691	2.11976687114863e-07	-0.651316058492361	5.45814729377074e-08
Myeloids_TWIST2	-0.215181845842066	0.111233169004591	0.651538247562793	5.38284133205789e-08	0.526288020190275	3.099019526032e-05	0.0424692796800341	0.755965434899642	-0.148012876273861	0.276306100580964	-0.284386856521127	0.0336506192970393	0.639983281423873	1.09239752744386e-07	-0.0791072616284462	0.562223428090598	0.588120102782071	1.87625576822631e-06	0.57313918490778	3.90175155256117e-06	0.529707450433506	2.69154888080461e-05	-0.550160817782845	1.12096447938222e-05	-0.364483249889964	0.00574968802192547
Myeloids_IFIT3	-0.238082132505066	0.0772341695473031	0.122143709927031	0.369831819006279	0.48180792451621	0.000170116409879188	0.0236829597719035	0.862451752705485	-0.200276345680008	0.138881634875201	-0.194448423157854	0.150988938800769	0.261242086020816	0.0518011237131645	0.142232164451968	0.295704317854179	-0.0150334126592644	0.912434310876499	0.459585244279582	0.00036631483485941	0.0819568958937964	0.548181045807877	-0.295161742083395	0.0272144293077734	-0.286635429936831	0.0322121345743974
Myeloids_MS4A14	-0.164435593579038	0.225882532713303	0.50862337976238	6.26939620430251e-05	0.413273255535011	0.00154699462022414	-0.103898723345714	0.446038222841813	-0.144595175996643	0.28767035074327	-0.27793644393947	0.0380761792697428	0.61783219335515	3.91866520055309e-07	-0.130398063914551	0.338113625818673	0.391492883174197	0.00284810341900257	0.43806941557639	0.000733681177672625	0.509742576659573	6.00255152141445e-05	-0.582772221295505	2.44691598906098e-06	-0.296759291976812	0.0263544276345975
Myeloids_GBP5	-0.208944980207998	0.122237827086389	0.225133069580832	0.0952689675838643	0.362544101005188	0.0060337594141592	0.193932458329864	0.152097355153469	-0.310356508916166	0.0199163610600832	-0.264316651385692	0.0490086765727129	0.571194613813479	4.2794737294354e-06	0.0142848099363461	0.916778918847706	0.0744969975385858	0.585292827182896	0.502506385583332	7.93073113561946e-05	0.379320829276695	0.00393714484096637	-0.508600730892099	6.27490715907917e-05	-0.336482050942328	0.0112248747271226
Myeloids_GAS2L1	-0.274814934561926	0.0403845506739032	0.243861886651456	0.0701118821302562	0.122428385538178	0.368708902701175	0.15526552783323	0.253187846822839	-0.218654259651116	0.10544478160378	-0.315900544319129	0.0177040547998648	0.247484505871851	0.0659216958374098	-0.0401729117595501	0.768784818250898	0.197451267643906	0.144656560626238	0.316494165705558	0.0174800877177023	0.0605973378938844	0.657296129129044	-0.298457196121902	0.0254655353641279	-0.293003516563018	0.0284135253191376
Myeloids_PI3	0.281102780381877	0.0358471616829475	0.00122565924003863	0.992846962150488	-0.140409340815137	0.30200049376555	-0.276557614572827	0.0390820161179206	0.157965012435912	0.244927654989874	0.21995806331326	0.103332398329187	0.145382442949369	0.285025826424071	0.28809145262961	0.0313082703257921	-0.053478365204296	0.695464929246697	-0.0665426566392808	0.626067617151275	0.301873142799602	0.0237534268321656	-0.0420304942674658	0.758410014780999	0.262870008925897	0.0503068849865261
Stromalcells_NREP	-0.39972104304812	0.00227239706300088	0.460864822717936	0.000350980554447752	0.689862312658365	4.08092381593767e-09	0.149283505418743	0.272158050913365	-0.316106787464968	0.017625965979401	-0.425412761583234	0.0010812642483179	0.440376062696069	0.000682506618859375	-0.148360498929379	0.275167124224743	0.36132443800918	0.00621865969718637	0.647344768786255	6.98331306778898e-08	0.213392853877218	0.114308946264698	-0.604288745548445	8.16083729930487e-07	-0.500506708501481	8.55593210755397e-05
Stromalcells_PRCP	0.267288573878225	0.0464273773815962	-0.565925827097394	5.48084086178765e-06	-0.347068447048842	0.00877610515383357	-0.166569011883346	0.219834703905472	0.258864938524208	0.0540476908550447	0.352444001511328	0.00772085677242189	-0.520214149230571	3.96605372336663e-05	0.177898820986849	0.189608441007131	-0.479543864490299	0.000184387692758034	-0.480571521635387	0.000177779669530706	-0.347064116603667	0.00877700334461566	0.480569231781579	0.000177794150052244	0.423264238130289	0.00115314452878441
Stromalcells_COL1A2	-0.182698534121331	0.177745471545363	0.192349762337122	0.155534917483896	0.765551082208717	6.33151773254673e-12	-0.140381077093856	0.302098796426389	-0.391117951727412	0.00287717370383275	-0.196739386132689	0.146139575141555	0.26324794162093	0.0499650576952454	0.236081518176025	0.0798288493782353	0.0246142155684144	0.857098620967011	0.598993146263648	1.07730514780667e-06	0.133446718531924	0.326841937369913	-0.478481570206808	0.000191453555754934	-0.270629653045138	0.0436593668847669
Stromalcells_LOXL1	-0.103771506525528	0.446598323778771	0.361363153097809	0.00621271519551081	0.555647670156896	8.77473716763337e-06	-0.350681187256396	0.0080540245435219	-0.0686379505338425	0.615211747194555	-0.151947155028989	0.263597463646543	0.515804893474707	4.7299983761425e-05	0.311100395187373	0.0196065367254704	0.18053925990404	0.183014080495595	0.44313062218414	0.000625631566405446	0.513949843417591	5.0901716337456e-05	-0.494971197333672	0.000105300946962148	-0.128592478114674	0.344902354452867
Stromalcells_PRKAR2B	-0.420737200787653	0.0012431595408519	0.618293773227366	3.81957070659192e-07	0.0477067917766418	0.726975334481673	0.340723327285384	0.0101808885902539	-0.224978039087186	0.0955031901830779	-0.486370322475732	0.000144377703382902	0.549463393145568	1.15605030283847e-05	-0.492055211542725	0.000117303636350682	0.557263049052451	8.15757233164017e-06	0.537992673225433	1.90057768937163e-05	0.265500203844614	0.0479670029825552	-0.638819879798666	1.17116860963563e-07	-0.504054933426174	7.47571275813013e-05
Stromalcells_VASH1	-0.267120081027633	0.0465706872574918	0.547134538394082	1.28072318144602e-05	0.555537936294885	8.8181951611664e-06	0.0235706145452869	0.863097966167369	-0.183130355788583	0.176705135697953	-0.372804550639207	0.00465945094099927	0.628559990750526	2.13748372031534e-07	-0.0347463447267447	0.799317852140001	0.377720638267115	0.00410469991427006	0.614362209430261	4.74451626753787e-07	0.475203141292023	0.000214847653209838	-0.582862833607061	2.43602685233315e-06	-0.387172230234826	0.00319944173441018
Stromalcells_MAOB	-0.48536290865849	0.000149733188089624	0.726164097697284	2.39580591153074e-10	0.281129991033109	0.0358284853413265	0.385627890884733	0.00333403101716321	-0.284719216720801	0.0334346945419378	-0.563865365938523	6.03072665013409e-06	0.501585713542304	8.21317455332394e-05	-0.502825036172689	7.83507265920769e-05	0.674075850193575	1.23658415179121e-08	0.513569708992857	5.16702638025147e-05	0.263974122909897	0.0493135632917687	-0.537559237330181	1.93593194578639e-05	-0.526749916887207	3.04083588627344e-05
Stromalcells_COL16A1	-0.352571004750034	0.00769732382416819	0.574900130498453	3.58671031656096e-06	0.575935310511475	3.41273987442657e-06	-0.0450335536636919	0.741727394998823	0.0135585148300001	0.920996373111981	-0.425035355305885	0.00109359138129634	0.511237526825168	5.66240611751294e-05	0.0107306402046995	0.937436818407379	0.377247044688961	0.00415548073622933	0.57320594386839	3.88935268232885e-06	0.424908087302931	0.00109777669019104	-0.568484828707619	4.86281554344216e-06	-0.417906262524878	0.00135144554841799
Stromalcells_LRRC17	-0.386709738972831	0.00323923400399107	0.680943507467806	7.69870088410613e-09	0.393259008547736	0.002714642448238	0.175567550368835	0.195570636846838	-0.122096888965441	0.370016704072031	-0.4203402712742	0.00125785747595081	0.485265442074783	0.000150260850557404	-0.382768577724459	0.00359649940975	0.668783115436206	1.76668581986942e-08	0.487768105714146	0.000137237016294661	0.278308965026412	0.037808131630621	-0.573510704142361	3.83321535426373e-06	-0.455492655501872	0.000419534902352586
Stromalcells_PCDH17	-0.159730167723716	0.239626913323078	0.293457290779666	0.0281578051827883	0.718547748877871	4.50374511021305e-10	-0.0233715805542961	0.864243034612362	-0.354767191816747	0.00730014967409953	-0.225311762977425	0.0949995496543871	0.245791032968557	0.0678548137201249	0.124518167813448	0.360528924668049	0.116671534714221	0.391816554308209	0.609718792667459	6.10634789261215e-07	0.196816769983124	0.14597782099874	-0.491661495034071	0.000119016941984534	-0.284363705217595	0.0336657031037645
Stromalcells_FOXF1	-0.343891037298756	0.00945698209764018	0.478490585885789	0.000191392561817661	0.290362981053965	0.0299404466397031	0.220147061690238	0.103028921621389	-0.0910016654433249	0.504758856366634	-0.316393560264184	0.0175178743127645	0.432139503628926	0.0008815080682513	-0.122260358177714	0.369371444967488	0.385614017860121	0.00333526241777452	0.592638434363818	1.49359669430447e-06	0.26402857683745	0.049264990384811	-0.561953596088773	6.58638681961654e-06	-0.398827553727173	0.00232945015855259
Stromalcells_CILP	-0.457802430612705	0.000388695045663098	0.741067098433383	6.54324189849241e-11	0.255427036322476	0.0574358910804126	0.316357166403166	0.0175315606836172	-0.215281063063397	0.111064463660082	-0.509530099229753	6.05239362080857e-05	0.481752242477098	0.000170454931023889	-0.592312745489366	1.51853230793734e-06	0.714666800033158	6.16379946970898e-10	0.509760255341396	5.99842158892557e-05	0.222234402079894	0.0997228948469469	-0.522082920979795	3.67801834976938e-05	-0.517994288307046	4.33517142338058e-05
Stromalcells_COL6A2	0.0868077156665613	0.524671791782652	0.443496883802134	0.000618401006950158	0.534432400529585	2.20957786726596e-05	-0.476895683589725	0.000202462953760536	0.0523952635494557	0.701341278531665	-0.043921817240399	0.747890040848451	0.558479503203991	7.71969380940281e-06	0.255361809768832	0.057501796229789	0.314941276721348	0.0180711411186153	0.326955577664048	0.0139115896082724	0.626520963011817	2.40272164869144e-07	-0.395584590701861	0.00254738636621102	-0.0535530844653219	0.695060191177685
Stromalcells_RGL1	-0.358330226998166	0.0066937481267268	0.624481371631983	2.69869416844066e-07	0.387202661262394	0.00319683872372673	0.236419087110036	0.079386278185322	-0.196353528438322	0.146948116916813	-0.359483556145025	0.0065071230784372	0.618405381702219	3.79596514052608e-07	-0.237273448470903	0.0782748251726762	0.552962198073862	9.89747882703552e-06	0.614884049798474	4.61068629612356e-07	0.403926921478122	0.00202020063245519	-0.573383347810335	3.85658220129168e-06	-0.470620906587113	0.000251924485005218
Stromalcells_NFATC1	0.00617255620075066	0.963987928969163	0.376008404780778	0.00429092093661616	0.449082333103823	0.000517105534549101	-0.312514569335614	0.0190288135724867	-0.0446572976648706	0.743811300842874	-0.0759676133372011	0.577887691746287	0.592871701810613	1.47597269724694e-06	0.227319288479781	0.0920133893534871	0.226020857957191	0.0939362830293696	0.363127972414612	0.00594696111114221	0.652252144390051	5.14744643210321e-08	-0.459431493362148	0.000368197743063597	-0.176688529577586	0.192687287886021
Stromalcells_COL5A1	-0.22275654049278	0.0989089080604913	0.398594774517968	0.00234452184527857	0.5841148334082	2.29012218377409e-06	-0.120185553772433	0.37761169414799	-0.14684733040819	0.280147752598335	-0.280439622063692	0.0363048283801166	0.32031302801854	0.0160962068748142	0.101755655073765	0.455525316388907	0.245624379547002	0.06804747396067	0.493509214848908	0.000111170319262013	0.219586659575901	0.103930776869606	-0.497371992211712	9.62757397738199e-05	-0.267619750993552	0.0461467495045244
Stromalcells_C9orf3	0.442829371367969	0.000631635895866393	-0.276145828624699	0.0393866259680827	-0.37038669634222	0.00495572858543099	-0.340388550909859	0.010260123644641	0.224186249894492	0.0967064343145126	0.49065848072137	0.00012348578447429	-0.254794954024209	0.0580771260599797	0.0662110582809345	0.627792974431017	-0.111546612117743	0.413088749302985	-0.498846279246791	9.10910598105075e-05	-0.0441107597951689	0.746841565723348	0.443604828374482	0.000616284478333387	0.480226950613935	0.000179970817368627
Stromalcells_COL6A1	-0.163326324763821	0.22907228744703	0.485852579837844	0.000147107771532621	0.768066583064491	4.90193202183113e-12	-0.350899095699895	0.0080121742508382	-0.11537279190812	0.397145216255278	-0.162103140587139	0.232625580746513	0.522851518611306	3.56525481113462e-05	0.102460133054852	0.452394565141391	0.283978917835267	0.0339172282529962	0.54130827096889	1.6492563709768e-05	0.479833565673615	0.000182502516705682	-0.488653688869085	0.000132881763636417	-0.235762746671121	0.0802485630251528
Stromalcells_COL3A1	-0.0885044753684826	0.516568721663703	0.271822615751332	0.0427044550689914	0.778640920518266	1.61251582900147e-12	-0.255676297334854	0.0571845989634054	-0.152343012266815	0.262340821533582	-0.116059294495654	0.3943232651332	0.403763011118395	0.00202954114216545	0.18233469209936	0.178625466596822	0.0571921942357051	0.675452062494942	0.49767156783899	9.52007984231277e-05	0.345584787944407	0.0090885449185229	-0.378404521030275	0.00403233664420554	-0.133855612296771	0.32534840376035
Stromalcells_MAFB	-0.56803964155285	4.96544739334055e-06	0.58569175704135	2.1179434864991e-06	0.407562711367365	0.00182262961697745	0.355063306957039	0.00724798948026004	-0.368999443923313	0.00513308842270838	-0.656234294113381	4.00242053588613e-08	0.68571449663761	5.49748638374585e-09	-0.377264133560069	0.00415363880360514	0.507033749566803	6.66718509255325e-05	0.658655641910368	3.42837034508935e-08	0.331836516887615	0.0124731538055117	-0.736344410629346	9.96534918645423e-11	-0.643439635711023	8.86729052316618e-08
Stromalcells_MICALL2	0.201054545857807	0.137321601107231	-0.138377232520763	0.309121006652173	0.0646201297020884	0.636098216659507	-0.31028408178289	0.0199467471986802	0.092101022081055	0.499603925839064	0.367763109418672	0.00529582639832774	-0.103439830930765	0.448060428659357	0.0296553983665068	0.828237131056211	-0.153248021716424	0.259483011686194	-0.180117459700602	0.184056265617969	0.00121008025481453	0.992937879936402	0.250280438237803	0.062826862352425	0.295631322675429	0.0269592340516486
Stromalcells_ADAP2	-0.32222224049057	0.015440179239124	0.629985162872715	1.9686907840093e-07	0.424897665666418	0.00109812005064887	0.159896463233623	0.239131613728413	-0.203424441879944	0.132651636812392	-0.447163529089569	0.000550070259063531	0.695979271186721	2.6059668943776e-09	-0.201147617836024	0.137135905530517	0.510198525373835	5.89686881911113e-05	0.636873820576117	1.31497790871251e-07	0.472349778209897	0.000237300199932698	-0.683447762325406	6.45642062070565e-09	-0.479193325769482	0.00018669252961724
Stromalcells_TRPS1	-0.230444696496834	0.0875108561213238	0.530263947286514	2.63012232085371e-05	0.613431030583832	4.99240684810415e-07	-0.00587867009675217	0.965701473594102	-0.141834344280051	0.29707107884718	-0.240596074966627	0.074068927268897	0.574058821623612	3.73414538868842e-06	-0.0497267225889249	0.71589305894108	0.435861790075835	0.000785875931580324	0.621218830018597	3.24418448680109e-07	0.379671865573121	0.00390120577472394	-0.515435537001663	4.79978328515495e-05	-0.324423892897836	0.014712184134532
Stromalcells_AMOTL1	-0.378006364968588	0.00407432838134181	0.742197255677828	5.9086531616411e-11	0.590021160840243	1.70528380691192e-06	0.11610618948316	0.394130928940786	-0.182555237648859	0.178091675842234	-0.48009372880416	0.000180824574956891	0.661431732880659	2.86583290294918e-08	-0.146457753609538	0.281439628217663	0.634250185349641	1.53524235207034e-07	0.727561938659438	2.12887623525849e-10	0.474471718212911	0.000220410405537174	-0.717615233825888	4.85873957077533e-10	-0.522598575215171	3.60200797778507e-05
Stromalcells_STAT2	-0.409206653194252	0.00173910420094017	0.579746077006672	2.83775054156897e-06	0.450320062419703	0.000496801754328929	0.211606741853698	0.117444256257988	-0.265838883700871	0.0476722727010722	-0.521181944850659	3.81438772718879e-05	0.62654920362788	2.39884599446155e-07	-0.252105283755461	0.0608706745795956	0.457676241368228	0.000390325228608062	0.656418705572393	3.955699946618e-08	0.40497005948124	0.0019616498465917	-0.645345214985139	7.89511811606803e-08	-0.488331521064783	0.000134451309481743
Stromalcells_GPSM1	-0.210347942566529	0.119693040512023	0.520036644317406	3.99446719027027e-05	0.491425126362131	0.00012005651038193	-0.0425457062793368	0.755539885715429	-0.062038440667336	0.649670345677235	-0.171536865579551	0.206191939552194	0.349854091671717	0.00821460763725254	-0.0518508059725901	0.704301820325269	0.446988551326528	0.000553169001854701	0.482637343113095	0.000165146125832414	0.275641558780354	0.0397623141874877	-0.370679459197109	0.00491899474214594	-0.291957282976746	0.0290105368342227
Stromalcells_MRVI1	-0.499847645744675	8.7716997495074e-05	0.800662479033923	1.29305626528904e-13	0.550141033537039	1.1219460174261e-05	0.183466944335508	0.175897297184171	-0.210823485790445	0.118839684205033	-0.565918980623597	5.48258817684824e-06	0.675054063951734	1.15675680241674e-08	-0.261938769089936	0.0511572936047236	0.694481064261706	2.91153090869634e-09	0.752125714548333	2.35604987023961e-11	0.412369592977661	0.00158796175703758	-0.766133740088764	5.96880836082203e-12	-0.610080899534484	5.98822928752857e-07
Stromalcells_ZNF521	-0.327995319238125	0.0135937864439525	0.585293586591467	2.160240422184e-06	0.628064398449621	2.19929656719221e-07	0.0716520607430787	0.599738431805625	-0.235674377187337	0.0803652234920216	-0.440140091853212	0.000687589588530903	0.450802292079873	0.000489088746237131	-0.0443505410998716	0.745511633128925	0.460581598654021	0.000354323496932944	0.716975454322735	5.1174564662836e-10	0.286173626918843	0.0325033100167952	-0.698611012097391	2.14128833503228e-09	-0.431742342448058	0.000892306951786554
Stromalcells_SFMBT2	-0.57720288544382	3.21041990735251e-06	0.657654335168828	3.65565445948044e-08	0.383779726566315	0.00350166611726088	0.38021484579636	0.00384618570773001	-0.272111265108869	0.0424760018291575	-0.669795242909517	1.65109846984702e-08	0.564354617945854	5.8957011675351e-06	-0.321677689909699	0.0156249196548835	0.569360631677188	4.66664628065067e-06	0.684727671534796	5.89712444401908e-09	0.303474341212496	0.0229849231508355	-0.760476258073609	1.05095741476754e-11	-0.656731699272925	3.87757657308269e-08
Stromalcells_SHANK3	-0.265223352326985	0.04820903208585	0.390682904130765	0.0029112347204547	0.462330702634684	0.000334132106271113	-0.32507067976892	0.0145039875605805	-0.191614483150875	0.157151275970456	-0.264922655795032	0.0484730355436923	0.336720014128291	0.0111639452145567	-0.0403365239034014	0.767869378794943	0.290733105768018	0.0297223738989435	0.386578602773683	0.00325059626822112	0.197596246669754	0.144355914228561	-0.405803314753377	0.00191597222671876	-0.261001115823931	0.0520253405521865
Stromalcells_PAPPA	-0.289856019785131	0.0302413094713347	0.403408636888187	0.00204986705220119	0.532882979702754	2.35804154202513e-05	0.082100497444378	0.54747789167983	-0.374925051215545	0.00441255447164326	-0.295605997448936	0.0269729457334789	0.398596269417089	0.00234442477933435	0.0505097314426794	0.71161256267282	0.224877319871641	0.0956555983927448	0.708155885486472	1.03161204653516e-09	0.289503093027741	0.0304522455422296	-0.609849856685782	6.06334544331067e-07	-0.345821889578057	0.00903797570328339
Stromalcells_ALPK2	-0.212733854474648	0.115458201851914	0.50905177805184	6.16599247314956e-05	0.58705648637022	1.9787603697935e-06	-0.153839765829685	0.25762579238206	-0.249712747361825	0.0634456089271235	-0.280779041079021	0.0360699835493725	0.541714757507387	1.62065859140417e-05	-0.0800428520027426	0.557594468770409	0.359816801796558	0.00645405320038516	0.514964277778778	4.89019808222711e-05	0.433442531674594	0.000846900141419737	-0.524879609755972	3.28283713304236e-05	-0.268218030844663	0.0456433076211529
Stromalcells_RUNX1T1	-0.509867877968663	5.97333611157525e-05	0.741924940244885	6.05598412016684e-11	0.548329157389786	1.21529273059457e-05	0.293363032763577	0.0282107641881359	-0.227802497666397	0.0913056851862437	-0.565546552392789	5.578421293655e-06	0.640936581848902	1.03159225982582e-07	-0.336427166804005	0.0112389682447043	0.637448024223382	1.27090712930197e-07	0.746160704710064	4.11421256097126e-11	0.381758895429928	0.00369345301392977	-0.720299476849749	3.9023051957237e-10	-0.62690882267541	2.35000314024522e-07
Stromalcells_ARL10	-0.317592874154551	0.017071921792322	0.325289308886096	0.0144341855384891	0.497459511221437	9.59605573398081e-05	0.134391440826873	0.323397768695372	-0.073279003146501	0.591458148700898	-0.286971147936769	0.0320018243887877	0.349926294343825	0.00820047920775125	-0.0931103715702708	0.49489507769983	0.278806386511754	0.0374526458386779	0.481695912525301	0.000170798017440942	0.180617376066486	0.18282153828864	-0.38948798231933	0.00300663538686672	-0.404396828344209	0.00199363485663915
Stromalcells_CD84	-0.429539868706918	0.000954384189485605	0.556012771692039	8.63157264470953e-06	0.419775035882418	0.00127905670562956	0.210075383627508	0.120184242664869	-0.244656092188454	0.0691755306099889	-0.52388814163902	3.41821632539436e-05	0.728641446733826	1.94230167583652e-10	-0.315536031349342	0.0178427891513406	0.497418291482561	9.61088839858332e-05	0.561130986314345	6.8398172525263e-06	0.458367244945918	0.000381473946518785	-0.624463345213802	2.70145631054689e-07	-0.499060817505971	9.03583156198646e-05
Tcells_QPRT	0.304147438707844	0.0226681897230545	-0.378656019209671	0.00400600940893089	-0.3453018125572	0.00914921926198162	0.0600609116659933	0.660143631501381	0.271505710325909	0.04295643347516	0.377997610809676	0.00407525595994172	-0.297154052811916	0.0261454702934226	0.284565377827273	0.0335344955700452	-0.284054308642696	0.0338678247048021	-0.357062241056619	0.00690430624433194	-0.0997123177919452	0.464672744814816	0.410391964743196	0.0016810203266575	0.351962961795434	0.00781055957716284
Tcells_OAS2	0.0788314558930888	0.56359144864651	0.00643580002620399	0.962453185505214	0.231699879933627	0.0857519921234696	-0.2527900777431	0.0601493705754007	0.0289139488379503	0.832468878507556	0.0346739664758593	0.799727227953859	0.242546263276414	0.0716851880733972	0.261065736995557	0.0519651348701923	-0.0689967570671842	0.61336084141409	0.15716356539019	0.247360590184211	0.22060944059061	0.102289378831656	-0.0680000257085482	0.618508365258427	-0.0212724324810894	0.876336137425319
Tcells_PLAG1	-0.295280210729686	0.0271498567890477	-0.0283540427556546	0.835667622215755	0.117735810493293	0.387481495757853	0.209093490566085	0.121966520298826	-0.0231801130728601	0.865344833531995	-0.145757442749739	0.283771793890225	-0.0404693174443905	0.767126606230063	0.000371601271441224	0.997831281894439	-0.0399063280582025	0.770277073039888	0.173328387279488	0.201421890795809	-0.166128669595535	0.221073643806149	-0.0654568079984131	0.631724814899698	-0.138246998514582	0.309580993911205
Tcells_FMR1	-0.244286552837695	0.0696099602374406	-0.395466635204935	0.00255564395676421	0.192505491335806	0.15519415913782	0.216967157851625	0.108227408187884	-0.163920094518629	0.227361020853218	-0.0709292461050306	0.603433465835619	-0.236779069776624	0.078916459986662	0.217196462252209	0.10784592190068	-0.439493178002095	0.000701700352231118	0.182501592313901	0.178221408381983	-0.377996060899211	0.00407542020572042	0.0340207023949302	0.803424537048835	-0.118179330640998	0.385683351709029
Tcells_MST4	-0.109719240473554	0.420831468049989	-0.404296391404439	0.00199928664818082	-0.0301604125827646	0.825357577930187	0.271881646484024	0.0426576529040582	-0.246325277158223	0.0672401366216038	0.0508373813341627	0.709823999589037	-0.164196232243719	0.226568206519969	0.106002735534785	0.436831415141974	-0.391681021693558	0.00283361453222291	0.0394248926544561	0.77297409459811	-0.287807709709563	0.0314827326193819	0.0675009935289749	0.621092441339927	-0.0670900200890056	0.623223952283197
